         0	 5.00000e-01	 5.00000e-04	 1.00000e+00
        20	 5.00003e-01	 1.04998e-02	 9.99948e-01
        40	 5.00005e-01	 2.04987e-02	 9.99795e-01
        60	 5.00008e-01	 3.04955e-02	 9.99543e-01
        80	 5.00010e-01	 4.04893e-02	 9.99190e-01
       100	 5.00013e-01	 5.04792e-02	 9.98738e-01
       120	 5.00015e-01	 6.04640e-02	 9.98186e-01
       140	 5.00018e-01	 7.04428e-02	 9.97533e-01
       160	 5.00020e-01	 8.04147e-02	 9.96782e-01
       180	 5.00023e-01	 9.03786e-02	 9.95930e-01
       200	 5.00025e-01	 1.00333e-01	 9.94979e-01
       220	 5.00028e-01	 1.10278e-01	 9.93929e-01
       240	 5.00030e-01	 1.20212e-01	 9.92779e-01
       260	 5.00033e-01	 1.30134e-01	 9.91529e-01
       280	 5.00035e-01	 1.40043e-01	 9.90181e-01
       300	 5.00038e-01	 1.49938e-01	 9.88733e-01
       320	 5.00040e-01	 1.59818e-01	 9.87187e-01
       340	 5.00043e-01	 1.69682e-01	 9.85542e-01
       360	 5.00045e-01	 1.79530e-01	 9.83798e-01
       380	 5.00048e-01	 1.89359e-01	 9.81956e-01
       400	 5.00050e-01	 1.99169e-01	 9.80016e-01
       420	 5.00053e-01	 2.08960e-01	 9.77978e-01
       440	 5.00055e-01	 2.18730e-01	 9.75842e-01
       460	 5.00058e-01	 2.28477e-01	 9.73608e-01
       480	 5.00060e-01	 2.38203e-01	 9.71277e-01
       500	 5.00063e-01	 2.47904e-01	 9.68849e-01
       520	 5.00065e-01	 2.57580e-01	 9.66324e-01
       540	 5.00068e-01	 2.67231e-01	 9.63703e-01
       560	 5.00070e-01	 2.76856e-01	 9.60985e-01
       580	 5.00073e-01	 2.86452e-01	 9.58170e-01
       600	 5.00075e-01	 2.96020e-01	 9.55260e-01
       620	 5.00078e-01	 3.05558e-01	 9.52255e-01
       640	 5.00080e-01	 3.15066e-01	 9.49154e-01
       660	 5.00083e-01	 3.24543e-01	 9.45958e-01
       680	 5.00085e-01	 3.33987e-01	 9.42668e-01
       700	 5.00088e-01	 3.43398e-01	 9.39283e-01
       720	 5.00090e-01	 3.52774e-01	 9.35805e-01
       740	 5.00093e-01	 3.62115e-01	 9.32233e-01
       760	 5.00095e-01	 3.71420e-01	 9.28567e-01
       780	 5.00098e-01	 3.80688e-01	 9.24809e-01
       800	 5.00100e-01	 3.89918e-01	 9.20958e-01
       820	 5.00103e-01	 3.99109e-01	 9.17016e-01
       840	 5.00105e-01	 4.08260e-01	 9.12981e-01
       860	 5.00108e-01	 4.17370e-01	 9.08855e-01
       880	 5.00110e-01	 4.26439e-01	 9.04638e-01
       900	 5.00113e-01	 4.35465e-01	 9.00331e-01
       920	 5.00115e-01	 4.44447e-01	 8.95934e-01
       940	 5.00118e-01	 4.53385e-01	 8.91447e-01
       960	 5.00120e-01	 4.62278e-01	 8.86870e-01
       980	 5.00123e-01	 4.71125e-01	 8.82206e-01
      1000	 5.00125e-01	 4.79924e-01	 8.77453e-01
      1020	 5.00128e-01	 4.88676e-01	 8.72612e-01
      1040	 5.00130e-01	 4.97379e-01	 8.67684e-01
      1060	 5.00133e-01	 5.06032e-01	 8.62669e-01
      1080	 5.00135e-01	 5.14634e-01	 8.57567e-01
      1100	 5.00138e-01	 5.23185e-01	 8.52380e-01
      1120	 5.00140e-01	 5.31684e-01	 8.47108e-01
      1140	 5.00143e-01	 5.40130e-01	 8.41751e-01
      1160	 5.00145e-01	 5.48522e-01	 8.36310e-01
      1180	 5.00148e-01	 5.56859e-01	 8.30785e-01
      1200	 5.00150e-01	 5.65140e-01	 8.25177e-01
      1220	 5.00153e-01	 5.73365e-01	 8.19487e-01
      1240	 5.00155e-01	 5.81532e-01	 8.13714e-01
      1260	 5.00158e-01	 5.89642e-01	 8.07860e-01
      1280	 5.00160e-01	 5.97692e-01	 8.01925e-01
      1300	 5.00163e-01	 6.05683e-01	 7.95911e-01
      1320	 5.00165e-01	 6.13613e-01	 7.89816e-01
      1340	 5.00168e-01	 6.21482e-01	 7.83642e-01
      1360	 5.00170e-01	 6.29289e-01	 7.77391e-01
      1380	 5.00173e-01	 6.37033e-01	 7.71061e-01
      1400	 5.00175e-01	 6.44713e-01	 7.64654e-01
      1420	 5.00178e-01	 6.52329e-01	 7.58171e-01
      1440	 5.00180e-01	 6.59879e-01	 7.51611e-01
      1460	 5.00183e-01	 6.67364e-01	 7.44977e-01
      1480	 5.00185e-01	 6.74782e-01	 7.38268e-01
      1500	 5.00188e-01	 6.82132e-01	 7.31485e-01
      1520	 5.00190e-01	 6.89415e-01	 7.24629e-01
      1540	 5.00193e-01	 6.96628e-01	 7.17701e-01
      1560	 5.00195e-01	 7.03772e-01	 7.10701e-01
      1580	 5.00198e-01	 7.10846e-01	 7.03629e-01
      1600	 5.00200e-01	 7.17848e-01	 6.96487e-01
      1620	 5.00203e-01	 7.24779e-01	 6.89276e-01
      1640	 5.00205e-01	 7.31637e-01	 6.81995e-01
      1660	 5.00208e-01	 7.38422e-01	 6.74647e-01
      1680	 5.00210e-01	 7.45133e-01	 6.67231e-01
      1700	 5.00213e-01	 7.51770e-01	 6.59748e-01
      1720	 5.00215e-01	 7.58332e-01	 6.52199e-01
      1740	 5.00218e-01	 7.64818e-01	 6.44585e-01
      1760	 5.00220e-01	 7.71227e-01	 6.36906e-01
      1780	 5.00223e-01	 7.77559e-01	 6.29164e-01
      1800	 5.00225e-01	 7.83814e-01	 6.21358e-01
      1820	 5.00228e-01	 7.89990e-01	 6.13491e-01
      1840	 5.00230e-01	 7.96088e-01	 6.05562e-01
      1860	 5.00233e-01	 8.02105e-01	 5.97572e-01
      1880	 5.00235e-01	 8.08043e-01	 5.89523e-01
      1900	 5.00238e-01	 8.13900e-01	 5.81415e-01
      1920	 5.00240e-01	 8.19675e-01	 5.73248e-01
      1940	 5.00243e-01	 8.25368e-01	 5.65024e-01
      1960	 5.00245e-01	 8.30979e-01	 5.56744e-01
      1980	 5.00248e-01	 8.36507e-01	 5.48408e-01
      2000	 5.00250e-01	 8.41952e-01	 5.40017e-01
      2020	 5.00253e-01	 8.47312e-01	 5.31572e-01
      2040	 5.00255e-01	 8.52587e-01	 5.23073e-01
      2060	 5.00258e-01	 8.57777e-01	 5.14523e-01
      2080	 5.00260e-01	 8.62882e-01	 5.05921e-01
      2100	 5.00263e-01	 8.67900e-01	 4.97268e-01
      2120	 5.00265e-01	 8.72831e-01	 4.88565e-01
      2140	 5.00268e-01	 8.77675e-01	 4.79814e-01
      2160	 5.00270e-01	 8.82432e-01	 4.71015e-01
      2180	 5.00273e-01	 8.87100e-01	 4.62168e-01
      2200	 5.00275e-01	 8.91679e-01	 4.53275e-01
      2220	 5.00278e-01	 8.96170e-01	 4.44337e-01
      2240	 5.00280e-01	 9.00570e-01	 4.35354e-01
      2260	 5.00283e-01	 9.04881e-01	 4.26328e-01
      2280	 5.00285e-01	 9.09101e-01	 4.17259e-01
      2300	 5.00288e-01	 9.13231e-01	 4.08148e-01
      2320	 5.00290e-01	 9.17269e-01	 3.98997e-01
      2340	 5.00293e-01	 9.21215e-01	 3.89805e-01
      2360	 5.00295e-01	 9.25069e-01	 3.80575e-01
      2380	 5.00298e-01	 9.28831e-01	 3.71306e-01
      2400	 5.00300e-01	 9.32500e-01	 3.62000e-01
      2420	 5.00303e-01	 9.36076e-01	 3.52658e-01
      2440	 5.00305e-01	 9.39558e-01	 3.43281e-01
      2460	 5.00308e-01	 9.42946e-01	 3.33869e-01
      2480	 5.00310e-01	 9.46240e-01	 3.24424e-01
      2500	 5.00313e-01	 9.49439e-01	 3.14946e-01
      2520	 5.00315e-01	 9.52543e-01	 3.05437e-01
      2540	 5.00318e-01	 9.55552e-01	 2.95897e-01
      2560	 5.00320e-01	 9.58466e-01	 2.86328e-01
      2580	 5.00323e-01	 9.61284e-01	 2.76730e-01
      2600	 5.00325e-01	 9.64005e-01	 2.67104e-01
      2620	 5.00328e-01	 9.66630e-01	 2.57451e-01
      2640	 5.00330e-01	 9.69159e-01	 2.47773e-01
      2660	 5.00333e-01	 9.71591e-01	 2.38070e-01
      2680	 5.00335e-01	 9.73925e-01	 2.28343e-01
      2700	 5.00338e-01	 9.76162e-01	 2.18593e-01
      2720	 5.00340e-01	 9.78302e-01	 2.08821e-01
      2740	 5.00343e-01	 9.80343e-01	 1.99028e-01
      2760	 5.00345e-01	 9.82287e-01	 1.89215e-01
      2780	 5.00348e-01	 9.84133e-01	 1.79384e-01
      2800	 5.00350e-01	 9.85880e-01	 1.69534e-01
      2820	 5.00353e-01	 9.87528e-01	 1.59667e-01
      2840	 5.00355e-01	 9.89078e-01	 1.49784e-01
      2860	 5.00358e-01	 9.90529e-01	 1.39887e-01
      2880	 5.00360e-01	 9.91881e-01	 1.29975e-01
      2900	 5.00363e-01	 9.93133e-01	 1.20050e-01
      2920	 5.00365e-01	 9.94286e-01	 1.10113e-01
      2940	 5.00368e-01	 9.95340e-01	 1.00165e-01
      2960	 5.00370e-01	 9.96295e-01	 9.02072e-02
      2980	 5.00373e-01	 9.97149e-01	 8.02401e-02
      3000	 5.00375e-01	 9.97904e-01	 7.02649e-02
      3020	 5.00378e-01	 9.98560e-01	 6.02827e-02
      3040	 5.00380e-01	 9.99115e-01	 5.02944e-02
      3060	 5.00383e-01	 9.99571e-01	 4.03010e-02
      3080	 5.00385e-01	 9.99926e-01	 3.03035e-02
      3100	 5.00388e-01	 1.00018e+00	 2.03029e-02
      3120	 5.00390e-01	 1.00034e+00	 1.03003e-02
      3140	 5.00393e-01	 1.00039e+00	 2.96574e-04
      3160	 5.00395e-01	 1.00035e+00	-9.70722e-03
      3180	 5.00398e-01	 1.00020e+00	-1.97101e-02
      3200	 5.00400e-01	 9.99959e-01	-2.97111e-02
      3220	 5.00403e-01	 9.99614e-01	-3.97091e-02
      3240	 5.00405e-01	 9.99170e-01	-4.97032e-02
      3260	 5.00408e-01	 9.98625e-01	-5.96924e-02
      3280	 5.00410e-01	 9.97981e-01	-6.96757e-02
      3300	 5.00413e-01	 9.97237e-01	-7.96520e-02
      3320	 5.00415e-01	 9.96393e-01	-8.96205e-02
      3340	 5.00418e-01	 9.95449e-01	-9.95800e-02
      3360	 5.00420e-01	 9.94406e-01	-1.09530e-01
      3380	 5.00423e-01	 9.93264e-01	-1.19468e-01
      3400	 5.00425e-01	 9.92022e-01	-1.29395e-01
      3420	 5.00428e-01	 9.90681e-01	-1.39309e-01
      3440	 5.00430e-01	 9.89241e-01	-1.49209e-01
      3460	 5.00433e-01	 9.87702e-01	-1.59094e-01
      3480	 5.00435e-01	 9.86064e-01	-1.68964e-01
      3500	 5.00438e-01	 9.84327e-01	-1.78816e-01
      3520	 5.00440e-01	 9.82493e-01	-1.88651e-01
      3540	 5.00443e-01	 9.80559e-01	-1.98467e-01
      3560	 5.00445e-01	 9.78528e-01	-2.08263e-01
      3580	 5.00448e-01	 9.76399e-01	-2.18038e-01
      3600	 5.00450e-01	 9.74172e-01	-2.27791e-01
      3620	 5.00453e-01	 9.71848e-01	-2.37522e-01
      3640	 5.00455e-01	 9.69427e-01	-2.47229e-01
      3660	 5.00458e-01	 9.66909e-01	-2.56912e-01
      3680	 5.00460e-01	 9.64294e-01	-2.66568e-01
      3700	 5.00463e-01	 9.61582e-01	-2.76198e-01
      3720	 5.00465e-01	 9.58774e-01	-2.85801e-01
      3740	 5.00468e-01	 9.55871e-01	-2.95375e-01
      3760	 5.00470e-01	 9.52872e-01	-3.04920e-01
      3780	 5.00473e-01	 9.49777e-01	-3.14434e-01
      3800	 5.00475e-01	 9.46588e-01	-3.23916e-01
      3820	 5.00478e-01	 9.43304e-01	-3.33367e-01
      3840	 5.00480e-01	 9.39926e-01	-3.42784e-01
      3860	 5.00483e-01	 9.36453e-01	-3.52167e-01
      3880	 5.00485e-01	 9.32887e-01	-3.61514e-01
      3900	 5.00488e-01	 9.29228e-01	-3.70826e-01
      3920	 5.00490e-01	 9.25475e-01	-3.80100e-01
      3940	 5.00493e-01	 9.21630e-01	-3.89337e-01
      3960	 5.00495e-01	 9.17693e-01	-3.98535e-01
      3980	 5.00498e-01	 9.13664e-01	-4.07693e-01
      4000	 5.00500e-01	 9.09544e-01	-4.16810e-01
      4020	 5.00503e-01	 9.05333e-01	-4.25885e-01
      4040	 5.00505e-01	 9.01031e-01	-4.34918e-01
      4060	 5.00508e-01	 8.96639e-01	-4.43908e-01
      4080	 5.00510e-01	 8.92158e-01	-4.52853e-01
      4100	 5.00513e-01	 8.87587e-01	-4.61753e-01
      4120	 5.00515e-01	 8.82927e-01	-4.70607e-01
      4140	 5.00518e-01	 8.78179e-01	-4.79413e-01
      4160	 5.00520e-01	 8.73343e-01	-4.88172e-01
      4180	 5.00523e-01	 8.68420e-01	-4.96882e-01
      4200	 5.00525e-01	 8.63410e-01	-5.05543e-01
      4220	 5.00528e-01	 8.58314e-01	-5.14153e-01
      4240	 5.00530e-01	 8.53132e-01	-5.22711e-01
      4260	 5.00533e-01	 8.47864e-01	-5.31218e-01
      4280	 5.00535e-01	 8.42512e-01	-5.39671e-01
      4300	 5.00538e-01	 8.37075e-01	-5.48070e-01
      4320	 5.00540e-01	 8.31555e-01	-5.56415e-01
      4340	 5.00543e-01	 8.25951e-01	-5.64704e-01
      4360	 5.00545e-01	 8.20265e-01	-5.72937e-01
      4380	 5.00548e-01	 8.14497e-01	-5.81112e-01
      4400	 5.00550e-01	 8.08647e-01	-5.89229e-01
      4420	 5.00553e-01	 8.02716e-01	-5.97288e-01
      4440	 5.00555e-01	 7.96705e-01	-6.05286e-01
      4460	 5.00558e-01	 7.90615e-01	-6.13224e-01
      4480	 5.00560e-01	 7.84445e-01	-6.21101e-01
      4500	 5.00563e-01	 7.78197e-01	-6.28916e-01
      4520	 5.00565e-01	 7.71871e-01	-6.36668e-01
      4540	 5.00568e-01	 7.65468e-01	-6.44357e-01
      4560	 5.00570e-01	 7.58988e-01	-6.51980e-01
      4580	 5.00573e-01	 7.52432e-01	-6.59539e-01
      4600	 5.00575e-01	 7.45801e-01	-6.67032e-01
      4620	 5.00578e-01	 7.39095e-01	-6.74458e-01
      4640	 5.00580e-01	 7.32316e-01	-6.81817e-01
      4660	 5.00583e-01	 7.25463e-01	-6.89108e-01
      4680	 5.00585e-01	 7.18537e-01	-6.96330e-01
      4700	 5.00588e-01	 7.11540e-01	-7.03482e-01
      4720	 5.00590e-01	 7.04472e-01	-7.10564e-01
      4740	 5.00593e-01	 6.97333e-01	-7.17575e-01
      4760	 5.00595e-01	 6.90124e-01	-7.24514e-01
      4780	 5.00598e-01	 6.82846e-01	-7.31380e-01
      4800	 5.00600e-01	 6.75500e-01	-7.38174e-01
      4820	 5.00603e-01	 6.68086e-01	-7.44894e-01
      4840	 5.00605e-01	 6.60606e-01	-7.51539e-01
      4860	 5.00608e-01	 6.53059e-01	-7.58110e-01
      4880	 5.00610e-01	 6.45447e-01	-7.64604e-01
      4900	 5.00613e-01	 6.37770e-01	-7.71022e-01
      4920	 5.00616e-01	 6.30030e-01	-7.77363e-01
      4940	 5.00618e-01	 6.22226e-01	-7.83626e-01
      4960	 5.00621e-01	 6.14361e-01	-7.89811e-01
      4980	 5.00623e-01	 6.06434e-01	-7.95917e-01
      5000	 5.00626e-01	 5.98446e-01	-8.01944e-01
      5020	 5.00628e-01	 5.90398e-01	-8.07890e-01
      5040	 5.00631e-01	 5.82291e-01	-8.13756e-01
      5060	 5.00633e-01	 5.74126e-01	-8.19540e-01
      5080	 5.00636e-01	 5.65903e-01	-8.25242e-01
      5100	 5.00638e-01	 5.57624e-01	-8.30862e-01
      5120	 5.00641e-01	 5.49289e-01	-8.36398e-01
      5140	 5.00643e-01	 5.40899e-01	-8.41852e-01
      5160	 5.00646e-01	 5.32455e-01	-8.47220e-01
      5180	 5.00648e-01	 5.23958e-01	-8.52505e-01
      5200	 5.00651e-01	 5.15408e-01	-8.57704e-01
      5220	 5.00653e-01	 5.06807e-01	-8.62817e-01
      5240	 5.00656e-01	 4.98155e-01	-8.67844e-01
      5260	 5.00658e-01	 4.89453e-01	-8.72784e-01
      5280	 5.00661e-01	 4.80702e-01	-8.77637e-01
      5300	 5.00663e-01	 4.71902e-01	-8.82403e-01
      5320	 5.00666e-01	 4.63056e-01	-8.87080e-01
      5340	 5.00668e-01	 4.54163e-01	-8.91668e-01
      5360	 5.00671e-01	 4.45225e-01	-8.96167e-01
      5380	 5.00673e-01	 4.36243e-01	-9.00577e-01
      5400	 5.00676e-01	 4.27216e-01	-9.04896e-01
      5420	 5.00678e-01	 4.18147e-01	-9.09125e-01
      5440	 5.00681e-01	 4.09036e-01	-9.13264e-01
      5460	 5.00683e-01	 3.99884e-01	-9.17311e-01
      5480	 5.00686e-01	 3.90692e-01	-9.21266e-01
      5500	 5.00688e-01	 3.81461e-01	-9.25129e-01
      5520	 5.00691e-01	 3.72192e-01	-9.28900e-01
      5540	 5.00693e-01	 3.62885e-01	-9.32577e-01
      5560	 5.00696e-01	 3.53543e-01	-9.36162e-01
      5580	 5.00698e-01	 3.44164e-01	-9.39653e-01
      5600	 5.00701e-01	 3.34752e-01	-9.43050e-01
      5620	 5.00703e-01	 3.25305e-01	-9.46352e-01
      5640	 5.00706e-01	 3.15826e-01	-9.49560e-01
      5660	 5.00708e-01	 3.06316e-01	-9.52674e-01
      5680	 5.00711e-01	 2.96775e-01	-9.55691e-01
      5700	 5.00713e-01	 2.87204e-01	-9.58614e-01
      5720	 5.00716e-01	 2.77604e-01	-9.61440e-01
      5740	 5.00718e-01	 2.67977e-01	-9.64170e-01
      5760	 5.00721e-01	 2.58323e-01	-9.66804e-01
      5780	 5.00723e-01	 2.48642e-01	-9.69342e-01
      5800	 5.00726e-01	 2.38937e-01	-9.71782e-01
      5820	 5.00728e-01	 2.29208e-01	-9.74125e-01
      5840	 5.00731e-01	 2.19456e-01	-9.76371e-01
      5860	 5.00733e-01	 2.09682e-01	-9.78519e-01
      5880	 5.00736e-01	 1.99887e-01	-9.80569e-01
      5900	 5.00738e-01	 1.90072e-01	-9.82522e-01
      5920	 5.00741e-01	 1.80238e-01	-9.84376e-01
      5940	 5.00743e-01	 1.70386e-01	-9.86131e-01
      5960	 5.00746e-01	 1.60517e-01	-9.87788e-01
      5980	 5.00748e-01	 1.50631e-01	-9.89347e-01
      6000	 5.00751e-01	 1.40731e-01	-9.90806e-01
      6020	 5.00753e-01	 1.30816e-01	-9.92166e-01
      6040	 5.00756e-01	 1.20888e-01	-9.93427e-01
      6060	 5.00758e-01	 1.10949e-01	-9.94589e-01
      6080	 5.00761e-01	 1.00998e-01	-9.95651e-01
      6100	 5.00763e-01	 9.10364e-02	-9.96614e-01
      6120	 5.00766e-01	 8.10661e-02	-9.97477e-01
      6140	 5.00768e-01	 7.10876e-02	-9.98240e-01
      6160	 5.00771e-01	 6.11020e-02	-9.98903e-01
      6180	 5.00773e-01	 5.11102e-02	-9.99467e-01
      6200	 5.00776e-01	 4.11132e-02	-9.99931e-01
      6220	 5.00778e-01	 3.11121e-02	-1.00029e+00
      6240	 5.00781e-01	 2.11078e-02	-1.00056e+00
      6260	 5.00783e-01	 1.11014e-02	-1.00072e+00
      6280	 5.00786e-01	 1.09377e-03	-1.00078e+00
      6300	 5.00788e-01	-8.91398e-03	-1.00075e+00
      6320	 5.00791e-01	-1.89209e-02	-1.00061e+00
      6340	 5.00793e-01	-2.89260e-02	-1.00037e+00
      6360	 5.00796e-01	-3.89282e-02	-1.00004e+00
      6380	 5.00798e-01	-4.89266e-02	-9.99601e-01
      6400	 5.00801e-01	-5.89201e-02	-9.99065e-01
      6420	 5.00803e-01	-6.89078e-02	-9.98428e-01
      6440	 5.00806e-01	-7.88887e-02	-9.97691e-01
      6460	 5.00808e-01	-8.88617e-02	-9.96855e-01
      6480	 5.00811e-01	-9.88259e-02	-9.95919e-01
      6500	 5.00813e-01	-1.08780e-01	-9.94884e-01
      6520	 5.00816e-01	-1.18724e-01	-9.93749e-01
      6540	 5.00818e-01	-1.28656e-01	-9.92514e-01
      6560	 5.00821e-01	-1.38574e-01	-9.91180e-01
      6580	 5.00823e-01	-1.48479e-01	-9.89748e-01
      6600	 5.00826e-01	-1.58370e-01	-9.88216e-01
      6620	 5.00828e-01	-1.68244e-01	-9.86585e-01
      6640	 5.00831e-01	-1.78102e-01	-9.84856e-01
      6660	 5.00833e-01	-1.87942e-01	-9.83028e-01
      6680	 5.00836e-01	-1.97763e-01	-9.81102e-01
      6700	 5.00838e-01	-2.07565e-01	-9.79078e-01
      6720	 5.00841e-01	-2.17345e-01	-9.76956e-01
      6740	 5.00843e-01	-2.27105e-01	-9.74736e-01
      6760	 5.00846e-01	-2.36841e-01	-9.72419e-01
      6780	 5.00848e-01	-2.46554e-01	-9.70004e-01
      6800	 5.00851e-01	-2.56242e-01	-9.67493e-01
      6820	 5.00853e-01	-2.65905e-01	-9.64884e-01
      6840	 5.00856e-01	-2.75541e-01	-9.62179e-01
      6860	 5.00858e-01	-2.85149e-01	-9.59378e-01
      6880	 5.00861e-01	-2.94729e-01	-9.56481e-01
      6900	 5.00863e-01	-3.04280e-01	-9.53489e-01
      6920	 5.00866e-01	-3.13800e-01	-9.50401e-01
      6940	 5.00868e-01	-3.23289e-01	-9.47217e-01
      6960	 5.00871e-01	-3.32746e-01	-9.43940e-01
      6980	 5.00873e-01	-3.42169e-01	-9.40567e-01
      7000	 5.00876e-01	-3.51559e-01	-9.37101e-01
      7020	 5.00878e-01	-3.60913e-01	-9.33541e-01
      7040	 5.00881e-01	-3.70231e-01	-9.29888e-01
      7060	 5.00883e-01	-3.79512e-01	-9.26141e-01
      7080	 5.00886e-01	-3.88755e-01	-9.22302e-01
      7100	 5.00888e-01	-3.97960e-01	-9.18371e-01
      7120	 5.00891e-01	-4.07124e-01	-9.14348e-01
      7140	 5.00893e-01	-4.16248e-01	-9.10233e-01
      7160	 5.00896e-01	-4.25331e-01	-9.06027e-01
      7180	 5.00898e-01	-4.34371e-01	-9.01731e-01
      7200	 5.00901e-01	-4.43367e-01	-8.97345e-01
      7220	 5.00903e-01	-4.52320e-01	-8.92868e-01
      7240	 5.00906e-01	-4.61227e-01	-8.88303e-01
      7260	 5.00908e-01	-4.70088e-01	-8.83648e-01
      7280	 5.00911e-01	-4.78902e-01	-8.78906e-01
      7300	 5.00913e-01	-4.87668e-01	-8.74075e-01
      7320	 5.00916e-01	-4.96385e-01	-8.69157e-01
      7340	 5.00918e-01	-5.05053e-01	-8.64152e-01
      7360	 5.00921e-01	-5.13671e-01	-8.59060e-01
      7380	 5.00923e-01	-5.22237e-01	-8.53883e-01
      7400	 5.00926e-01	-5.30751e-01	-8.48620e-01
      7420	 5.00928e-01	-5.39212e-01	-8.43272e-01
      7440	 5.00931e-01	-5.47619e-01	-8.37840e-01
      7460	 5.00933e-01	-5.55971e-01	-8.32324e-01
      7480	 5.00936e-01	-5.64267e-01	-8.26725e-01
      7500	 5.00939e-01	-5.72508e-01	-8.21043e-01
      7520	 5.00941e-01	-5.80691e-01	-8.15279e-01
      7540	 5.00944e-01	-5.88816e-01	-8.09434e-01
      7560	 5.00946e-01	-5.96882e-01	-8.03507e-01
      7580	 5.00949e-01	-6.04889e-01	-7.97500e-01
      7600	 5.00951e-01	-6.12835e-01	-7.91413e-01
      7620	 5.00954e-01	-6.20720e-01	-7.85248e-01
      7640	 5.00956e-01	-6.28543e-01	-7.79003e-01
      7660	 5.00959e-01	-6.36303e-01	-7.72681e-01
      7680	 5.00961e-01	-6.43999e-01	-7.66281e-01
      7700	 5.00964e-01	-6.51631e-01	-7.59805e-01
      7720	 5.00966e-01	-6.59198e-01	-7.53253e-01
      7740	 5.00969e-01	-6.66700e-01	-7.46625e-01
      7760	 5.00971e-01	-6.74134e-01	-7.39923e-01
      7780	 5.00974e-01	-6.81501e-01	-7.33146e-01
      7800	 5.00976e-01	-6.88800e-01	-7.26296e-01
      7820	 5.00979e-01	-6.96030e-01	-7.19374e-01
      7840	 5.00981e-01	-7.03191e-01	-7.12380e-01
      7860	 5.00984e-01	-7.10281e-01	-7.05314e-01
      7880	 5.00986e-01	-7.17300e-01	-6.98178e-01
      7900	 5.00989e-01	-7.24248e-01	-6.90972e-01
      7920	 5.00991e-01	-7.31123e-01	-6.83697e-01
      7940	 5.00994e-01	-7.37925e-01	-6.76353e-01
      7960	 5.00996e-01	-7.44654e-01	-6.68942e-01
      7980	 5.00999e-01	-7.51308e-01	-6.61463e-01
      8000	 5.01001e-01	-7.57887e-01	-6.53919e-01
      8020	 5.01004e-01	-7.64390e-01	-6.46309e-01
      8040	 5.01006e-01	-7.70816e-01	-6.38635e-01
      8060	 5.01009e-01	-7.77166e-01	-6.30896e-01
      8080	 5.01011e-01	-7.83438e-01	-6.23095e-01
      8100	 5.01014e-01	-7.89632e-01	-6.15231e-01
      8120	 5.01016e-01	-7.95746e-01	-6.07306e-01
      8140	 5.01019e-01	-8.01782e-01	-5.99319e-01
      8160	 5.01021e-01	-8.07737e-01	-5.91273e-01
      8180	 5.01024e-01	-8.13611e-01	-5.83168e-01
      8200	 5.01026e-01	-8.19404e-01	-5.75004e-01
      8220	 5.01029e-01	-8.25115e-01	-5.66783e-01
      8240	 5.01031e-01	-8.30743e-01	-5.58505e-01
      8260	 5.01034e-01	-8.36289e-01	-5.50171e-01
      8280	 5.01036e-01	-8.41751e-01	-5.41782e-01
      8300	 5.01039e-01	-8.47129e-01	-5.33339e-01
      8320	 5.01041e-01	-8.52422e-01	-5.24843e-01
      8340	 5.01044e-01	-8.57629e-01	-5.16294e-01
      8360	 5.01046e-01	-8.62752e-01	-5.07693e-01
      8380	 5.01049e-01	-8.67788e-01	-4.99041e-01
      8400	 5.01051e-01	-8.72737e-01	-4.90340e-01
      8420	 5.01054e-01	-8.77598e-01	-4.81589e-01
      8440	 5.01056e-01	-8.82373e-01	-4.72791e-01
      8460	 5.01059e-01	-8.87059e-01	-4.63945e-01
      8480	 5.01061e-01	-8.91656e-01	-4.55052e-01
      8500	 5.01064e-01	-8.96164e-01	-4.46114e-01
      8520	 5.01066e-01	-9.00582e-01	-4.37131e-01
      8540	 5.01069e-01	-9.04911e-01	-4.28105e-01
      8560	 5.01071e-01	-9.09149e-01	-4.19036e-01
      8580	 5.01074e-01	-9.13296e-01	-4.09924e-01
      8600	 5.01076e-01	-9.17352e-01	-4.00772e-01
      8620	 5.01079e-01	-9.21316e-01	-3.91580e-01
      8640	 5.01081e-01	-9.25188e-01	-3.82348e-01
      8660	 5.01084e-01	-9.28967e-01	-3.73078e-01
      8680	 5.01086e-01	-9.32654e-01	-3.63771e-01
      8700	 5.01089e-01	-9.36247e-01	-3.54427e-01
      8720	 5.01091e-01	-9.39747e-01	-3.45048e-01
      8740	 5.01094e-01	-9.43153e-01	-3.35634e-01
      8760	 5.01096e-01	-9.46464e-01	-3.26187e-01
      8780	 5.01099e-01	-9.49681e-01	-3.16707e-01
      8800	 5.01101e-01	-9.52803e-01	-3.07195e-01
      8820	 5.01104e-01	-9.55830e-01	-2.97653e-01
      8840	 5.01106e-01	-9.58761e-01	-2.88080e-01
      8860	 5.01109e-01	-9.61596e-01	-2.78479e-01
      8880	 5.01111e-01	-9.64335e-01	-2.68850e-01
      8900	 5.01114e-01	-9.66978e-01	-2.59194e-01
      8920	 5.01116e-01	-9.69524e-01	-2.49512e-01
      8940	 5.01119e-01	-9.71973e-01	-2.39805e-01
      8960	 5.01121e-01	-9.74325e-01	-2.30074e-01
      8980	 5.01124e-01	-9.76579e-01	-2.20320e-01
      9000	 5.01126e-01	-9.78736e-01	-2.10544e-01
      9020	 5.01129e-01	-9.80795e-01	-2.00747e-01
      9040	 5.01131e-01	-9.82756e-01	-1.90930e-01
      9060	 5.01134e-01	-9.84618e-01	-1.81093e-01
      9080	 5.01136e-01	-9.86382e-01	-1.71238e-01
      9100	 5.01139e-01	-9.88048e-01	-1.61367e-01
      9120	 5.01141e-01	-9.89615e-01	-1.51479e-01
      9140	 5.01144e-01	-9.91082e-01	-1.41575e-01
      9160	 5.01146e-01	-9.92451e-01	-1.31658e-01
      9180	 5.01149e-01	-9.93720e-01	-1.21727e-01
      9200	 5.01151e-01	-9.94891e-01	-1.11785e-01
      9220	 5.01154e-01	-9.95961e-01	-1.01830e-01
      9240	 5.01156e-01	-9.96932e-01	-9.18662e-02
      9260	 5.01159e-01	-9.97803e-01	-8.18926e-02
      9280	 5.01161e-01	-9.98575e-01	-7.19108e-02
      9300	 5.01164e-01	-9.99247e-01	-6.19218e-02
      9320	 5.01166e-01	-9.99818e-01	-5.19266e-02
      9340	 5.01169e-01	-1.00029e+00	-4.19260e-02
      9360	 5.01171e-01	-1.00066e+00	-3.19213e-02
      9380	 5.01174e-01	-1.00093e+00	-2.19133e-02
      9400	 5.01177e-01	-1.00111e+00	-1.19031e-02
      9420	 5.01179e-01	-1.00118e+00	-1.89160e-03
      9440	 5.01182e-01	-1.00115e+00	 8.12011e-03
      9460	 5.01184e-01	-1.00102e+00	 1.81311e-02
      9480	 5.01187e-01	-1.00079e+00	 2.81403e-02
      9500	 5.01189e-01	-1.00046e+00	 3.81467e-02
      9520	 5.01192e-01	-1.00003e+00	 4.81493e-02
      9540	 5.01194e-01	-9.99503e-01	 5.81472e-02
      9560	 5.01197e-01	-9.98874e-01	 6.81394e-02
      9580	 5.01199e-01	-9.98146e-01	 7.81247e-02
      9600	 5.01202e-01	-9.97317e-01	 8.81023e-02
      9620	 5.01204e-01	-9.96389e-01	 9.80712e-02
      9640	 5.01207e-01	-9.95361e-01	 1.08030e-01
      9660	 5.01209e-01	-9.94233e-01	 1.17979e-01
      9680	 5.01212e-01	-9.93006e-01	 1.27915e-01
      9700	 5.01214e-01	-9.91680e-01	 1.37839e-01
      9720	 5.01217e-01	-9.90254e-01	 1.47749e-01
      9740	 5.01219e-01	-9.88730e-01	 1.57645e-01
      9760	 5.01222e-01	-9.87106e-01	 1.67524e-01
      9780	 5.01224e-01	-9.85384e-01	 1.77387e-01
      9800	 5.01227e-01	-9.83564e-01	 1.87232e-01
      9820	 5.01229e-01	-9.81645e-01	 1.97059e-01
      9840	 5.01232e-01	-9.79627e-01	 2.06866e-01
      9860	 5.01234e-01	-9.77512e-01	 2.16652e-01
      9880	 5.01237e-01	-9.75299e-01	 2.26417e-01
      9900	 5.01239e-01	-9.72989e-01	 2.36159e-01
      9920	 5.01242e-01	-9.70581e-01	 2.45878e-01
      9940	 5.01244e-01	-9.68076e-01	 2.55572e-01
      9960	 5.01247e-01	-9.65475e-01	 2.65240e-01
      9980	 5.01249e-01	-9.62776e-01	 2.74882e-01
     10000	 5.01252e-01	-9.59982e-01	 2.84497e-01
     10020	 5.01254e-01	-9.57091e-01	 2.94083e-01
     10040	 5.01257e-01	-9.54105e-01	 3.03640e-01
     10060	 5.01259e-01	-9.51023e-01	 3.13166e-01
     10080	 5.01262e-01	-9.47847e-01	 3.22661e-01
     10100	 5.01264e-01	-9.44575e-01	 3.32124e-01
     10120	 5.01267e-01	-9.41209e-01	 3.41554e-01
     10140	 5.01269e-01	-9.37749e-01	 3.50950e-01
     10160	 5.01272e-01	-9.34195e-01	 3.60311e-01
     10180	 5.01274e-01	-9.30547e-01	 3.69635e-01
     10200	 5.01277e-01	-9.26807e-01	 3.78923e-01
     10220	 5.01279e-01	-9.22974e-01	 3.88173e-01
     10240	 5.01282e-01	-9.19048e-01	 3.97384e-01
     10260	 5.01284e-01	-9.15031e-01	 4.06556e-01
     10280	 5.01287e-01	-9.10922e-01	 4.15687e-01
     10300	 5.01289e-01	-9.06722e-01	 4.24776e-01
     10320	 5.01292e-01	-9.02431e-01	 4.33823e-01
     10340	 5.01294e-01	-8.98050e-01	 4.42826e-01
     10360	 5.01297e-01	-8.93579e-01	 4.51786e-01
     10380	 5.01299e-01	-8.89019e-01	 4.60700e-01
     10400	 5.01302e-01	-8.84370e-01	 4.69568e-01
     10420	 5.01304e-01	-8.79632e-01	 4.78389e-01
     10440	 5.01307e-01	-8.74806e-01	 4.87163e-01
     10460	 5.01309e-01	-8.69893e-01	 4.95888e-01
     10480	 5.01312e-01	-8.64893e-01	 5.04563e-01
     10500	 5.01314e-01	-8.59806e-01	 5.13188e-01
     10520	 5.01317e-01	-8.54634e-01	 5.21761e-01
     10540	 5.01319e-01	-8.49376e-01	 5.30283e-01
     10560	 5.01322e-01	-8.44033e-01	 5.38751e-01
     10580	 5.01324e-01	-8.38605e-01	 5.47166e-01
     10600	 5.01327e-01	-8.33094e-01	 5.55526e-01
     10620	 5.01329e-01	-8.27499e-01	 5.63830e-01
     10640	 5.01332e-01	-8.21821e-01	 5.72078e-01
     10660	 5.01334e-01	-8.16062e-01	 5.80269e-01
     10680	 5.01337e-01	-8.10220e-01	 5.88402e-01
     10700	 5.01339e-01	-8.04298e-01	 5.96476e-01
     10720	 5.01342e-01	-7.98295e-01	 6.04491e-01
     10740	 5.01344e-01	-7.92212e-01	 6.12445e-01
     10760	 5.01347e-01	-7.86050e-01	 6.20338e-01
     10780	 5.01349e-01	-7.79810e-01	 6.28169e-01
     10800	 5.01352e-01	-7.73491e-01	 6.35937e-01
     10820	 5.01354e-01	-7.67095e-01	 6.43641e-01
     10840	 5.01357e-01	-7.60622e-01	 6.51282e-01
     10860	 5.01359e-01	-7.54073e-01	 6.58857e-01
     10880	 5.01362e-01	-7.47449e-01	 6.66366e-01
     10900	 5.01364e-01	-7.40750e-01	 6.73809e-01
     10920	 5.01367e-01	-7.33977e-01	 6.81184e-01
     10940	 5.01369e-01	-7.27130e-01	 6.88492e-01
     10960	 5.01372e-01	-7.20211e-01	 6.95730e-01
     10980	 5.01375e-01	-7.13219e-01	 7.02899e-01
     11000	 5.01377e-01	-7.06157e-01	 7.09998e-01
     11020	 5.01380e-01	-6.99023e-01	 7.17026e-01
     11040	 5.01382e-01	-6.91820e-01	 7.23982e-01
     11060	 5.01385e-01	-6.84547e-01	 7.30865e-01
     11080	 5.01387e-01	-6.77206e-01	 7.37676e-01
     11100	 5.01390e-01	-6.69797e-01	 7.44413e-01
     11120	 5.01392e-01	-6.62322e-01	 7.51075e-01
     11140	 5.01395e-01	-6.54779e-01	 7.57663e-01
     11160	 5.01397e-01	-6.47172e-01	 7.64175e-01
     11180	 5.01400e-01	-6.39499e-01	 7.70610e-01
     11200	 5.01402e-01	-6.31763e-01	 7.76968e-01
     11220	 5.01405e-01	-6.23963e-01	 7.83249e-01
     11240	 5.01407e-01	-6.16101e-01	 7.89451e-01
     11260	 5.01410e-01	-6.08178e-01	 7.95575e-01
     11280	 5.01412e-01	-6.00193e-01	 8.01619e-01
     11300	 5.01415e-01	-5.92149e-01	 8.07582e-01
     11320	 5.01417e-01	-5.84045e-01	 8.13465e-01
     11340	 5.01420e-01	-5.75883e-01	 8.19267e-01
     11360	 5.01422e-01	-5.67663e-01	 8.24987e-01
     11380	 5.01425e-01	-5.59386e-01	 8.30624e-01
     11400	 5.01427e-01	-5.51053e-01	 8.36179e-01
     11420	 5.01430e-01	-5.42665e-01	 8.41649e-01
     11440	 5.01432e-01	-5.34223e-01	 8.47036e-01
     11460	 5.01435e-01	-5.25728e-01	 8.52338e-01
     11480	 5.01437e-01	-5.17179e-01	 8.57555e-01
     11500	 5.01440e-01	-5.08579e-01	 8.62686e-01
     11520	 5.01442e-01	-4.99929e-01	 8.67730e-01
     11540	 5.01445e-01	-4.91228e-01	 8.72688e-01
     11560	 5.01447e-01	-4.82478e-01	 8.77559e-01
     11580	 5.01450e-01	-4.73679e-01	 8.82342e-01
     11600	 5.01452e-01	-4.64833e-01	 8.87037e-01
     11620	 5.01455e-01	-4.55941e-01	 8.91643e-01
     11640	 5.01457e-01	-4.47003e-01	 8.96160e-01
     11660	 5.01460e-01	-4.38020e-01	 9.00587e-01
     11680	 5.01462e-01	-4.28994e-01	 9.04925e-01
     11700	 5.01465e-01	-4.19924e-01	 9.09172e-01
     11720	 5.01467e-01	-4.10813e-01	 9.13328e-01
     11740	 5.01470e-01	-4.01660e-01	 9.17392e-01
     11760	 5.01472e-01	-3.92467e-01	 9.21365e-01
     11780	 5.01475e-01	-3.83235e-01	 9.25246e-01
     11800	 5.01477e-01	-3.73965e-01	 9.29035e-01
     11820	 5.01480e-01	-3.64657e-01	 9.32730e-01
     11840	 5.01482e-01	-3.55312e-01	 9.36332e-01
     11860	 5.01485e-01	-3.45932e-01	 9.39841e-01
     11880	 5.01487e-01	-3.36517e-01	 9.43255e-01
     11900	 5.01490e-01	-3.27069e-01	 9.46576e-01
     11920	 5.01492e-01	-3.17588e-01	 9.49801e-01
     11940	 5.01495e-01	-3.08075e-01	 9.52932e-01
     11960	 5.01497e-01	-2.98531e-01	 9.55968e-01
     11980	 5.01500e-01	-2.88957e-01	 9.58907e-01
     12000	 5.01502e-01	-2.79355e-01	 9.61751e-01
     12020	 5.01505e-01	-2.69724e-01	 9.64499e-01
     12040	 5.01507e-01	-2.60066e-01	 9.67151e-01
     12060	 5.01510e-01	-2.50383e-01	 9.69705e-01
     12080	 5.01512e-01	-2.40674e-01	 9.72163e-01
     12100	 5.01515e-01	-2.30941e-01	 9.74524e-01
     12120	 5.01517e-01	-2.21185e-01	 9.76787e-01
     12140	 5.01520e-01	-2.11407e-01	 9.78952e-01
     12160	 5.01522e-01	-2.01607e-01	 9.81020e-01
     12180	 5.01525e-01	-1.91787e-01	 9.82989e-01
     12200	 5.01527e-01	-1.81949e-01	 9.84860e-01
     12220	 5.01530e-01	-1.72092e-01	 9.86633e-01
     12240	 5.01532e-01	-1.62217e-01	 9.88307e-01
     12260	 5.01535e-01	-1.52327e-01	 9.89882e-01
     12280	 5.01537e-01	-1.42421e-01	 9.91358e-01
     12300	 5.01540e-01	-1.32500e-01	 9.92735e-01
     12320	 5.01542e-01	-1.22567e-01	 9.94013e-01
     12340	 5.01545e-01	-1.12621e-01	 9.95192e-01
     12360	 5.01548e-01	-1.02664e-01	 9.96271e-01
     12380	 5.01550e-01	-9.26965e-02	 9.97250e-01
     12400	 5.01553e-01	-8.27198e-02	 9.98130e-01
     12420	 5.01555e-01	-7.27347e-02	 9.98909e-01
     12440	 5.01558e-01	-6.27423e-02	 9.99589e-01
     12460	 5.01560e-01	-5.27435e-02	 1.00017e+00
     12480	 5.01563e-01	-4.27395e-02	 1.00065e+00
     12500	 5.01565e-01	-3.27311e-02	 1.00103e+00
     12520	 5.01568e-01	-2.27194e-02	 1.00131e+00
     12540	 5.01570e-01	-1.27054e-02	 1.00149e+00
     12560	 5.01573e-01	-2.69005e-03	 1.00157e+00
     12580	 5.01575e-01	 7.32561e-03	 1.00155e+00
     12600	 5.01578e-01	 1.73406e-02	 1.00143e+00
     12620	 5.01580e-01	 2.73539e-02	 1.00121e+00
     12640	 5.01583e-01	 3.73645e-02	 1.00088e+00
     12660	 5.01585e-01	 4.73714e-02	 1.00046e+00
     12680	 5.01588e-01	 5.73737e-02	 9.99942e-01
     12700	 5.01590e-01	 6.73702e-02	 9.99321e-01
     12720	 5.01593e-01	 7.73601e-02	 9.98599e-01
     12740	 5.01595e-01	 8.73423e-02	 9.97778e-01
     12760	 5.01598e-01	 9.73157e-02	 9.96858e-01
     12780	 5.01600e-01	 1.07280e-01	 9.95837e-01
     12800	 5.01603e-01	 1.17233e-01	 9.94717e-01
     12820	 5.01605e-01	 1.27174e-01	 9.93497e-01
     12840	 5.01608e-01	 1.37103e-01	 9.92179e-01
     12860	 5.01610e-01	 1.47018e-01	 9.90760e-01
     12880	 5.01613e-01	 1.56919e-01	 9.89243e-01
     12900	 5.01615e-01	 1.66803e-01	 9.87627e-01
     12920	 5.01618e-01	 1.76672e-01	 9.85912e-01
     12940	 5.01620e-01	 1.86522e-01	 9.84099e-01
     12960	 5.01623e-01	 1.96354e-01	 9.82187e-01
     12980	 5.01625e-01	 2.06167e-01	 9.80176e-01
     13000	 5.01628e-01	 2.15958e-01	 9.78068e-01
     13020	 5.01630e-01	 2.25729e-01	 9.75862e-01
     13040	 5.01633e-01	 2.35476e-01	 9.73559e-01
     13060	 5.01635e-01	 2.45201e-01	 9.71158e-01
     13080	 5.01638e-01	 2.54901e-01	 9.68660e-01
     13100	 5.01640e-01	 2.64575e-01	 9.66065e-01
     13120	 5.01643e-01	 2.74223e-01	 9.63373e-01
     13140	 5.01645e-01	 2.83843e-01	 9.60585e-01
     13160	 5.01648e-01	 2.93436e-01	 9.57701e-01
     13180	 5.01650e-01	 3.02999e-01	 9.54721e-01
     13200	 5.01653e-01	 3.12531e-01	 9.51646e-01
     13220	 5.01655e-01	 3.22033e-01	 9.48475e-01
     13240	 5.01658e-01	 3.31502e-01	 9.45210e-01
     13260	 5.01660e-01	 3.40938e-01	 9.41850e-01
     13280	 5.01663e-01	 3.50340e-01	 9.38396e-01
     13300	 5.01665e-01	 3.59708e-01	 9.34848e-01
     13320	 5.01668e-01	 3.69039e-01	 9.31207e-01
     13340	 5.01670e-01	 3.78333e-01	 9.27472e-01
     13360	 5.01673e-01	 3.87590e-01	 9.23645e-01
     13380	 5.01675e-01	 3.96808e-01	 9.19725e-01
     13400	 5.01678e-01	 4.05986e-01	 9.15713e-01
     13420	 5.01680e-01	 4.15124e-01	 9.11610e-01
     13440	 5.01683e-01	 4.24220e-01	 9.07416e-01
     13460	 5.01685e-01	 4.33274e-01	 9.03130e-01
     13480	 5.01688e-01	 4.42285e-01	 8.98755e-01
     13500	 5.01690e-01	 4.51251e-01	 8.94289e-01
     13520	 5.01693e-01	 4.60172e-01	 8.89734e-01
     13540	 5.01695e-01	 4.69048e-01	 8.85091e-01
     13560	 5.01698e-01	 4.77876e-01	 8.80358e-01
     13580	 5.01701e-01	 4.86657e-01	 8.75538e-01
     13600	 5.01703e-01	 4.95389e-01	 8.70630e-01
     13620	 5.01706e-01	 5.04072e-01	 8.65634e-01
     13640	 5.01708e-01	 5.12704e-01	 8.60553e-01
     13660	 5.01711e-01	 5.21285e-01	 8.55385e-01
     13680	 5.01713e-01	 5.29814e-01	 8.50131e-01
     13700	 5.01716e-01	 5.38290e-01	 8.44793e-01
     13720	 5.01718e-01	 5.46712e-01	 8.39370e-01
     13740	 5.01721e-01	 5.55080e-01	 8.33863e-01
     13760	 5.01723e-01	 5.63392e-01	 8.28273e-01
     13780	 5.01726e-01	 5.71648e-01	 8.22600e-01
     13800	 5.01728e-01	 5.79847e-01	 8.16844e-01
     13820	 5.01731e-01	 5.87987e-01	 8.11007e-01
     13840	 5.01733e-01	 5.96069e-01	 8.05089e-01
     13860	 5.01736e-01	 6.04092e-01	 7.99090e-01
     13880	 5.01738e-01	 6.12054e-01	 7.93011e-01
     13900	 5.01741e-01	 6.19955e-01	 7.86853e-01
     13920	 5.01743e-01	 6.27794e-01	 7.80616e-01
     13940	 5.01746e-01	 6.35570e-01	 7.74301e-01
     13960	 5.01748e-01	 6.43283e-01	 7.67909e-01
     13980	 5.01751e-01	 6.50931e-01	 7.61439e-01
     14000	 5.01753e-01	 6.58515e-01	 7.54894e-01
     14020	 5.01756e-01	 6.66032e-01	 7.48273e-01
     14040	 5.01758e-01	 6.73483e-01	 7.41577e-01
     14060	 5.01761e-01	 6.80867e-01	 7.34807e-01
     14080	 5.01763e-01	 6.88182e-01	 7.27964e-01
     14100	 5.01766e-01	 6.95429e-01	 7.21048e-01
     14120	 5.01768e-01	 7.02607e-01	 7.14059e-01
     14140	 5.01771e-01	 7.09714e-01	 7.06999e-01
     14160	 5.01773e-01	 7.16750e-01	 6.99869e-01
     14180	 5.01776e-01	 7.23714e-01	 6.92668e-01
     14200	 5.01778e-01	 7.30607e-01	 6.85398e-01
     14220	 5.01781e-01	 7.37426e-01	 6.78060e-01
     14240	 5.01783e-01	 7.44171e-01	 6.70653e-01
     14260	 5.01786e-01	 7.50842e-01	 6.63180e-01
     14280	 5.01788e-01	 7.57438e-01	 6.55640e-01
     14300	 5.01791e-01	 7.63959e-01	 6.48035e-01
     14320	 5.01793e-01	 7.70403e-01	 6.40364e-01
     14340	 5.01796e-01	 7.76770e-01	 6.32630e-01
     14360	 5.01798e-01	 7.83059e-01	 6.24832e-01
     14380	 5.01801e-01	 7.89270e-01	 6.16972e-01
     14400	 5.01803e-01	 7.95402e-01	 6.09050e-01
     14420	 5.01806e-01	 8.01455e-01	 6.01067e-01
     14440	 5.01808e-01	 8.07427e-01	 5.93024e-01
     14460	 5.01811e-01	 8.13319e-01	 5.84922e-01
     14480	 5.01813e-01	 8.19130e-01	 5.76761e-01
     14500	 5.01816e-01	 8.24858e-01	 5.68543e-01
     14520	 5.01818e-01	 8.30504e-01	 5.60267e-01
     14540	 5.01821e-01	 8.36068e-01	 5.51936e-01
     14560	 5.01823e-01	 8.41547e-01	 5.43549e-01
     14580	 5.01826e-01	 8.46943e-01	 5.35108e-01
     14600	 5.01828e-01	 8.52253e-01	 5.26613e-01
     14620	 5.01831e-01	 8.57479e-01	 5.18066e-01
     14640	 5.01833e-01	 8.62619e-01	 5.09466e-01
     14660	 5.01836e-01	 8.67672e-01	 5.00816e-01
     14680	 5.01838e-01	 8.72639e-01	 4.92116e-01
     14700	 5.01841e-01	 8.77519e-01	 4.83366e-01
     14720	 5.01844e-01	 8.82311e-01	 4.74568e-01
     14740	 5.01846e-01	 8.87014e-01	 4.65722e-01
     14760	 5.01849e-01	 8.91629e-01	 4.56830e-01
     14780	 5.01851e-01	 8.96155e-01	 4.47892e-01
     14800	 5.01854e-01	 9.00592e-01	 4.38910e-01
     14820	 5.01856e-01	 9.04938e-01	 4.29883e-01
     14840	 5.01859e-01	 9.09194e-01	 4.20813e-01
     14860	 5.01861e-01	 9.13359e-01	 4.11702e-01
     14880	 5.01864e-01	 9.17432e-01	 4.02549e-01
     14900	 5.01866e-01	 9.21414e-01	 3.93355e-01
     14920	 5.01869e-01	 9.25304e-01	 3.84123e-01
     14940	 5.01871e-01	 9.29101e-01	 3.74851e-01
     14960	 5.01874e-01	 9.32805e-01	 3.65543e-01
     14980	 5.01876e-01	 9.36416e-01	 3.56198e-01
     15000	 5.01879e-01	 9.39934e-01	 3.46817e-01
     15020	 5.01881e-01	 9.43357e-01	 3.37401e-01
     15040	 5.01884e-01	 9.46686e-01	 3.27951e-01
     15060	 5.01886e-01	 9.49921e-01	 3.18469e-01
     15080	 5.01889e-01	 9.53060e-01	 3.08955e-01
     15100	 5.01891e-01	 9.56105e-01	 2.99410e-01
     15120	 5.01894e-01	 9.59053e-01	 2.89835e-01
     15140	 5.01896e-01	 9.61906e-01	 2.80230e-01
     15160	 5.01899e-01	 9.64663e-01	 2.70598e-01
     15180	 5.01901e-01	 9.67323e-01	 2.60939e-01
     15200	 5.01904e-01	 9.69886e-01	 2.51253e-01
     15220	 5.01906e-01	 9.72353e-01	 2.41543e-01
     15240	 5.01909e-01	 9.74722e-01	 2.31808e-01
     15260	 5.01911e-01	 9.76994e-01	 2.22050e-01
     15280	 5.01914e-01	 9.79168e-01	 2.12269e-01
     15300	 5.01916e-01	 9.81244e-01	 2.02468e-01
     15320	 5.01919e-01	 9.83222e-01	 1.92646e-01
     15340	 5.01921e-01	 9.85102e-01	 1.82805e-01
     15360	 5.01924e-01	 9.86883e-01	 1.72945e-01
     15380	 5.01926e-01	 9.88565e-01	 1.63068e-01
     15400	 5.01929e-01	 9.90149e-01	 1.53175e-01
     15420	 5.01931e-01	 9.91634e-01	 1.43266e-01
     15440	 5.01934e-01	 9.93019e-01	 1.33343e-01
     15460	 5.01936e-01	 9.94306e-01	 1.23407e-01
     15480	 5.01939e-01	 9.95492e-01	 1.13458e-01
     15500	 5.01941e-01	 9.96580e-01	 1.03498e-01
     15520	 5.01944e-01	 9.97567e-01	 9.35275e-02
     15540	 5.01946e-01	 9.98455e-01	 8.35475e-02
     15560	 5.01949e-01	 9.99243e-01	 7.35591e-02
     15580	 5.01951e-01	 9.99931e-01	 6.35633e-02
     15600	 5.01954e-01	 1.00052e+00	 5.35611e-02
     15620	 5.01956e-01	 1.00101e+00	 4.35535e-02
     15640	 5.01959e-01	 1.00140e+00	 3.35415e-02
     15660	 5.01961e-01	 1.00168e+00	 2.35261e-02
     15680	 5.01964e-01	 1.00187e+00	 1.35083e-02
     15700	 5.01966e-01	 1.00196e+00	 3.48912e-03
     15720	 5.01969e-01	 1.00195e+00	-6.53049e-03
     15740	 5.01972e-01	 1.00183e+00	-1.65495e-02
     15760	 5.01974e-01	 1.00162e+00	-2.65669e-02
     15780	 5.01977e-01	 1.00131e+00	-3.65817e-02
     15800	 5.01979e-01	 1.00089e+00	-4.65929e-02
     15820	 5.01982e-01	 1.00038e+00	-5.65994e-02
     15840	 5.01984e-01	 9.99766e-01	-6.66004e-02
     15860	 5.01987e-01	 9.99053e-01	-7.65948e-02
     15880	 5.01989e-01	 9.98239e-01	-8.65815e-02
     15900	 5.01992e-01	 9.97326e-01	-9.65597e-02
     15920	 5.01994e-01	 9.96313e-01	-1.06528e-01
     15940	 5.01997e-01	 9.95201e-01	-1.16486e-01
     15960	 5.01999e-01	 9.93988e-01	-1.26432e-01
     15980	 5.02002e-01	 9.92677e-01	-1.36366e-01
     16000	 5.02004e-01	 9.91266e-01	-1.46286e-01
     16020	 5.02007e-01	 9.89756e-01	-1.56192e-01
     16040	 5.02009e-01	 9.88147e-01	-1.66082e-01
     16060	 5.02012e-01	 9.86440e-01	-1.75955e-01
     16080	 5.02014e-01	 9.84633e-01	-1.85811e-01
     16100	 5.02017e-01	 9.82728e-01	-1.95649e-01
     16120	 5.02019e-01	 9.80725e-01	-2.05466e-01
     16140	 5.02022e-01	 9.78624e-01	-2.15264e-01
     16160	 5.02024e-01	 9.76425e-01	-2.25040e-01
     16180	 5.02027e-01	 9.74128e-01	-2.34793e-01
     16200	 5.02029e-01	 9.71734e-01	-2.44523e-01
     16220	 5.02032e-01	 9.69243e-01	-2.54229e-01
     16240	 5.02034e-01	 9.66654e-01	-2.63909e-01
     16260	 5.02037e-01	 9.63969e-01	-2.73563e-01
     16280	 5.02039e-01	 9.61188e-01	-2.83189e-01
     16300	 5.02042e-01	 9.58310e-01	-2.92788e-01
     16320	 5.02044e-01	 9.55337e-01	-3.02357e-01
     16340	 5.02047e-01	 9.52268e-01	-3.11896e-01
     16360	 5.02049e-01	 9.49104e-01	-3.21403e-01
     16380	 5.02052e-01	 9.45845e-01	-3.30879e-01
     16400	 5.02054e-01	 9.42491e-01	-3.40322e-01
     16420	 5.02057e-01	 9.39043e-01	-3.49730e-01
     16440	 5.02059e-01	 9.35502e-01	-3.59104e-01
     16460	 5.02062e-01	 9.31866e-01	-3.68442e-01
     16480	 5.02064e-01	 9.28137e-01	-3.77743e-01
     16500	 5.02067e-01	 9.24316e-01	-3.87006e-01
     16520	 5.02069e-01	 9.20402e-01	-3.96231e-01
     16540	 5.02072e-01	 9.16396e-01	-4.05416e-01
     16560	 5.02074e-01	 9.12299e-01	-4.14560e-01
     16580	 5.02077e-01	 9.08110e-01	-4.23663e-01
     16600	 5.02079e-01	 9.03830e-01	-4.32724e-01
     16620	 5.02082e-01	 8.99460e-01	-4.41742e-01
     16640	 5.02084e-01	 8.95000e-01	-4.50715e-01
     16660	 5.02087e-01	 8.90450e-01	-4.59644e-01
     16680	 5.02089e-01	 8.85811e-01	-4.68526e-01
     16700	 5.02092e-01	 8.81084e-01	-4.77362e-01
     16720	 5.02094e-01	 8.76269e-01	-4.86150e-01
     16740	 5.02097e-01	 8.71366e-01	-4.94890e-01
     16760	 5.02100e-01	 8.66376e-01	-5.03580e-01
     16780	 5.02102e-01	 8.61299e-01	-5.12219e-01
     16800	 5.02105e-01	 8.56136e-01	-5.20808e-01
     16820	 5.02107e-01	 8.50887e-01	-5.29344e-01
     16840	 5.02110e-01	 8.45553e-01	-5.37828e-01
     16860	 5.02112e-01	 8.40135e-01	-5.46258e-01
     16880	 5.02115e-01	 8.34632e-01	-5.54633e-01
     16900	 5.02117e-01	 8.29046e-01	-5.62953e-01
     16920	 5.02120e-01	 8.23378e-01	-5.71217e-01
     16940	 5.02122e-01	 8.17626e-01	-5.79423e-01
     16960	 5.02125e-01	 8.11793e-01	-5.87572e-01
     16980	 5.02127e-01	 8.05879e-01	-5.95662e-01
     17000	 5.02130e-01	 7.99884e-01	-6.03692e-01
     17020	 5.02132e-01	 7.93810e-01	-6.11662e-01
     17040	 5.02135e-01	 7.87655e-01	-6.19571e-01
     17060	 5.02137e-01	 7.81422e-01	-6.27418e-01
     17080	 5.02140e-01	 7.75111e-01	-6.35202e-01
     17100	 5.02142e-01	 7.68722e-01	-6.42923e-01
     17120	 5.02145e-01	 7.62257e-01	-6.50580e-01
     17140	 5.02147e-01	 7.55715e-01	-6.58171e-01
     17160	 5.02150e-01	 7.49097e-01	-6.65697e-01
     17180	 5.02152e-01	 7.42405e-01	-6.73156e-01
     17200	 5.02155e-01	 7.35638e-01	-6.80548e-01
     17220	 5.02157e-01	 7.28798e-01	-6.87872e-01
     17240	 5.02160e-01	 7.21885e-01	-6.95127e-01
     17260	 5.02162e-01	 7.14899e-01	-7.02313e-01
     17280	 5.02165e-01	 7.07842e-01	-7.09429e-01
     17300	 5.02167e-01	 7.00714e-01	-7.16473e-01
     17320	 5.02170e-01	 6.93516e-01	-7.23446e-01
     17340	 5.02172e-01	 6.86249e-01	-7.30347e-01
     17360	 5.02175e-01	 6.78913e-01	-7.37175e-01
     17380	 5.02177e-01	 6.71509e-01	-7.43929e-01
     17400	 5.02180e-01	 6.64038e-01	-7.50608e-01
     17420	 5.02182e-01	 6.56501e-01	-7.57213e-01
     17440	 5.02185e-01	 6.48897e-01	-7.63742e-01
     17460	 5.02187e-01	 6.41229e-01	-7.70195e-01
     17480	 5.02190e-01	 6.33497e-01	-7.76570e-01
     17500	 5.02192e-01	 6.25701e-01	-7.82868e-01
     17520	 5.02195e-01	 6.17843e-01	-7.89088e-01
     17540	 5.02197e-01	 6.09923e-01	-7.95229e-01
     17560	 5.02200e-01	 6.01942e-01	-8.01290e-01
     17580	 5.02202e-01	 5.93900e-01	-8.07271e-01
     17600	 5.02205e-01	 5.85800e-01	-8.13172e-01
     17620	 5.02207e-01	 5.77640e-01	-8.18991e-01
     17640	 5.02210e-01	 5.69423e-01	-8.24729e-01
     17660	 5.02213e-01	 5.61149e-01	-8.30384e-01
     17680	 5.02215e-01	 5.52818e-01	-8.35956e-01
     17700	 5.02218e-01	 5.44433e-01	-8.41444e-01
     17720	 5.02220e-01	 5.35992e-01	-8.46848e-01
     17740	 5.02223e-01	 5.27499e-01	-8.52168e-01
     17760	 5.02225e-01	 5.18952e-01	-8.57402e-01
     17780	 5.02228e-01	 5.10353e-01	-8.62551e-01
     17800	 5.02230e-01	 5.01704e-01	-8.67614e-01
     17820	 5.02233e-01	 4.93004e-01	-8.72589e-01
     17840	 5.02235e-01	 4.84255e-01	-8.77478e-01
     17860	 5.02238e-01	 4.75457e-01	-8.82279e-01
     17880	 5.02240e-01	 4.66612e-01	-8.86991e-01
     17900	 5.02243e-01	 4.57720e-01	-8.91615e-01
     17920	 5.02245e-01	 4.48782e-01	-8.96150e-01
     17940	 5.02248e-01	 4.39799e-01	-9.00595e-01
     17960	 5.02250e-01	 4.30773e-01	-9.04950e-01
     17980	 5.02253e-01	 4.21703e-01	-9.09215e-01
     18000	 5.02255e-01	 4.12591e-01	-9.13389e-01
     18020	 5.02258e-01	 4.03438e-01	-9.17471e-01
     18040	 5.02260e-01	 3.94244e-01	-9.21462e-01
     18060	 5.02263e-01	 3.85011e-01	-9.25361e-01
     18080	 5.02265e-01	 3.75739e-01	-9.29167e-01
     18100	 5.02268e-01	 3.66429e-01	-9.32880e-01
     18120	 5.02270e-01	 3.57083e-01	-9.36500e-01
     18140	 5.02273e-01	 3.47702e-01	-9.40026e-01
     18160	 5.02275e-01	 3.38285e-01	-9.43458e-01
     18180	 5.02278e-01	 3.28834e-01	-9.46796e-01
     18200	 5.02280e-01	 3.19351e-01	-9.50040e-01
     18220	 5.02283e-01	 3.09835e-01	-9.53188e-01
     18240	 5.02285e-01	 3.00289e-01	-9.56241e-01
     18260	 5.02288e-01	 2.90712e-01	-9.59199e-01
     18280	 5.02290e-01	 2.81107e-01	-9.62060e-01
     18300	 5.02293e-01	 2.71473e-01	-9.64825e-01
     18320	 5.02295e-01	 2.61812e-01	-9.67494e-01
     18340	 5.02298e-01	 2.52125e-01	-9.70066e-01
     18360	 5.02300e-01	 2.42412e-01	-9.72542e-01
     18380	 5.02303e-01	 2.32675e-01	-9.74919e-01
     18400	 5.02305e-01	 2.22915e-01	-9.77200e-01
     18420	 5.02308e-01	 2.13133e-01	-9.79383e-01
     18440	 5.02310e-01	 2.03329e-01	-9.81467e-01
     18460	 5.02313e-01	 1.93505e-01	-9.83454e-01
     18480	 5.02315e-01	 1.83661e-01	-9.85342e-01
     18500	 5.02318e-01	 1.73799e-01	-9.87132e-01
     18520	 5.02320e-01	 1.63920e-01	-9.88823e-01
     18540	 5.02323e-01	 1.54024e-01	-9.90415e-01
     18560	 5.02326e-01	 1.44113e-01	-9.91909e-01
     18580	 5.02328e-01	 1.34187e-01	-9.93303e-01
     18600	 5.02331e-01	 1.24248e-01	-9.94597e-01
     18620	 5.02333e-01	 1.14296e-01	-9.95792e-01
     18640	 5.02336e-01	 1.04333e-01	-9.96888e-01
     18660	 5.02338e-01	 9.43590e-02	-9.97884e-01
     18680	 5.02341e-01	 8.43758e-02	-9.98780e-01
     18700	 5.02343e-01	 7.43841e-02	-9.99577e-01
     18720	 5.02346e-01	 6.43850e-02	-1.00027e+00
     18740	 5.02348e-01	 5.43793e-02	-1.00087e+00
     18760	 5.02351e-01	 4.43682e-02	-1.00137e+00
     18780	 5.02353e-01	 3.43526e-02	-1.00176e+00
     18800	 5.02356e-01	 2.43335e-02	-1.00206e+00
     18820	 5.02358e-01	 1.43119e-02	-1.00225e+00
     18840	 5.02361e-01	 4.28882e-03	-1.00235e+00
     18860	 5.02363e-01	-5.73473e-03	-1.00234e+00
     18880	 5.02366e-01	-1.57578e-02	-1.00224e+00
     18900	 5.02368e-01	-2.57793e-02	-1.00203e+00
     18920	 5.02371e-01	-3.57982e-02	-1.00173e+00
     18940	 5.02373e-01	-4.58137e-02	-1.00132e+00
     18960	 5.02376e-01	-5.58246e-02	-1.00082e+00
     18980	 5.02378e-01	-6.58300e-02	-1.00021e+00
     19000	 5.02381e-01	-7.58288e-02	-9.99506e-01
     19020	 5.02383e-01	-8.58201e-02	-9.98700e-01
     19040	 5.02386e-01	-9.58029e-02	-9.97794e-01
     19060	 5.02388e-01	-1.05776e-01	-9.96789e-01
     19080	 5.02391e-01	-1.15739e-01	-9.95684e-01
     19100	 5.02393e-01	-1.25690e-01	-9.94479e-01
     19120	 5.02396e-01	-1.35629e-01	-9.93175e-01
     19140	 5.02398e-01	-1.45554e-01	-9.91772e-01
     19160	 5.02401e-01	-1.55465e-01	-9.90269e-01
     19180	 5.02403e-01	-1.65360e-01	-9.88667e-01
     19200	 5.02406e-01	-1.75238e-01	-9.86967e-01
     19220	 5.02408e-01	-1.85100e-01	-9.85167e-01
     19240	 5.02411e-01	-1.94942e-01	-9.83270e-01
     19260	 5.02413e-01	-2.04766e-01	-9.81274e-01
     19280	 5.02416e-01	-2.14569e-01	-9.79179e-01
     19300	 5.02418e-01	-2.24350e-01	-9.76987e-01
     19320	 5.02421e-01	-2.34109e-01	-9.74697e-01
     19340	 5.02423e-01	-2.43845e-01	-9.72310e-01
     19360	 5.02426e-01	-2.53556e-01	-9.69825e-01
     19380	 5.02429e-01	-2.63242e-01	-9.67244e-01
     19400	 5.02431e-01	-2.72902e-01	-9.64565e-01
     19420	 5.02434e-01	-2.82535e-01	-9.61791e-01
     19440	 5.02436e-01	-2.92139e-01	-9.58920e-01
     19460	 5.02439e-01	-3.01714e-01	-9.55953e-01
     19480	 5.02441e-01	-3.11259e-01	-9.52890e-01
     19500	 5.02444e-01	-3.20773e-01	-9.49732e-01
     19520	 5.02446e-01	-3.30255e-01	-9.46480e-01
     19540	 5.02449e-01	-3.39704e-01	-9.43132e-01
     19560	 5.02451e-01	-3.49119e-01	-9.39690e-01
     19580	 5.02454e-01	-3.58499e-01	-9.36155e-01
     19600	 5.02456e-01	-3.67844e-01	-9.32525e-01
     19620	 5.02459e-01	-3.77151e-01	-9.28803e-01
     19640	 5.02461e-01	-3.86421e-01	-9.24987e-01
     19660	 5.02464e-01	-3.95653e-01	-9.21079e-01
     19680	 5.02466e-01	-4.04845e-01	-9.17079e-01
     19700	 5.02469e-01	-4.13996e-01	-9.12987e-01
     19720	 5.02471e-01	-4.23106e-01	-9.08803e-01
     19740	 5.02474e-01	-4.32174e-01	-9.04529e-01
     19760	 5.02476e-01	-4.41199e-01	-9.00165e-01
     19780	 5.02479e-01	-4.50179e-01	-8.95710e-01
     19800	 5.02481e-01	-4.59115e-01	-8.91166e-01
     19820	 5.02484e-01	-4.68004e-01	-8.86532e-01
     19840	 5.02486e-01	-4.76847e-01	-8.81810e-01
     19860	 5.02489e-01	-4.85643e-01	-8.77000e-01
     19880	 5.02491e-01	-4.94389e-01	-8.72102e-01
     19900	 5.02494e-01	-5.03087e-01	-8.67117e-01
     19920	 5.02496e-01	-5.11734e-01	-8.62045e-01
     19940	 5.02499e-01	-5.20330e-01	-8.56886e-01
     19960	 5.02501e-01	-5.28874e-01	-8.51642e-01
     19980	 5.02504e-01	-5.37365e-01	-8.46313e-01
     20000	 5.02506e-01	-5.45803e-01	-8.40900e-01
