 1.00000e-03	      1000	 5.00500e-01	 5.40573e-01	-8.41892e-01
 2.00000e-03	       500	 5.01502e-01	-4.16770e-01	-9.10663e-01
 3.00000e-03	       334	 5.03012e-01	-9.93250e-01	-1.39563e-01
 4.00000e-03	       250	 5.05028e-01	-6.55407e-01	 7.61904e-01
 5.00000e-03	       200	 5.07560e-01	 2.87713e-01	 9.65578e-01
 6.00000e-03	       167	 5.10620e-01	 9.71427e-01	 2.78513e-01
 7.00000e-03	       143	 5.14210e-01	 7.61231e-01	-6.70036e-01
 8.00000e-03	       125	 5.18341e-01	-1.53111e-01	-1.00660e+00
 9.00000e-03	       112	 5.23064e-01	-9.37270e-01	-4.09456e-01
 1.00000e-02	       100	 5.28321e-01	-8.55238e-01	 5.70271e-01
 1.10000e-02	        91	 5.34170e-01	 1.88692e-02	 1.03343e+00
 1.20000e-02	        84	 5.40670e-01	 8.89448e-01	 5.38724e-01
 1.30000e-02	        77	 5.47751e-01	 9.39552e-01	-4.61243e-01
 1.40000e-02	        72	 5.55535e-01	 1.12054e-01	-1.04810e+00
 1.50000e-02	        67	 5.63972e-01	-8.30885e-01	-6.61494e-01
 1.60000e-02	        63	 5.73140e-01	-1.01094e+00	 3.52537e-01
 1.70000e-02	        59	 5.82995e-01	-2.48650e-01	 1.05079e+00
 1.80000e-02	        56	 5.93668e-01	 7.62861e-01	 7.78061e-01
 1.90000e-02	        53	 6.05134e-01	 1.07558e+00	-2.31070e-01
 2.00000e-02	        50	 6.17356e-01	 3.90724e-01	-1.04021e+00
 2.10000e-02	        48	 6.30561e-01	-6.78315e-01	-8.94991e-01
 2.20000e-02	        46	 6.44753e-01	-1.13101e+00	 1.01587e-01
 2.30000e-02	        44	 6.59933e-01	-5.19681e-01	 1.02460e+00
 2.40000e-02	        42	 6.76088e-01	 5.96268e-01	 9.98319e-01
 2.50000e-02	        40	 6.93198e-01	 1.17683e+00	 3.83706e-02
 2.60000e-02	        39	 7.11710e-01	 6.63400e-01	-9.91625e-01
 2.70000e-02	        38	 7.31694e-01	-5.11025e-01	-1.09647e+00
 2.80000e-02	        36	 7.52631e-01	-1.21702e+00	-1.55308e-01
 2.90000e-02	        35	 7.75104e-01	-7.85802e-01	 9.65776e-01
 3.00000e-02	        34	 7.99178e-01	 4.17663e-01	 1.19328e+00
 3.10000e-02	        33	 8.24916e-01	 1.25585e+00	 2.69564e-01
 3.20000e-02	        32	 8.52380e-01	 8.98159e-01	-9.47666e-01
 3.30000e-02	        31	 8.81631e-01	-3.46561e-01	-1.28186e+00
 3.40000e-02	        30	 9.12724e-01	-1.29577e+00	-3.82648e-01
 3.50000e-02	        29	 9.45711e-01	-1.02717e+00	 9.14515e-01
 3.60000e-02	        28	 9.80636e-01	 2.28938e-01	 1.38161e+00
 3.70000e-02	        28	 1.01893e+00	 1.33038e+00	 5.17626e-01
 3.80000e-02	        27	 1.05941e+00	 1.15486e+00	-8.86066e-01
 3.90000e-02	        26	 1.10211e+00	-1.43992e-01	-1.47766e+00
 4.00000e-02	        25	 1.14705e+00	-1.34751e+00	-6.91608e-01
 4.10000e-02	        25	 1.19624e+00	-1.31846e+00	 8.08786e-01
 4.20000e-02	        24	 1.24793e+00	-2.07778e-02	 1.57969e+00
 4.30000e-02	        24	 1.30450e+00	 1.37484e+00	 8.47820e-01
 4.40000e-02	        23	 1.36384e+00	 1.48080e+00	-7.31381e-01
 4.50000e-02	        23	 1.42880e+00	 1.31266e-01	-1.68534e+00
 4.60000e-02	        22	 1.49681e+00	-1.39064e+00	-1.02944e+00
 4.70000e-02	        22	 1.57126e+00	-1.63553e+00	 6.83792e-01
 4.80000e-02	        21	 1.64906e+00	-3.02896e-01	 1.79064e+00
 4.90000e-02	        21	 1.73424e+00	 1.41213e+00	 1.21423e+00
 5.00000e-02	        20	 1.82304e+00	 1.83030e+00	-5.44151e-01
 5.10000e-02	        20	 1.92026e+00	 5.08917e-01	-1.89249e+00
 5.20000e-02	        20	 2.02681e+00	-1.41074e+00	-1.43646e+00
 5.30000e-02	        19	 2.13777e+00	-2.02161e+00	 4.34330e-01
 5.40000e-02	        19	 2.25937e+00	-6.97198e-01	 2.00815e+00
 5.50000e-02	        19	 2.39282e+00	 1.42560e+00	 1.65931e+00
 5.60000e-02	        18	 2.53155e+00	 2.22622e+00	-3.27210e-01
 5.70000e-02	        18	 2.68376e+00	 9.02137e-01	-2.13393e+00
 5.80000e-02	        18	 2.85100e+00	-1.43151e+00	-1.91122e+00
 5.90000e-02	        17	 3.02450e+00	-2.45276e+00	 1.81599e-01
 6.00000e-02	        17	 3.21502e+00	-1.16671e+00	 2.25141e+00
 6.10000e-02	        17	 3.42456e+00	 1.38484e+00	 2.22066e+00
 6.20000e-02	        17	 3.65537e+00	 2.70173e+00	-1.06664e-01
 6.30000e-02	        16	 3.89454e+00	 1.39803e+00	-2.41549e+00
 6.40000e-02	        16	 4.15776e+00	-1.37728e+00	-2.53350e+00
 6.50000e-02	        16	 4.44791e+00	-2.98083e+00	-1.02341e-01
 6.60000e-02	        16	 4.76825e+00	-1.61582e+00	 2.63166e+00
 6.70000e-02	        15	 5.09961e+00	 1.39732e+00	 2.87171e+00
 6.80000e-02	        15	 5.46500e+00	 3.28970e+00	 3.28440e-01
 6.90000e-02	        15	 5.86856e+00	 2.03755e+00	-2.75418e+00
 7.00000e-02	        15	 6.31501e+00	-1.42100e+00	-3.25742e+00
 7.10000e-02	        15	 6.80975e+00	-3.67338e+00	-3.54599e-01
 7.20000e-02	        14	 7.32098e+00	-2.34840e+00	 3.02109e+00
 7.30000e-02	        14	 7.88649e+00	 1.39692e+00	 3.71774e+00
 7.40000e-02	        14	 8.51310e+00	 4.06163e+00	 7.27590e-01
 7.50000e-02	        14	 9.20858e+00	 2.76473e+00	-3.28229e+00
 7.60000e-02	        14	 9.98184e+00	-1.58211e+00	-4.17859e+00
 7.70000e-02	        13	 1.07792e+01	-4.54126e+00	-9.67105e-01
 7.80000e-02	        13	 1.16636e+01	-3.35759e+00	 3.47184e+00
 7.90000e-02	        13	 1.26461e+01	 1.27442e+00	 4.86498e+00
 8.00000e-02	        13	 1.37396e+01	 5.04252e+00	 1.43257e+00
 8.10000e-02	        13	 1.49588e+01	 3.91187e+00	-3.82294e+00
 8.20000e-02	        13	 1.63204e+01	-1.50585e+00	-5.51120e+00
 8.30000e-02	        13	 1.78440e+01	-5.81997e+00	-1.34761e+00
 8.40000e-02	        12	 1.94149e+01	-4.43828e+00	 4.37397e+00
 8.50000e-02	        12	 2.11667e+01	 1.45072e+00	 6.34263e+00
 8.60000e-02	        12	 2.31237e+01	 6.46282e+00	 2.11643e+00
 8.70000e-02	        12	 2.53136e+01	 5.32623e+00	-4.71790e+00
 8.80000e-02	        12	 2.77688e+01	-1.53454e+00	-7.29265e+00
 8.90000e-02	        12	 3.05264e+01	-7.46877e+00	-2.29569e+00
 9.00000e-02	        12	 3.36293e+01	-5.83669e+00	 5.76123e+00
 9.10000e-02	        11	 3.68227e+01	 1.75826e+00	 8.39964e+00
 9.20000e-02	        11	 4.03999e+01	 8.42747e+00	 3.12689e+00
 9.30000e-02	        11	 4.44141e+01	 7.41790e+00	-5.81403e+00
 9.40000e-02	        11	 4.89268e+01	-1.23280e+00	-9.81498e+00
 9.50000e-02	        11	 5.40093e+01	-9.55661e+00	-4.08531e+00
 9.60000e-02	        11	 5.97439e+01	-8.70996e+00	 6.60488e+00
 9.70000e-02	        11	 6.62266e+01	 1.62508e+00	 1.13935e+01
 9.80000e-02	        11	 7.35689e+01	 1.13756e+01	 4.21118e+00
 9.90000e-02	        11	 8.19008e+01	 9.52933e+00	-8.54362e+00
 1.00000e-01	        10	 9.04694e+01	-2.10056e+00	-1.32863e+01
 1.01000e-01	        10	 1.00134e+02	-1.29933e+01	-5.60729e+00
 1.02000e-01	        10	 1.11053e+02	-1.22233e+01	 8.52628e+00
 1.03000e-01	        10	 1.23413e+02	 1.01516e+00	 1.56779e+01
 1.04000e-01	        10	 1.37430e+02	 1.47823e+01	 7.50632e+00
 1.05000e-01	        10	 1.53356e+02	 1.46845e+01	-9.54348e+00
 1.06000e-01	        10	 1.71485e+02	-1.13944e+00	-1.84844e+01
 1.07000e-01	        10	 1.92162e+02	-1.77094e+01	-8.40843e+00
 1.08000e-01	        10	 2.15789e+02	-1.67552e+01	 1.22818e+01
 1.09000e-01	        10	 2.42842e+02	 3.23802e+00	 2.17991e+01
 1.10000e-01	        10	 2.73879e+02	 2.21585e+01	 7.53391e+00
 1.11000e-01	        10	 3.09557e+02	 1.77286e+01	-1.74589e+01
 1.12000e-01	         9	 3.46311e+02	-5.50562e+00	-2.57354e+01
 1.13000e-01	         9	 3.88204e+02	-2.62001e+01	-9.48480e+00
 1.14000e-01	         9	 4.36043e+02	-2.30689e+01	 1.84367e+01
 1.15000e-01	         9	 4.90775e+02	 4.18344e+00	 3.10491e+01
 1.16000e-01	         9	 5.53511e+02	 3.06776e+01	 1.28804e+01
 1.17000e-01	         9	 6.25560e+02	 2.81430e+01	-2.14265e+01
 1.18000e-01	         9	 7.08464e+02	-5.14226e+00	-3.72892e+01
 1.19000e-01	         9	 8.04044e+02	-3.74195e+01	-1.44178e+01
 1.20000e-01	         9	 9.14457e+02	-3.25130e+01	 2.77817e+01
 1.21000e-01	         9	 1.04226e+03	 9.96466e+00	 4.45558e+01
 1.22000e-01	         9	 1.19048e+03	 4.71779e+01	 1.24580e+01
 1.23000e-01	         9	 1.36274e+03	 3.47174e+01	-3.89896e+01
 1.24000e-01	         9	 1.56335e+03	-2.08877e+01	-5.18691e+01
 1.25000e-01	         8	 1.76979e+03	-5.83884e+01	-1.14186e+01
 1.26000e-01	         8	 2.00747e+03	-4.37078e+01	 4.58755e+01
 1.27000e-01	         8	 2.28160e+03	 1.66722e+01	 6.54617e+01
 1.28000e-01	         8	 2.59837e+03	 6.88056e+01	 2.15066e+01
 1.29000e-01	         8	 2.96512e+03	 5.77230e+01	-5.09735e+01
 1.30000e-01	         8	 3.39054e+03	-1.52920e+01	-8.09149e+01
 1.31000e-01	         8	 3.88496e+03	-8.30438e+01	-2.95574e+01
 1.32000e-01	         8	 4.46069e+03	-7.17534e+01	 6.14233e+01
 1.33000e-01	         8	 5.13242e+03	 1.96297e+01	 9.93958e+01
 1.34000e-01	         8	 5.91772e+03	 1.03600e+02	 3.32044e+01
 1.35000e-01	         8	 6.83762e+03	 8.44930e+01	-8.08465e+01
 1.36000e-01	         8	 7.91734e+03	-3.40391e+01	-1.21145e+02
 1.37000e-01	         8	 9.18724e+03	-1.32640e+02	-2.79470e+01
 1.38000e-01	         8	 1.06839e+04	-9.20726e+01	 1.13536e+02
 1.39000e-01	         8	 1.24513e+04	 6.48558e+01	 1.43862e+02
 1.40000e-01	         8	 1.45430e+04	 1.70445e+02	 5.88178e+00
 1.41000e-01	         8	 1.70236e+04	 8.59717e+01	-1.63267e+02
 1.42000e-01	         8	 1.99715e+04	-1.19959e+02	-1.59853e+02
 1.43000e-01	         7	 2.30118e+04	-2.14046e+02	 1.44143e+01
 1.44000e-01	         7	 2.65671e+04	-1.11005e+02	 2.02020e+02
 1.45000e-01	         7	 3.07326e+04	 1.20063e+02	 2.16910e+02
 1.46000e-01	         7	 3.56221e+04	 2.66577e+02	 1.34547e+01
 1.47000e-01	         7	 4.13726e+04	 1.62313e+02	-2.37486e+02
 1.48000e-01	         7	 4.81486e+04	-1.29078e+02	-2.82199e+02
 1.49000e-01	         7	 5.61484e+04	-3.33211e+02	-3.55958e+01
 1.50000e-01	         7	 6.56116e+04	-2.14874e+02	 2.91637e+02
 1.51000e-01	         7	 7.68278e+04	 1.57718e+02	 3.58860e+02
 1.52000e-01	         7	 9.01482e+04	 4.22458e+02	 4.27260e+01
 1.53000e-01	         7	 1.05999e+05	 2.63326e+02	-3.77700e+02
 1.54000e-01	         7	 1.24899e+05	-2.22227e+02	-4.47675e+02
 1.55000e-01	         7	 1.47480e+05	-5.42795e+02	-1.82430e+01
 1.56000e-01	         7	 1.74514e+05	-2.94126e+02	 5.12364e+02
 1.57000e-01	         7	 2.06945e+05	 3.46614e+02	 5.41986e+02
 1.58000e-01	         7	 2.45932e+05	 6.98160e+02	-6.66051e+01
 1.59000e-01	         7	 2.92897e+05	 2.78142e+02	-7.13044e+02
 1.60000e-01	         7	 3.49592e+05	-5.62996e+02	-6.18240e+02
 1.61000e-01	         7	 4.18176e+05	-8.77561e+02	 2.57370e+02
 1.62000e-01	         7	 5.01318e+05	-1.60798e+02	 9.88322e+02
 1.63000e-01	         7	 6.02325e+05	 9.05222e+02	 6.20663e+02
 1.64000e-01	         7	 7.25297e+05	 1.03498e+03	-6.15964e+02
 1.65000e-01	         7	 8.75336e+05	-1.46215e+02	-1.31503e+03
 1.66000e-01	         7	 1.05880e+06	-1.38647e+03	-4.41929e+02
 1.67000e-01	         6	 1.24879e+06	-1.22460e+03	 9.98973e+02
 1.68000e-01	         6	 1.47576e+06	 1.92274e+02	 1.70721e+03
 1.69000e-01	         6	 1.74742e+06	 1.67996e+03	 8.20101e+02
 1.70000e-01	         6	 2.07318e+06	 1.72932e+03	-1.07508e+03
 1.71000e-01	         6	 2.46456e+06	-3.50858e+00	-2.22016e+03
 1.72000e-01	         6	 2.93569e+06	-2.06926e+03	-1.26076e+03
 1.73000e-01	         6	 3.50391e+06	-2.34733e+03	 1.22387e+03
 1.74000e-01	         6	 4.19059e+06	-1.63581e+02	 2.89040e+03
 1.75000e-01	         6	 5.02202e+06	 2.63722e+03	 1.75759e+03
 1.76000e-01	         6	 6.03073e+06	 3.11590e+03	-1.53384e+03
 1.77000e-01	         6	 7.25694e+06	 2.36982e+02	-3.80233e+03
 1.78000e-01	         6	 8.75052e+06	-3.50817e+03	-2.27899e+03
 1.79000e-01	         6	 1.05734e+07	-4.06473e+03	 2.15054e+03
 1.80000e-01	         6	 1.28028e+07	-7.89599e+01	 5.05957e+03
 1.81000e-01	         6	 1.55347e+07	 4.85913e+03	 2.73098e+03
 1.82000e-01	         6	 1.88894e+07	 5.18084e+03	-3.30721e+03
 1.83000e-01	         6	 2.30172e+07	-5.64738e+02	-6.76132e+03
 1.84000e-01	         6	 2.81069e+07	-6.91829e+03	-2.88981e+03
 1.85000e-01	         6	 3.43956e+07	-6.33340e+03	 5.35530e+03
 1.86000e-01	         6	 4.21820e+07	 2.13427e+03	 8.93359e+03
 1.87000e-01	         6	 5.18432e+07	 9.92120e+03	 2.29264e+03
 1.88000e-01	         6	 6.38557e+07	 7.13149e+03	-8.76660e+03
 1.89000e-01	         6	 7.88236e+07	-5.32379e+03	-1.13712e+04
 1.90000e-01	         6	 9.75139e+07	-1.39650e+04	-8.87383e+01
 1.91000e-01	         6	 1.20902e+08	-6.69069e+03	 1.40371e+04
 1.92000e-01	         6	 1.50233e+08	 1.10786e+04	 1.33316e+04
 1.93000e-01	         6	 1.87095e+08	 1.86612e+04	-5.09435e+03
 1.94000e-01	         6	 2.33525e+08	 3.32737e+03	-2.13537e+04
 1.95000e-01	         6	 2.92133e+08	-2.03517e+04	-1.30412e+04
 1.96000e-01	         6	 3.66276e+08	-2.24688e+04	 1.50898e+04
 1.97000e-01	         6	 4.60281e+08	 5.66046e+03	 2.98081e+04
 1.98000e-01	         6	 5.79733e+08	 3.33007e+04	 7.10836e+03
 1.99000e-01	         6	 7.31860e+08	 2.16812e+04	-3.15221e+04
 2.00000e-01	         5	 8.90419e+08	-1.58283e+04	-3.91191e+04
 2.01000e-01	         5	 1.08542e+09	-4.57135e+04	-9.00658e+03
 2.02000e-01	         5	 1.32569e+09	-3.57984e+04	 3.70116e+04
 2.03000e-01	         5	 1.62231e+09	 1.31331e+04	 5.54268e+04
 2.04000e-01	         5	 1.98917e+09	 5.96308e+04	 2.05549e+04
 2.05000e-01	         5	 2.44378e+09	 5.44029e+04	-4.39077e+04
 2.06000e-01	         5	 3.00821e+09	-9.59654e+03	-7.69697e+04
 2.07000e-01	         5	 3.71036e+09	-7.84385e+04	-3.56107e+04
 2.08000e-01	         5	 4.58550e+09	-7.90813e+04	 5.40106e+04
 2.09000e-01	         5	 5.67840e+09	 6.23955e+03	 1.06385e+05
 2.10000e-01	         5	 7.04590e+09	 1.05444e+05	 5.45277e+04
 2.11000e-01	         5	 8.76036e+09	 1.11972e+05	-7.05907e+04
 2.12000e-01	         5	 1.09141e+10	-5.35235e+03	-1.47647e+05
 2.13000e-01	         5	 1.36250e+10	-1.46019e+05	-7.69950e+04
 2.14000e-01	         5	 1.70439e+10	-1.55553e+05	 9.94542e+04
 2.15000e-01	         5	 2.13646e+10	 1.17643e+04	 2.06376e+05
 2.16000e-01	         5	 2.68359e+10	 2.08588e+05	 1.00810e+05
 2.17000e-01	         5	 3.37780e+10	 2.11805e+05	-1.50647e+05
 2.18000e-01	         5	 4.26043e+10	-3.51339e+04	-2.89783e+05
 2.19000e-01	         5	 5.38492e+10	-3.05709e+05	-1.19334e+05
 2.20000e-01	         5	 6.82047e+10	-2.79949e+05	 2.40911e+05
 2.21000e-01	         5	 8.65690e+10	 9.37722e+04	 4.05395e+05
 2.22000e-01	         5	 1.10110e+11	 4.54548e+05	 1.16645e+05
 2.23000e-01	         5	 1.40350e+11	 3.51315e+05	-3.96584e+05
 2.24000e-01	         5	 1.79277e+11	-2.20362e+05	-5.56771e+05
 2.25000e-01	         5	 2.29489e+11	-6.74896e+05	-5.91064e+04
 2.26000e-01	         5	 2.94397e+11	-3.98992e+05	 6.55438e+05
 2.27000e-01	         5	 3.78477e+11	 4.68958e+05	 7.32825e+05
 2.28000e-01	         5	 4.87624e+11	 9.80526e+05	-1.17543e+05
 2.29000e-01	         5	 6.29613e+11	 3.59266e+05	-1.06309e+06
 2.30000e-01	         5	 8.14722e+11	-9.19648e+05	-8.85264e+05
 2.31000e-01	         5	 1.05656e+12	-1.35595e+06	 5.23957e+05
 2.32000e-01	         5	 1.37321e+12	-1.03049e+05	 1.65402e+06
 2.33000e-01	         5	 1.78869e+12	 1.67023e+06	 8.87533e+05
 2.34000e-01	         5	 2.33504e+12	 1.70603e+06	-1.32647e+06
 2.35000e-01	         5	 3.05506e+12	-5.97517e+05	-2.39856e+06
 2.36000e-01	         5	 4.00603e+12	-2.79078e+06	-4.72893e+05
 2.37000e-01	         5	 5.26479e+12	-1.76503e+06	 2.72291e+06
 2.38000e-01	         5	 6.93465e+12	 2.08170e+06	 3.08801e+06
 2.39000e-01	         5	 9.15479e+12	 4.19759e+06	-8.30577e+05
 2.40000e-01	         5	 1.21131e+13	 9.66874e+05	-4.82611e+06
 2.41000e-01	         5	 1.60639e+13	-4.72224e+06	-3.13499e+06
 2.42000e-01	         5	 2.13519e+13	-5.38932e+06	 3.69580e+06
 2.43000e-01	         5	 2.84457e+13	 1.66228e+06	 7.35718e+06
 2.44000e-01	         5	 3.79835e+13	 8.61545e+06	 1.31946e+06
 2.45000e-01	         5	 5.08364e+13	 5.02269e+06	-8.74331e+06
 2.46000e-01	         5	 6.81964e+13	-7.38541e+06	-9.04702e+06
 2.47000e-01	         5	 9.16973e+13	-1.28352e+07	 4.31895e+06
 2.48000e-01	         5	 1.23585e+14	-4.83002e+05	 1.57142e+07
 2.49000e-01	         5	 1.66951e+14	 1.69604e+07	 6.80051e+06
 2.50000e-01	         4	 2.12767e+14	 1.70420e+07	-1.16235e+07
 2.51000e-01	         4	 2.71669e+14	-2.67117e+05	-2.33081e+07
 2.52000e-01	         4	 3.47533e+14	-2.21690e+07	-1.42690e+07
 2.53000e-01	         4	 4.45428e+14	-2.72616e+07	 1.21516e+07
 2.54000e-01	         4	 5.71987e+14	-5.27275e+06	 3.34092e+07
 2.55000e-01	         4	 7.35911e+14	 2.86236e+07	 2.55443e+07
 2.56000e-01	         4	 9.48633e+14	 4.19344e+07	-1.17801e+07
 2.57000e-01	         4	 1.22520e+15	 1.41889e+07	-4.74244e+07
 2.58000e-01	         4	 1.58546e+15	-3.70992e+07	-4.23623e+07
 2.59000e-01	         4	 2.05563e+15	-6.32775e+07	 1.03539e+07
 2.60000e-01	         4	 2.67041e+15	-2.78612e+07	 6.75616e+07
 2.61000e-01	         4	 3.47584e+15	 4.91266e+07	 6.73666e+07
 2.62000e-01	         4	 4.53307e+15	 9.48785e+07	-8.01236e+06
 2.63000e-01	         4	 5.92349e+15	 4.81106e+07	-9.76338e+07
 2.64000e-01	         4	 7.75567e+15	-6.76899e+07	-1.04544e+08
 2.65000e-01	         4	 1.01747e+16	-1.42537e+08	 5.70275e+06
 2.66000e-01	         4	 1.33746e+16	-7.71001e+07	 1.44239e+08
 2.67000e-01	         4	 1.76160e+16	 9.85516e+07	 1.59749e+08
 2.68000e-01	         4	 2.32489e+16	 2.15540e+08	-6.32921e+06
 2.69000e-01	         4	 3.07444e+16	 1.16771e+08	-2.18754e+08
 2.70000e-01	         4	 4.07383e+16	-1.52715e+08	-2.41153e+08
 2.71000e-01	         4	 5.40899e+16	-3.28457e+08	 1.71951e+07
 2.72000e-01	         4	 7.19626e+16	-1.67127e+08	 3.40579e+08
 2.73000e-01	         4	 9.59356e+16	 2.50873e+08	 3.59074e+08
 2.74000e-01	         4	 1.28155e+17	 5.03279e+08	-5.49633e+07
 2.75000e-01	         4	 1.71546e+17	 2.21907e+08	-5.42078e+08
 2.76000e-01	         4	 2.30098e+17	-4.31096e+08	-5.23787e+08
 2.77000e-01	         4	 3.09271e+17	-7.70994e+08	 1.55271e+08
 2.78000e-01	         4	 4.16543e+17	-2.58768e+08	 8.75285e+08
 2.79000e-01	         4	 5.62184e+17	 7.61302e+08	 7.38096e+08
 2.80000e-01	         4	 7.60323e+17	 1.16972e+09	-3.90378e+08
 2.81000e-01	         4	 1.03044e+18	 2.18703e+08	-1.41882e+09
 2.82000e-01	         4	 1.39943e+18	-1.35742e+09	-9.77888e+08
 2.83000e-01	         4	 1.90453e+18	-1.73215e+09	 8.99282e+08
 2.84000e-01	         4	 2.59740e+18	 3.40170e+07	 2.27895e+09
 2.85000e-01	         4	 3.54979e+18	 2.40465e+09	 1.14771e+09
 2.86000e-01	         4	 4.86165e+18	 2.44618e+09	-1.93378e+09
 2.87000e-01	         4	 6.67245e+18	-7.83285e+08	-3.56810e+09
 2.88000e-01	         4	 9.17718e+18	-4.16838e+09	-9.89434e+08
 2.89000e-01	         4	 1.26491e+19	-3.15683e+09	 3.91568e+09
 2.90000e-01	         4	 1.74717e+19	 2.57397e+09	 5.32148e+09
 2.91000e-01	         4	 2.41849e+19	 6.95430e+09	-8.65215e+07
 2.92000e-01	         4	 3.35495e+19	 3.35471e+09	-7.47294e+09
 2.93000e-01	         4	 4.66405e+19	-6.35496e+09	-7.27294e+09
 2.94000e-01	         4	 6.49801e+19	-1.09203e+10	 3.27204e+09
 2.95000e-01	         4	 9.07273e+19	-1.77598e+09	 1.33529e+10
 2.96000e-01	         4	 1.26952e+20	 1.35687e+10	 8.35438e+09
 2.97000e-01	         4	 1.78029e+20	 1.55425e+10	-1.06999e+10
 2.98000e-01	         4	 2.50201e+20	-4.23800e+09	-2.19645e+10
 2.99000e-01	         4	 3.52403e+20	-2.59196e+10	-5.74268e+09
 3.00000e-01	         4	 4.97446e+20	-1.84040e+10	 2.56161e+10
 3.01000e-01	         4	 7.03735e+20	 1.94970e+10	 3.20521e+10
 3.02000e-01	         4	 9.97776e+20	 4.41776e+10	-6.62520e+09
 3.03000e-01	         4	 1.41782e+21	 1.29220e+10	-5.16590e+10
 3.04000e-01	         4	 2.01917e+21	-5.11448e+10	-3.77165e+10
 3.05000e-01	         4	 2.88199e+21	-6.47746e+10	 3.96008e+10
 3.06000e-01	         4	 4.12272e+21	 1.49816e+10	 8.95600e+10
 3.07000e-01	         4	 5.91083e+21	 1.06257e+11	 2.30464e+10
 3.08000e-01	         4	 8.49354e+21	 7.24330e+10	-1.08354e+11
 3.09000e-01	         4	 1.22323e+22	-8.95404e+10	-1.28246e+11
 3.10000e-01	         4	 1.76567e+22	-1.82481e+11	 4.48763e+10
 3.11000e-01	         4	 2.55443e+22	-2.78633e+10	 2.24304e+11
 3.12000e-01	         4	 3.70395e+22	 2.40828e+11	 1.26810e+11
 3.13000e-01	         4	 5.38301e+22	 2.44789e+11	-2.18491e+11
 3.14000e-01	         4	 7.84110e+22	-1.45010e+11	-3.68502e+11
 3.15000e-01	         4	 1.14478e+23	-4.78348e+11	 1.18405e+10
 3.16000e-01	         4	 1.67520e+23	-1.83050e+11	 5.49120e+11
 3.17000e-01	         4	 2.45703e+23	 5.51784e+11	 4.32365e+11
 3.18000e-01	         4	 3.61206e+23	 7.16988e+11	-4.56442e+11
 3.19000e-01	         4	 5.32236e+23	-2.36508e+11	-1.00426e+12
 3.20000e-01	         4	 7.86070e+23	-1.24750e+12	-1.26043e+11
 3.21000e-01	         4	 1.16366e+24	-6.34645e+11	 1.38728e+12
 3.22000e-01	         4	 1.72666e+24	 1.35490e+12	 1.27183e+12
 3.23000e-01	         4	 2.56803e+24	 1.99329e+12	-1.07836e+12
 3.24000e-01	         4	 3.82835e+24	-4.91077e+11	-2.72315e+12
 3.25000e-01	         4	 5.72062e+24	-3.35151e+12	-4.56766e+11
 3.26000e-01	         4	 8.56835e+24	-1.78458e+12	 3.73524e+12
 3.27000e-01	         4	 1.28640e+25	 3.70322e+12	 3.46614e+12
 3.28000e-01	         4	 1.93590e+25	 5.41397e+12	-3.06707e+12
 3.29000e-01	         4	 2.92025e+25	-1.63805e+12	-7.46470e+12
 3.30000e-01	         4	 4.41560e+25	-9.36754e+12	-7.49030e+11
 3.31000e-01	         4	 6.69259e+25	-4.20515e+12	 1.07782e+13
 3.32000e-01	         4	 1.01680e+26	 1.12605e+13	 8.74993e+12
 3.33000e-01	         4	 1.54853e+26	 1.42695e+13	-1.02999e+13
 3.34000e-01	         3	 2.12673e+26	-4.42777e+11	-2.06192e+13
 3.35000e-01	         3	 2.92611e+26	-2.02408e+13	-1.32489e+13
 3.36000e-01	         3	 4.03325e+26	-2.62378e+13	 1.08733e+13
 3.37000e-01	         3	 5.56937e+26	-6.72164e+12	 3.26909e+13
 3.38000e-01	         3	 7.70455e+26	 2.74683e+13	 2.80429e+13
 3.39000e-01	         3	 1.06777e+27	 4.54253e+13	-8.49042e+12
 3.40000e-01	         3	 1.48254e+27	 2.13453e+13	-5.00944e+13
 3.41000e-01	         3	 2.06218e+27	-3.53611e+13	-5.36092e+13
 3.42000e-01	         3	 2.87371e+27	-7.58117e+13	 6.78181e+10
 3.43000e-01	         3	 4.01199e+27	-4.89872e+13	 7.49949e+13
 3.44000e-01	         3	 5.61147e+27	 4.27455e+13	 9.69317e+13
 3.45000e-01	         3	 7.86314e+27	 1.23826e+14	 1.98335e+13
 3.46000e-01	         3	 1.10387e+28	 9.91198e+13	-1.10692e+14
 3.47000e-01	         3	 1.55256e+28	-4.72905e+13	-1.69749e+14
 3.48000e-01	         3	 2.18770e+28	-2.00174e+14	-6.06992e+13
 3.49000e-01	         3	 3.08841e+28	-1.88001e+14	 1.62553e+14
 3.50000e-01	         3	 4.36811e+28	 4.48005e+13	 2.92156e+14
 3.51000e-01	         3	 6.18965e+28	 3.23248e+14	 1.38937e+14
 3.52000e-01	         3	 8.78726e+28	 3.43751e+14	-2.39960e+14
 3.53000e-01	         3	 1.24985e+29	-2.83151e+13	-4.99168e+14
 3.54000e-01	         3	 1.78107e+29	-5.25642e+14	-2.82692e+14
 3.55000e-01	         3	 2.54288e+29	-6.15330e+14	 3.60479e+14
 3.56000e-01	         3	 3.63741e+29	-1.26489e+13	 8.52832e+14
 3.57000e-01	         3	 5.21294e+29	 8.66767e+14	 5.39726e+14
 3.58000e-01	         3	 7.48514e+29	 1.08840e+15	-5.58933e+14
 3.59000e-01	         3	 1.07682e+30	 9.14700e+13	-1.46468e+15
 3.60000e-01	         3	 1.55209e+30	-1.45761e+15	-9.89731e+14
 3.61000e-01	         3	 2.24142e+30	-1.91305e+15	 9.07233e+14
 3.62000e-01	         3	 3.24311e+30	-2.18753e+14	 2.53740e+15
 3.63000e-01	         3	 4.70149e+30	 2.50958e+15	 1.76210e+15
 3.64000e-01	         3	 6.82882e+30	 3.35128e+15	-1.55774e+15
 3.65000e-01	         3	 9.93789e+30	 3.81887e+14	-4.44184e+15
 3.66000e-01	         3	 1.44905e+31	-4.43095e+15	-3.05739e+15
 3.67000e-01	         3	 2.11696e+31	-5.85561e+15	 2.83744e+15
 3.68000e-01	         3	 3.09876e+31	-4.85508e+14	 7.85744e+15
 3.69000e-01	         3	 4.54472e+31	 8.01622e+15	 5.16087e+15
 3.70000e-01	         3	 6.67842e+31	 1.01911e+16	-5.45065e+15
 3.71000e-01	         3	 9.83308e+31	 1.94728e+14	-1.40223e+16
 3.72000e-01	         3	 1.45063e+32	-1.48131e+16	-8.40818e+15
 3.73000e-01	         3	 2.14425e+32	-1.76027e+16	 1.09084e+16
 3.74000e-01	         3	 3.17576e+32	 1.45246e+15	 2.51603e+16
 3.75000e-01	         3	 4.71277e+32	 2.78183e+16	 1.29884e+16
 3.76000e-01	         3	 7.00749e+32	 2.99802e+16	-2.24206e+16
 3.77000e-01	         3	 1.04402e+33	-6.95929e+15	-4.51620e+16
 3.78000e-01	         3	 1.55853e+33	-5.27506e+16	-1.82872e+16
 3.79000e-01	         3	 2.33122e+33	-4.98162e+16	 4.66989e+16
 3.80000e-01	         3	 3.49395e+33	 2.24385e+16	 8.05259e+16
 3.81000e-01	         3	 5.24707e+33	 1.00254e+17	 2.10521e+16
 3.82000e-01	         3	 7.89558e+33	 7.93180e+16	-9.74670e+16
 3.83000e-01	         3	 1.19048e+34	-6.21009e+16	-1.41255e+17
 3.84000e-01	         3	 1.79858e+34	-1.89357e+17	-1.07444e+16
 3.85000e-01	         3	 2.72276e+34	-1.16951e+17	 2.01935e+17
 3.86000e-01	         3	 4.13015e+34	 1.57551e+17	 2.40376e+17
 3.87000e-01	         3	 6.27765e+34	 3.51906e+17	-4.14118e+16
 3.88000e-01	         3	 9.56108e+34	 1.47190e+17	-4.11773e+17
 3.89000e-01	         3	 1.45914e+35	-3.75929e+17	-3.87949e+17
 3.90000e-01	         3	 2.23135e+35	-6.35281e+17	 2.06609e+17
 3.91000e-01	         3	 3.41917e+35	-1.13911e+17	 8.19059e+17
 3.92000e-01	         3	 5.24999e+35	 8.52477e+17	 5.68578e+17
 3.93000e-01	         3	 8.07760e+35	 1.09333e+18	-6.48198e+17
 3.94000e-01	         3	 1.24536e+36	-1.42369e+17	-1.57177e+18
 3.95000e-01	         3	 1.92396e+36	-1.84141e+18	-6.76129e+17
 3.96000e-01	         3	 2.97844e+36	-1.73637e+18	 1.71519e+18
 3.97000e-01	         3	 4.62035e+36	 1.02011e+18	 2.86358e+18
 3.98000e-01	         3	 7.18216e+36	 3.77392e+18	 3.49078e+17
 3.99000e-01	         3	 1.11875e+37	 2.36716e+18	-4.09530e+18
 4.00000e-01	         3	 1.74625e+37	-3.42134e+18	-4.81865e+18
 4.01000e-01	         3	 2.73136e+37	-7.25699e+18	 1.40114e+18
 4.02000e-01	         3	 4.28108e+37	-2.13996e+18	 9.00234e+18
 4.03000e-01	         3	 6.72403e+37	 9.19730e+18	 7.06331e+18
 4.04000e-01	         3	 1.05831e+38	 1.27888e+19	-6.93589e+18
 4.05000e-01	         3	 1.66916e+38	-1.47058e+18	-1.82118e+19
 4.06000e-01	         3	 2.63811e+38	-2.17065e+19	-7.51316e+18
 4.07000e-01	         3	 4.17826e+38	-1.95866e+19	 2.12607e+19
 4.08000e-01	         3	 6.63147e+38	 1.47740e+19	 3.32870e+19
 4.09000e-01	         3	 1.05472e+39	 4.59255e+19	-5.34696e+17
 4.10000e-01	         3	 1.68103e+39	 2.21444e+19	-5.35881e+19
 4.11000e-01	         3	 2.68492e+39	-5.14313e+19	-5.21983e+19
 4.12000e-01	         3	 4.29738e+39	-8.61075e+19	 3.43550e+19
 4.13000e-01	         3	 6.89279e+39	-1.90000e+18	 1.17397e+20
 4.14000e-01	         3	 1.10791e+40	 1.36553e+20	 5.92577e+19
 4.15000e-01	         3	 1.78459e+40	 1.35540e+20	-1.31608e+20
 4.16000e-01	         3	 2.88068e+40	-8.96005e+19	-2.22678e+20
 4.17000e-01	         3	 4.65990e+40	-3.05282e+20	-9.21050e+17
 4.18000e-01	         3	 7.55412e+40	-1.46349e+20	 3.60089e+20
 4.19000e-01	         3	 1.22721e+41	 3.56874e+20	 3.43632e+20
 4.20000e-01	         3	 1.99795e+41	 5.75534e+20	-2.61439e+20
 4.21000e-01	         3	 3.25972e+41	-4.11806e+19	-8.06380e+20
 4.22000e-01	         3	 5.32978e+41	-9.79456e+20	-3.26530e+20
 4.23000e-01	         3	 8.73318e+41	-8.43349e+20	 1.01754e+21
 4.24000e-01	         3	 1.43407e+42	 8.28247e+20	 1.47721e+21
 4.25000e-01	         3	 2.35997e+42	 2.14949e+21	-3.15687e+20
 4.26000e-01	         3	 3.89208e+42	 6.00202e+20	-2.72469e+21
 4.27000e-01	         3	 6.43275e+42	-3.00629e+21	-1.95645e+21
 4.28000e-01	         3	 1.06550e+43	-3.71287e+21	 2.74310e+21
 4.29000e-01	         3	 1.76870e+43	 1.65089e+21	 5.71389e+21
 4.30000e-01	         3	 2.94238e+43	 7.65176e+21	 5.46010e+20
 4.31000e-01	         3	 4.90558e+43	 4.04984e+21	-9.03938e+21
 4.32000e-01	         3	 8.19653e+43	-9.20382e+21	-8.90057e+21
 4.33000e-01	         3	 1.37252e+44	-1.48662e+22	 7.31427e+21
 4.34000e-01	         3	 2.30334e+44	 2.45946e+21	 2.13218e+22
 4.35000e-01	         3	 3.87392e+44	 2.71332e+22	 6.21080e+21
 4.36000e-01	         3	 6.52975e+44	 1.92684e+22	-3.05725e+22
 4.37000e-01	         3	 1.10306e+45	-2.92998e+22	-3.67102e+22
 4.38000e-01	         3	 1.86748e+45	-5.75893e+22	 2.04556e+22
 4.39000e-01	         3	 3.16864e+45	 9.16092e+20	 7.96017e+22
 4.40000e-01	         3	 5.38827e+45	 9.86775e+22	 3.22378e+22
 4.41000e-01	         3	 9.18304e+45	 8.09906e+22	-1.08658e+23
 4.42000e-01	         3	 1.56851e+46	-1.01175e+23	-1.45374e+23
 4.43000e-01	         3	 2.68505e+46	-2.22173e+23	 6.58805e+22
 4.44000e-01	         3	 4.60662e+46	-8.79153e+21	 3.03406e+23
 4.45000e-01	         3	 7.92100e+46	 3.74742e+23	 1.34122e+23
 4.46000e-01	         3	 1.36504e+47	 3.18672e+23	-4.14074e+23
 4.47000e-01	         3	 2.35767e+47	-3.90639e+23	-5.64743e+23
 4.48000e-01	         3	 4.08123e+47	-8.63666e+23	 2.65189e+23
 4.49000e-01	         3	 7.08062e+47	-8.11315e+21	 1.18998e+24
 4.50000e-01	         3	 1.23119e+48	 1.49485e+24	 4.77282e+23
 4.51000e-01	         3	 2.14564e+48	 1.18467e+24	-1.69937e+24
 4.52000e-01	         3	 3.74771e+48	-1.68884e+24	-2.15482e+24
 4.53000e-01	         3	 6.56075e+48	-3.37723e+24	 1.30989e+24
 4.54000e-01	         3	 1.15112e+49	 3.72566e+23	 4.78368e+24
 4.55000e-01	         3	 2.02427e+49	 6.22029e+24	 1.33920e+24
 4.56000e-01	         3	 3.56780e+49	 4.04507e+24	-7.41576e+24
 4.57000e-01	         3	 6.30256e+49	-7.94858e+24	-7.92915e+24
 4.58000e-01	         3	 1.11588e+50	-1.30795e+25	 7.21831e+24
 4.59000e-01	         3	 1.98020e+50	 4.42890e+24	 1.94017e+25
 4.60000e-01	         3	 3.52197e+50	 2.65032e+25	 1.40469e+24
 4.61000e-01	         3	 6.27847e+50	 1.14108e+25	-3.35483e+25
 4.62000e-01	         3	 1.12179e+51	-3.90856e+25	-2.67564e+25
 4.63000e-01	         3	 2.00893e+51	-4.84584e+25	 4.08614e+25
 4.64000e-01	         3	 3.60588e+51	 3.56374e+25	 7.70827e+25
 4.65000e-01	         3	 6.48714e+51	 1.12300e+26	-1.90499e+25
 4.66000e-01	         3	 1.16975e+52	 1.44363e+25	-1.52271e+26
 4.67000e-01	         3	 2.11412e+52	-1.92832e+26	-7.14001e+25
 4.68000e-01	         3	 3.82971e+52	-1.59055e+26	 2.26486e+26
 4.69000e-01	         3	 6.95350e+52	 2.41204e+26	 2.84413e+26
 4.70000e-01	         3	 1.26545e+53	 4.52852e+26	-2.19122e+26
 4.71000e-01	         3	 2.30828e+53	-1.35255e+26	-6.65854e+26
 4.72000e-01	         3	 4.22024e+53	-9.17689e+26	-4.35301e+25
 4.73000e-01	         3	 7.73380e+53	-3.58911e+26	 1.19077e+27
 4.74000e-01	         3	 1.42055e+54	 1.44947e+27	 8.60307e+26
 4.75000e-01	         3	 2.61535e+54	 1.60210e+27	-1.63217e+27
 4.76000e-01	         3	 4.82628e+54	-1.64160e+27	-2.63775e+27
 4.77000e-01	         3	 8.92705e+54	-4.00940e+27	 1.33371e+27
 4.78000e-01	         3	 1.65507e+55	 5.05728e+26	 5.73111e+27
 4.79000e-01	         3	 3.07567e+55	 7.76337e+27	 1.11511e+27
 4.80000e-01	         3	 5.72900e+55	 3.87976e+27	-9.97634e+27
 4.81000e-01	         3	 1.06963e+56	-1.20988e+28	-8.21867e+27
 4.82000e-01	         3	 2.00175e+56	-1.46301e+28	 1.36495e+28
 4.83000e-01	         3	 3.75495e+56	 1.38491e+28	 2.36472e+28
 4.84000e-01	         3	 7.06025e+56	 3.57711e+28	-1.15100e+28
 4.85000e-01	         3	 1.33063e+57	-4.90567e+27	-5.13537e+28
 4.86000e-01	         3	 2.51374e+57	-7.04083e+28	-8.37574e+27
 4.87000e-01	         3	 4.76000e+57	-3.15818e+28	 9.23179e+28
 4.88000e-01	         3	 9.03484e+57	 1.15406e+29	 6.89286e+28
 4.89000e-01	         3	 1.71894e+58	 1.25676e+29	-1.36324e+29
 4.90000e-01	         3	 3.27817e+58	-1.49207e+29	-2.08089e+29
 4.91000e-01	         3	 6.26661e+58	-3.23177e+29	 1.44530e+29
 4.92000e-01	         3	 1.20078e+59	 1.07625e+29	 4.78093e+29
 4.93000e-01	         3	 2.30637e+59	 6.78964e+29	-1.67880e+28
 4.94000e-01	         3	 4.44046e+59	 1.59033e+29	-9.28870e+29
 4.95000e-01	         3	 8.56963e+59	-1.22458e+30	-4.62956e+29
 4.96000e-01	         3	 1.65780e+60	-9.53169e+29	 1.55148e+30
 4.97000e-01	         3	 3.21471e+60	 1.87594e+30	 1.70595e+30
 4.98000e-01	         3	 6.24870e+60	 2.81821e+30	-2.13426e+30
 4.99000e-01	         3	 1.21753e+61	-2.21681e+30	-4.40866e+30
 5.00000e-01	         2	 1.90238e+61	-6.07126e+30	-1.08969e+30
 5.01000e-01	         2	 2.97724e+61	-5.63924e+30	 5.26723e+30
 5.02000e-01	         2	 4.66686e+61	 1.07017e+30	 9.60166e+30
 5.03000e-01	         2	 7.32712e+61	 1.04587e+31	 6.09576e+30
 5.04000e-01	         2	 1.15223e+62	 1.39465e+31	-5.99501e+30
 5.05000e-01	         2	 1.81486e+62	 4.33487e+30	-1.85521e+31
 5.06000e-01	         2	 2.86318e+62	-1.55498e+31	-1.81890e+31
 5.07000e-01	         2	 4.52431e+62	-2.99964e+31	 2.25393e+30
 5.08000e-01	         2	 7.16074e+62	-1.99654e+31	 3.21486e+31
 5.09000e-01	         2	 1.13518e+63	 1.79345e+31	 4.41443e+31
 5.10000e-01	         2	 1.80250e+63	 5.82969e+31	 1.43691e+31
 5.11000e-01	         2	 2.86674e+63	 5.77596e+31	-4.89624e+31
 5.12000e-01	         2	 4.56675e+63	-7.51922e+30	-9.52730e+31
 5.13000e-01	         2	 7.28668e+63	-1.03291e+32	-6.24854e+31
 5.14000e-01	         2	 1.16455e+64	-1.40237e+32	 6.02056e+31
 5.15000e-01	         2	 1.86421e+64	-4.10305e+31	 1.88681e+32
 5.16000e-01	         2	 2.98908e+64	 1.64613e+32	 1.80787e+32
 5.17000e-01	         2	 4.80052e+64	 3.07548e+32	-3.77452e+31
 5.18000e-01	         2	 7.72234e+64	 1.85921e+32	-3.46237e+32
 5.19000e-01	         2	 1.24428e+65	-2.23553e+32	-4.45961e+32
 5.20000e-01	         2	 2.00817e+65	-6.26903e+32	-9.28782e+31
 5.21000e-01	         2	 3.24633e+65	-5.53515e+32	 5.85566e+32
 5.22000e-01	         2	 5.25651e+65	 2.08640e+32	 1.00388e+33
 5.23000e-01	         2	 8.52540e+65	 1.20163e+33	 5.11051e+32
 5.24000e-01	         2	 1.38499e+66	 1.40727e+33	-8.88576e+32
 5.25000e-01	         2	 2.25368e+66	 8.63868e+31	-2.12130e+33
 5.26000e-01	         2	 3.67328e+66	-2.16912e+33	-1.62526e+33
 5.27000e-01	         2	 5.99696e+66	-3.27972e+33	 1.11237e+33
 5.28000e-01	         2	 9.80676e+66	-1.19072e+33	 4.26564e+33
 5.29000e-01	         2	 1.60634e+67	 3.65554e+33	 4.33173e+33
 5.30000e-01	         2	 2.63553e+67	 7.22033e+33	-7.59928e+32
 5.31000e-01	         2	 4.33130e+67	 4.37743e+33	-8.21365e+33
 5.32000e-01	         2	 7.12996e+67	-5.60080e+33	-1.05466e+34
 5.33000e-01	         2	 1.17565e+68	-1.52523e+34	-1.57995e+33
 5.34000e-01	         2	 1.94173e+68	-1.25904e+34	 1.51601e+34
 5.35000e-01	         2	 3.21235e+68	 7.23454e+33	 2.42926e+34
 5.36000e-01	         2	 5.32329e+68	 3.11978e+34	 9.55803e+33
 5.37000e-01	         2	 8.83610e+68	 3.24666e+34	-2.67046e+34
 5.38000e-01	         2	 1.46915e+69	-5.66483e+33	-5.39092e+34
 5.39000e-01	         2	 2.44678e+69	-6.21332e+34	-3.21408e+34
 5.40000e-01	         2	 4.08180e+69	-7.87272e+34	 4.43354e+34
 5.41000e-01	         2	 6.82079e+69	-7.71441e+33	 1.16542e+35
 5.42000e-01	         2	 1.14168e+70	 1.20883e+35	 9.06687e+34
 5.43000e-01	         2	 1.91418e+70	 1.83707e+35	-6.73443e+34
 5.44000e-01	         2	 3.21477e+70	 5.60710e+34	-2.47288e+35
 5.45000e-01	         2	 5.40812e+70	-2.30128e+35	-2.34955e+35
 5.46000e-01	         2	 9.11326e+70	-4.18094e+35	 8.63883e+34
 5.47000e-01	         2	 1.53827e+71	-1.98487e+35	 5.17934e+35
 5.48000e-01	         2	 2.60089e+71	 4.28775e+35	 5.79939e+35
 5.49000e-01	         2	 4.40498e+71	 9.36315e+35	-6.56506e+34
 5.50000e-01	         2	 7.47307e+71	 5.80864e+35	-1.07574e+36
 5.51000e-01	         2	 1.26996e+72	-7.80950e+35	-1.38925e+36
 5.52000e-01	         2	 2.16179e+72	-2.07673e+36	-1.03775e+35
 5.53000e-01	         2	 3.68614e+72	-1.55642e+36	 2.22482e+36
 5.54000e-01	         2	 6.29604e+72	 1.38637e+36	 3.26650e+36
 5.55000e-01	         2	 1.07721e+73	 4.58515e+36	 7.21465e+35
 5.56000e-01	         2	 1.84616e+73	 3.96999e+36	-4.60026e+36
 5.57000e-01	         2	 3.16940e+73	-2.38638e+36	-7.59560e+36
 5.58000e-01	         2	 5.45033e+73	-1.01200e+37	-2.56740e+36
 5.59000e-01	         2	 9.38878e+73	-9.82807e+36	 9.54907e+36
 5.60000e-01	         2	 1.62008e+74	 3.94897e+36	 1.75619e+37
 5.61000e-01	         2	 2.80029e+74	 2.24106e+37	 7.60407e+36
 5.62000e-01	         2	 4.84854e+74	 2.38793e+37	-1.99872e+37
 5.63000e-01	         2	 8.40935e+74	-6.19522e+36	-4.05400e+37
 5.64000e-01	         2	 1.46102e+75	-4.99536e+37	-2.06562e+37
 5.65000e-01	         2	 2.54270e+75	-5.73486e+37	 4.23854e+37
 5.66000e-01	         2	 4.43278e+75	 9.00362e+36	 9.37257e+37
 5.67000e-01	         2	 7.74112e+75	 1.12394e+38	 5.33838e+37
 5.68000e-01	         2	 1.35418e+76	 1.36777e+38	-9.15186e+37
 5.69000e-01	         2	 2.37299e+76	-1.16543e+37	-2.17541e+38
 5.70000e-01	         2	 4.16545e+76	-2.55864e+38	-1.33576e+38
 5.71000e-01	         2	 7.32446e+76	-3.24985e+38	 2.02172e+38
 5.72000e-01	         2	 1.29014e+77	 1.26296e+37	 5.07808e+38
 5.73000e-01	         2	 2.27640e+77	 5.90431e+38	 3.26606e+38
 5.74000e-01	         2	 4.02356e+77	 7.70842e+38	-4.58817e+38
 5.75000e-01	         2	 7.12396e+77	-1.16574e+37	-1.19359e+39
 5.76000e-01	         2	 1.26353e+78	-1.38281e+39	-7.84156e+38
 5.77000e-01	         2	 2.24490e+78	-1.82735e+39	 1.07267e+39
 5.78000e-01	         2	 3.99544e+78	 2.31475e+37	 2.82672e+39
 5.79000e-01	         2	 7.12334e+78	 3.28873e+39	 1.85228e+39
 5.80000e-01	         2	 1.27220e+79	 4.33105e+39	-2.58575e+39
 5.81000e-01	         2	 2.27606e+79	-1.35587e+38	-6.74558e+39
 5.82000e-01	         2	 4.07911e+79	-7.94151e+39	-4.30287e+39
 5.83000e-01	         2	 7.32324e+79	-1.02594e+40	 6.41944e+39
 5.84000e-01	         2	 1.31704e+80	 7.37517e+38	 1.62131e+40
 5.85000e-01	         2	 2.37273e+80	 1.94544e+40	 9.80165e+39
 5.86000e-01	         2	 4.28209e+80	 2.42614e+40	-1.63647e+40
 5.87000e-01	         2	 7.74145e+80	-3.31057e+39	-3.92088e+40
 5.88000e-01	         2	 1.40200e+81	-4.82755e+40	-2.17594e+40
 5.89000e-01	         2	 2.54350e+81	-5.71603e+40	 4.26580e+40
 5.90000e-01	         2	 4.62249e+81	 1.30736e+40	 9.52578e+40
 5.91000e-01	         2	 8.41551e+81	 1.21102e+41	 4.65331e+40
 5.92000e-01	         2	 1.53478e+82	 1.33755e+41	-1.13160e+41
 5.93000e-01	         2	 2.80398e+82	-4.74873e+40	-2.32001e+41
 5.94000e-01	         2	 5.13174e+82	-3.06349e+41	-9.37278e+40
 5.95000e-01	         2	 9.40845e+82	-3.09430e+41	 3.04010e+41
 5.96000e-01	         2	 1.72797e+83	 1.62864e+41	 5.64861e+41
 5.97000e-01	         2	 3.17919e+83	 7.79262e+41	 1.69080e+41
 5.98000e-01	         2	 5.85953e+83	 7.02815e+41	-8.23381e+41
 5.99000e-01	         2	 1.08187e+84	-5.35767e+41	-1.36992e+42
 6.00000e-01	         2	 2.00102e+84	-1.98680e+42	-2.33831e+41
 6.01000e-01	         2	 3.70763e+84	-1.55023e+42	 2.23876e+42
 6.02000e-01	         2	 6.88190e+84	 1.70705e+42	 3.29390e+42
 6.03000e-01	         2	 1.27964e+85	 5.05880e+42	 3.75086e+40
 6.04000e-01	         2	 2.38362e+85	 3.25858e+42	-6.08720e+42
 6.05000e-01	         2	 4.44789e+85	-5.29966e+42	-7.80201e+42
 6.06000e-01	         2	 8.31459e+85	-1.28095e+43	 1.48635e+42
 6.07000e-01	         2	 1.55703e+86	-6.28540e+42	 1.64894e+43
 6.08000e-01	         2	 2.92096e+86	 1.60892e+43	 1.80369e+43
 6.09000e-01	         2	 5.48941e+86	 3.20910e+43	-8.24928e+42
 6.10000e-01	         2	 1.03347e+87	 1.00858e+43	-4.43307e+43
 6.11000e-01	         2	 1.94913e+87	-4.78516e+43	-4.01060e+43
 6.12000e-01	         2	 3.68263e+87	-7.90188e+43	 3.34858e+43
 6.13000e-01	         2	 6.97027e+87	-8.27238e+42	 1.17780e+44
 6.14000e-01	         2	 1.32164e+88	 1.39480e+44	 8.35358e+43
 6.15000e-01	         2	 2.51047e+88	 1.89474e+44	-1.19620e+44
 6.16000e-01	         2	 4.77717e+88	-2.97946e+43	-3.07662e+44
 6.17000e-01	         2	 9.10673e+88	-3.98107e+44	-1.53772e+44
 6.18000e-01	         2	 1.73913e+89	-4.36122e+44	 3.97017e+44
 6.19000e-01	         2	 3.32718e+89	 2.22490e+44	 7.84815e+44
 6.20000e-01	         2	 6.37675e+89	 1.11014e+45	 2.07244e+44
 6.21000e-01	         2	 1.22434e+90	 9.39419e+44	-1.25147e+45
 6.22000e-01	         2	 2.35495e+90	-9.80851e+44	-1.93593e+45
 6.23000e-01	         2	 4.53775e+90	-3.01232e+45	 3.76003e+43
 6.24000e-01	         2	 8.75952e+90	-1.79247e+45	 3.78234e+45
 6.25000e-01	         2	 1.69395e+91	 3.63564e+45	 4.54545e+45
 6.26000e-01	         2	 3.28172e+91	 7.90182e+45	-1.78762e+45
 6.27000e-01	         2	 6.36919e+91	 2.55372e+45	-1.09937e+46
 6.28000e-01	         2	 1.23837e+92	-1.22616e+46	-9.86545e+45
 6.29000e-01	         2	 2.41211e+92	-1.98211e+46	 9.46278e+45
 6.30000e-01	         2	 4.70681e+92	-3.10213e+43	 3.06816e+46
 6.31000e-01	         2	 9.20114e+92	 3.87015e+46	 1.85045e+46
 6.32000e-01	         2	 1.80194e+93	 4.66330e+46	-3.78054e+46
 6.33000e-01	         2	 3.53528e+93	-1.99139e+46	-8.16945e+46
 6.34000e-01	         2	 6.94852e+93	-1.15498e+47	-2.36060e+46
 6.35000e-01	         2	 1.36819e+94	-9.89060e+46	 1.32595e+47
 6.36000e-01	         2	 2.69891e+94	 1.09762e+47	 2.04769e+47
 6.37000e-01	         2	 5.33354e+94	 3.26100e+47	-1.81564e+46
 6.38000e-01	         2	 1.05592e+95	 1.70195e+47	-4.26870e+47
 6.39000e-01	         2	 2.09428e+95	-4.44838e+47	-4.70079e+47
 6.40000e-01	         2	 4.16127e+95	-8.64334e+47	 2.91858e+47
 6.41000e-01	         2	 8.28337e+95	-1.35034e+47	 1.28002e+48
 6.42000e-01	         2	 1.65188e+96	 1.56416e+48	 9.25822e+47
 6.43000e-01	         2	 3.30018e+96	 2.10807e+48	-1.46847e+48
 6.44000e-01	         2	 6.60524e+96	-6.57614e+47	-3.57464e+48
 6.45000e-01	         2	 1.32443e+97	-4.99531e+48	-1.23918e+48
 6.46000e-01	         2	 2.66050e+97	-4.51170e+48	 5.73189e+48
 6.47000e-01	         2	 5.35413e+97	 4.79401e+48	 9.17061e+48
 6.48000e-01	         2	 1.07946e+98	 1.46661e+49	-8.93196e+47
 6.49000e-01	         2	 2.18031e+98	 7.32936e+48	-1.95536e+49
 6.50000e-01	         2	 4.41187e+98	-2.11869e+49	-2.08204e+49
 6.51000e-01	         2	 8.94378e+98	-3.93160e+49	 1.55887e+49
 6.52000e-01	         2	 1.81641e+99	-2.27489e+48	 6.02300e+49
 6.53000e-01	         2	 3.69575e+99	 7.73555e+49	 3.75184e+49
 6.54000e-01	         2	 7.53331e+99	 9.33433e+49	-7.97098e+49
 6.55000e-01	         2	1.53839e+100	-5.11231e+49	-1.67792e+50
 6.56000e-01	         2	3.14733e+100	-2.49266e+50	-2.85116e+49
 6.57000e-01	         2	6.45082e+100	-1.79135e+50	 3.11331e+50
 6.58000e-01	         2	1.32460e+101	 3.08136e+50	 4.12278e+50
 6.59000e-01	         2	2.72492e+101	 7.17700e+50	-1.72890e+50
 6.60000e-01	         2	5.61592e+101	 1.76855e+50	-1.04494e+51
 6.61000e-01	         2	1.15954e+102	-1.28183e+51	-8.22188e+50
 6.62000e-01	         2	2.39857e+102	-1.80865e+51	 1.23528e+51
 6.63000e-01	         2	4.97069e+102	 6.24350e+50	 3.09056e+51
 6.64000e-01	         2	1.03201e+103	 4.45334e+51	 8.98809e+50
 6.65000e-01	         2	2.14659e+103	 3.67938e+51	-5.42161e+51
 6.66000e-01	         2	4.47317e+103	-5.17422e+51	-7.91776e+51
 6.67000e-01	         2	9.33866e+103	-1.34346e+52	 2.50718e+51
 6.68000e-01	         2	1.95324e+104	-4.09015e+51	 1.93370e+52
 6.69000e-01	         2	4.09288e+104	 2.36133e+52	 1.61551e+52
 6.70000e-01	         2	8.59223e+104	 3.46612e+52	-2.27388e+52
 6.71000e-01	         2	1.80712e+105	-1.14601e+52	-5.90161e+52
 6.72000e-01	         2	3.80777e+105	-8.56026e+52	-1.69630e+52
 6.73000e-01	         2	8.03821e+105	-6.96628e+52	 1.05941e+53
 6.74000e-01	         2	1.70002e+106	 1.04792e+53	 1.51720e+53
 6.75000e-01	         2	3.60207e+106	 2.61868e+53	-5.88765e+52
 6.76000e-01	         2	7.64640e+106	 6.25997e+52	-3.86017e+53
 6.77000e-01	         2	1.62618e+107	-4.88759e+53	-2.93854e+53
 6.78000e-01	         2	3.46486e+107	-6.62551e+53	 5.03983e+53
 6.79000e-01	         2	7.39623e+107	 3.27321e+53	 1.17137e+54
 6.80000e-01	         2	1.58177e+108	 1.76903e+54	 1.84572e+53
 6.81000e-01	         2	3.38909e+108	 1.20001e+54	-2.31045e+54
 6.82000e-01	         2	7.27498e+108	-2.50959e+54	-2.87262e+54
 6.83000e-01	         2	1.56455e+109	-5.26289e+54	 1.89553e+54
 6.84000e-01	         2	3.37098e+109	-2.07530e+53	 8.20832e+54
 6.85000e-01	         2	7.27668e+109	 1.11353e+55	 4.64109e+54
 6.86000e-01	         2	1.57369e+110	 1.22626e+55	-1.28206e+55
 6.87000e-01	         2	3.40971e+110	-1.11404e+55	-2.36185e+55
 6.88000e-01	         2	7.40160e+110	-3.83662e+55	 2.89037e+54
 6.89000e-01	         2	1.60970e+111	-1.61700e+55	 5.43869e+55
 6.90000e-01	         2	3.50733e+111	 6.65824e+55	 5.08079e+55
 6.91000e-01	         2	7.65633e+111	 1.05007e+56	-6.54688e+55
 6.92000e-01	         2	1.67447e+112	-3.58858e+55	-1.79448e+56
 6.93000e-01	         2	3.66899e+112	-2.67367e+56	-4.35306e+55
 6.94000e-01	         2	8.05434e+112	-1.99014e+56	 3.48540e+56
 6.95000e-01	         2	1.77144e+113	 3.81586e+56	 4.56816e+56
 6.96000e-01	         2	3.90335e+113	 8.32627e+56	-2.95641e+56
 6.97000e-01	         2	8.61716e+113	 1.60063e+55	-1.31270e+57
 6.98000e-01	         2	1.90592e+114	-1.82432e+57	-6.95491e+56
 6.99000e-01	         2	4.22339e+114	-1.90525e+57	 2.19472e+57
 7.00000e-01	         2	9.37636e+114	 2.10093e+57	 3.78666e+57
 7.01000e-01	         2	2.08556e+115	 6.37743e+57	-1.01962e+57
 7.02000e-01	         2	4.64760e+115	 1.80306e+57	-9.47106e+57
 7.03000e-01	         2	1.03765e+116	-1.24043e+58	-7.32548e+57
 7.04000e-01	         2	2.32109e+116	-1.65708e+58	 1.37704e+58
 7.05000e-01	         2	5.20175e+116	 1.10816e+58	 3.02911e+58
 7.06000e-01	         2	1.16795e+117	 4.83291e+58	-4.54348e+56
 7.07000e-01	         2	2.62737e+117	 2.35294e+58	-6.85646e+58
 7.08000e-01	         2	5.92155e+117	-8.53525e+58	-6.75133e+58
 7.09000e-01	         2	1.33712e+118	-1.38181e+59	 8.74542e+58
 7.10000e-01	         2	3.02498e+118	 5.56609e+58	 2.39586e+59
 7.11000e-01	         2	6.85640e+118	 3.68214e+59	 3.93204e+58
 7.12000e-01	         2	1.55701e+119	 2.37543e+59	-5.04950e+59
 7.13000e-01	         2	3.54246e+119	-6.03276e+59	-5.86985e+59
 7.14000e-01	         2	8.07499e+119	-1.13394e+60	 5.73735e+59
 7.15000e-01	         2	1.84417e+120	 2.66199e+59	 1.90197e+60
 7.16000e-01	         2	4.21969e+120	 2.85334e+60	 5.45715e+59
 7.17000e-01	         2	9.67349e+120	 2.16903e+60	-3.82653e+60
 7.18000e-01	         2	2.22182e+121	-4.44405e+60	-4.96858e+60
 7.19000e-01	         2	5.11279e+121	-9.29147e+60	 3.99053e+60
 7.20000e-01	         2	1.17877e+122	 1.27159e+60	 1.53016e+61
 7.21000e-01	         2	2.72287e+122	 2.26754e+61	 5.51355e+60
 7.22000e-01	         2	6.30155e+122	 1.88166e+61	-3.01039e+61
 7.23000e-01	         2	1.46114e+123	-3.45495e+61	-4.15766e+61
 7.24000e-01	         2	3.39440e+123	-7.66424e+61	 3.02446e+61
 7.25000e-01	         2	7.90056e+123	 7.49746e+60	 1.25479e+62
 7.26000e-01	         2	1.84238e+124	 1.85741e+62	 4.84556e+61
 7.27000e-01	         2	4.30454e+124	 1.58026e+62	-2.47222e+62
 7.28000e-01	         2	1.00763e+125	-2.85680e+62	-3.46284e+62
 7.29000e-01	         2	2.36320e+125	-6.38740e+62	 2.54267e+62
 7.30000e-01	         2	5.55301e+125	 7.28750e+61	 1.05133e+63
 7.31000e-01	         2	1.30733e+126	 1.57098e+63	 3.82996e+62
 7.32000e-01	         2	3.08366e+126	 1.28992e+63	-2.12213e+63
 7.33000e-01	         2	7.28749e+126	-2.51419e+63	-2.87295e+63
 7.34000e-01	         2	1.72551e+127	-5.37714e+63	 2.36569e+63
 7.35000e-01	         2	4.09341e+127	 1.00529e+63	 8.99209e+63
 7.36000e-01	         2	9.72934e+127	 1.36971e+64	 2.64132e+63
 7.37000e-01	         2	2.31692e+128	 1.01506e+64	-1.89829e+64
 7.38000e-01	         2	5.52799e+128	-2.33966e+64	-2.36262e+64
 7.39000e-01	         2	1.32146e+129	-4.55387e+64	 2.38567e+64
 7.40000e-01	         2	3.16498e+129	 1.47063e+64	 7.81901e+64
 7.41000e-01	         2	7.59486e+129	 1.22509e+65	 1.34627e+64
 7.42000e-01	         2	1.82599e+130	 7.50387e+64	-1.75753e+65
 7.43000e-01	         2	4.39855e+130	-2.27555e+65	-1.90236e+65
 7.44000e-01	         2	1.06158e+131	-3.84666e+65	 2.53668e+65
 7.45000e-01	         2	2.56701e+131	 2.06799e+65	 6.86029e+65
 7.46000e-01	         2	6.21920e+131	 1.11527e+66	-4.30083e+63
 7.47000e-01	         2	1.50964e+132	 4.86513e+65	-1.66811e+66
 7.48000e-01	         2	3.67153e+132	-2.28119e+66	-1.46262e+66
 7.49000e-01	         2	8.94651e+132	-3.19244e+66	 2.77513e+66
 7.50000e-01	         2	2.18421e+133	 2.76600e+66	 6.00278e+66
 7.51000e-01	         2	5.34279e+133	 1.02222e+67	-1.53733e+66
 7.52000e-01	         2	1.30941e+134	 2.12935e+66	-1.60421e+67
 7.53000e-01	         2	3.21528e+134	-2.32374e+67	-1.01529e+67
 7.54000e-01	         2	7.91037e+134	-2.53371e+67	 3.06612e+67
 7.55000e-01	         2	1.94989e+135	 3.54040e+67	 5.14425e+67
 7.56000e-01	         2	4.81569e+135	 9.29505e+67	-3.14896e+67
 7.57000e-01	         2	1.19164e+136	-7.99002e+66	-1.54172e+68
 7.58000e-01	         2	2.95436e+136	-2.37123e+68	-5.34772e+67
 7.59000e-01	         2	7.33873e+136	-1.81700e+68	 3.37283e+68
 7.60000e-01	         2	1.82648e+137	 4.35921e+68	 4.18652e+68
 7.61000e-01	         2	4.55455e+137	 8.20658e+68	-4.87269e+68
 7.62000e-01	         2	1.13793e+138	-3.98451e+68	-1.45502e+69
 7.63000e-01	         2	2.84852e+138	-2.38685e+69	 8.26530e+64
 7.64000e-01	         2	7.14436e+138	-9.93528e+68	 3.64714e+69
 7.65000e-01	         2	1.79533e+139	 5.16803e+69	 3.03284e+69
 7.66000e-01	         2	4.52028e+139	 6.78197e+69	-6.66412e+69
 7.67000e-01	         2	1.14031e+140	-7.43055e+69	-1.31472e+70
 7.68000e-01	         2	2.88219e+140	-2.32420e+70	 6.02065e+69
 7.69000e-01	         2	7.29894e+140	-2.37826e+68	 3.82064e+70
 7.70000e-01	         2	1.85198e+141	 5.87411e+70	 1.59201e+70
 7.71000e-01	         2	4.70819e+141	 4.83718e+70	-8.41222e+70
 7.72000e-01	         2	1.19925e+142	-1.10342e+71	-1.08673e+71
 7.73000e-01	         2	3.06061e+142	-2.12417e+71	 1.26851e+71
 7.74000e-01	         2	7.82612e+142	 1.11202e+71	 3.79680e+71
 7.75000e-01	         2	2.00505e+143	 6.32915e+71	-2.07281e+70
 7.76000e-01	         2	5.14691e+143	 2.19619e+71	-9.90530e+71
 7.77000e-01	         2	1.32376e+144	-1.45225e+72	-7.33805e+71
 7.78000e-01	         2	3.41124e+144	-1.71503e+72	 1.97006e+72
 7.79000e-01	         2	8.80760e+144	 2.39508e+72	 3.44656e+72
 7.80000e-01	         2	2.27848e+145	 6.31455e+72	-2.38665e+72
 7.81000e-01	         2	5.90577e+145	-1.26502e+72	-1.07942e+73
 7.82000e-01	         2	1.53373e+146	-1.73736e+73	-2.21480e+72
 7.83000e-01	         2	3.99086e+146	-1.01904e+73	 2.63501e+73
 7.84000e-01	         2	1.04046e+147	 3.73902e+73	 2.61324e+73
 7.85000e-01	         2	2.71788e+147	 5.53773e+73	-4.86736e+73
 7.86000e-01	         2	7.11341e+147	-5.53495e+73	-1.05656e+74
 7.87000e-01	         2	1.86539e+148	-1.87371e+74	 4.69040e+73
 7.88000e-01	         2	4.90124e+148	 2.89662e+72	 3.13076e+74
 7.89000e-01	         2	1.29029e+149	 4.95127e+74	 1.13609e+74
 7.90000e-01	         2	3.40339e+149	 3.65620e+74	-7.39595e+74
 7.91000e-01	         2	8.99461e+149	-1.03318e+75	-8.55255e+74
 7.92000e-01	         2	2.38176e+150	-1.73983e+75	 1.31777e+75
 7.93000e-01	         2	6.31917e+150	 1.44425e+75	 3.24846e+75
 7.94000e-01	         2	1.67984e+151	 5.69230e+75	-1.09296e+75
 7.95000e-01	         2	4.47426e+151	 3.56822e+74	-9.45293e+75
 7.96000e-01	         2	1.19405e+152	-1.49183e+76	-4.03146e+75
 7.97000e-01	         2	3.19277e+152	-1.18682e+76	 2.23092e+76
 7.98000e-01	         2	8.55384e+152	 3.12950e+76	 2.70443e+76
 7.99000e-01	         2	2.29616e+153	 5.45330e+76	-4.02302e+76
 8.00000e-01	         2	6.17574e+153	-4.47364e+76	-1.01736e+77
 8.01000e-01	         2	1.66427e+154	-1.79014e+77	 3.52057e+76
 8.02000e-01	         2	4.49373e+154	-7.40154e+75	 2.99700e+77
 8.03000e-01	         2	1.21573e+155	 4.78689e+77	 1.18338e+77
 8.04000e-01	         2	3.29547e+155	 3.59543e+77	-7.27889e+77
 8.05000e-01	         2	8.95046e+155	-1.04535e+78	-8.35064e+77
 8.06000e-01	         2	2.43569e+156	-1.71238e+78	 1.39253e+78
 8.07000e-01	         2	6.64120e+156	 1.65035e+78	 3.24942e+78
 8.08000e-01	         2	1.81435e+157	 5.82396e+78	-1.53898e+78
 8.09000e-01	         2	4.96643e+157	-4.77774e+77	-9.95492e+78
 8.10000e-01	         2	1.36213e+158	-1.62913e+79	-2.64950e+78
 8.11000e-01	         2	3.74318e+158	-9.87365e+78	 2.55176e+79
 8.12000e-01	         2	1.03065e+159	 3.80770e+79	 2.47275e+79
 8.13000e-01	         2	2.84339e+159	 5.31162e+79	-5.35298e+79
 8.14000e-01	         2	7.85977e+159	-6.92249e+79	-1.04534e+80
 8.15000e-01	         2	2.17688e+160	-1.93635e+80	 7.77366e+79
 8.16000e-01	         2	6.04100e+160	 6.21641e+79	 3.41988e+80
 8.17000e-01	         2	1.67971e+161	 5.79478e+80	 1.21385e+79
 8.18000e-01	         2	4.67963e+161	 2.11594e+80	-9.44010e+80
 8.19000e-01	         2	1.30629e+162	-1.47662e+81	-6.57396e+80
 8.20000e-01	         2	3.65360e+162	-1.56187e+81	 2.20630e+81
 8.21000e-01	         2	1.02389e+163	 3.11364e+81	 3.28376e+81
 8.22000e-01	         2	2.87500e+163	 6.40830e+81	-4.05385e+81
 8.23000e-01	         2	8.08861e+163	-4.60486e+81	-1.18561e+82
 8.24000e-01	         2	2.28015e+164	-2.10171e+82	 3.78271e+81
 8.25000e-01	         2	6.44027e+164	-4.70881e+80	 3.58864e+82
 8.26000e-01	         2	1.82263e+165	 5.91347e+82	 1.21799e+82
 8.27000e-01	         2	5.16828e+165	 3.88363e+82	-9.39591e+82
 8.28000e-01	         2	1.46841e+166	-1.43386e+83	-9.38551e+82
 8.29000e-01	         2	4.18024e+166	-2.00457e+83	 2.08379e+83
 8.30000e-01	         2	1.19237e+167	 2.83547e+83	 3.97585e+83
 8.31000e-01	         2	3.40778e+167	 7.48527e+83	-3.48227e+83
 8.32000e-01	         2	9.75858e+167	-3.49072e+83	-1.35273e+84
 8.33000e-01	         2	2.79999e+168	-2.36049e+84	 1.67469e+83
 8.34000e-01	         2	8.04972e+168	-4.39300e+83	 3.98829e+84
 8.35000e-01	         2	2.31878e+169	 6.52744e+84	 1.94119e+84
 8.36000e-01	         2	6.69258e+169	 5.21110e+84	-1.03294e+85
 8.37000e-01	         2	1.93545e+170	-1.57310e+85	-1.18163e+85
 8.38000e-01	         2	5.60823e+170	-2.44881e+85	 2.28468e+85
 8.39000e-01	         2	1.62826e+171	 3.10865e+85	 4.78556e+85
 8.40000e-01	         2	4.73673e+171	 8.95492e+85	-3.81366e+85
 8.41000e-01	         2	1.38067e+172	-3.79330e+85	-1.61785e+86
 8.42000e-01	         2	4.03232e+172	-2.83486e+86	 1.67940e+85
 8.43000e-01	         2	1.17998e+173	-5.37123e+85	 4.82817e+86
 8.44000e-01	         2	3.45983e+173	 7.99543e+86	 2.29555e+86
 8.45000e-01	         2	1.01646e+174	 6.16598e+86	-1.28558e+87
 8.46000e-01	         2	2.99212e+174	-1.99991e+87	-1.40875e+87
 8.47000e-01	         2	8.82525e+174	-2.95159e+87	 2.98975e+87
 8.48000e-01	         2	2.60814e+175	 4.24153e+87	 5.84570e+87
 8.49000e-01	         2	7.72312e+175	 1.11102e+88	-5.57001e+87
 8.50000e-01	         2	2.29145e+176	-6.38593e+87	-2.04331e+88
 8.51000e-01	         2	6.81219e+176	-3.65383e+88	 5.23343e+87
 8.52000e-01	         2	2.02918e+177	-1.09725e+87	 6.36958e+88
 8.53000e-01	         2	6.05635e+177	 1.08366e+89	 1.92221e+88
 8.54000e-01	         2	1.81117e+178	 6.21643e+88	-1.79886e+89
 8.55000e-01	         2	5.42708e+178	-2.90885e+89	-1.54686e+89
 8.56000e-01	         2	1.62941e+179	-3.42565e+89	 4.56653e+89
 8.57000e-01	         2	4.90179e+179	 6.91734e+89	 7.08421e+89
 8.58000e-01	         2	1.47753e+180	 1.39816e+90	-1.00011e+90
 8.59000e-01	         2	4.46248e+180	-1.35170e+90	-2.66418e+90
 8.60000e-01	         2	1.35044e+181	-4.93437e+90	 1.63118e+90
 8.61000e-01	         2	4.09480e+181	 1.53247e+90	 8.91894e+90
 8.62000e-01	         2	1.24408e+182	 1.57700e+91	-3.50211e+89
 8.63000e-01	         2	3.78726e+182	 3.42053e+90	-2.73085e+91
 8.64000e-01	         2	1.15521e+183	-4.63219e+91	-1.28335e+91
 8.65000e-01	         2	3.53065e+183	-3.38646e+91	 7.69057e+91
 8.66000e-01	         2	1.08121e+184	 1.24733e+92	 7.78833e+91
 8.67000e-01	         2	3.31759e+184	 1.66022e+92	-1.96948e+92
 8.68000e-01	         2	1.01999e+185	-3.00964e+92	-3.36777e+92
 8.69000e-01	         2	3.14218e+185	-6.59007e+92	 4.40620e+92
 8.70000e-01	         2	9.69895e+185	 6.06474e+92	 1.25379e+93
 8.71000e-01	         2	2.99971e+186	 2.33047e+93	-7.53865e+92
 8.72000e-01	         2	9.29596e+186	-7.56321e+92	-4.24498e+93
 8.73000e-01	         2	2.88649e+187	-7.59165e+93	 3.10778e+92
 8.74000e-01	         2	8.98061e+187	-1.24933e+93	 1.33436e+94
 8.75000e-01	         2	2.79964e+188	 2.30585e+94	 5.31373e+93
 8.76000e-01	         2	8.74501e+188	 1.46736e+94	-3.91623e+94
 8.77000e-01	         2	2.73703e+189	-6.53030e+94	-3.47790e+94
 8.78000e-01	         2	8.58341e+189	-7.60338e+94	 1.06704e+95
 8.79000e-01	         2	2.69713e+190	 1.70298e+95	 1.57927e+95
 8.80000e-01	         2	8.49189e+190	 3.16372e+95	-2.64096e+95
 8.81000e-01	         2	2.67898e+191	-3.94521e+95	-6.16562e+95
 8.82000e-01	         2	8.46828e+191	-1.17523e+96	 5.59012e+95
 8.83000e-01	         2	2.68215e+192	 7.28299e+95	 2.19861e+96
 8.84000e-01	         2	8.51204e+192	 4.04631e+96	-8.07139e+95
 8.85000e-01	         2	2.70674e+193	-5.51498e+95	-7.33693e+96
 8.86000e-01	         2	8.62424e+193	-1.31196e+97	-6.00215e+95
 8.87000e-01	         2	2.75332e+194	-3.86229e+96	 2.31462e+97
 8.88000e-01	         2	8.80758e+194	 4.02910e+97	 1.17538e+97
 8.89000e-01	         2	2.82305e+195	 2.93465e+97	-6.91728e+97
 8.90000e-01	         2	9.06657e+195	-1.17027e+98	-6.66178e+97
 8.91000e-01	         2	2.91763e+196	-1.42834e+98	 1.94810e+98
 8.92000e-01	         2	9.40763e+196	 3.18355e+98	 2.94623e+98
 8.93000e-01	         2	3.03944e+197	 5.90680e+98	-5.08906e+98
 8.94000e-01	         2	9.83943e+197	-7.91336e+98	-1.15831e+99
 8.95000e-01	         2	3.19161e+198	-2.23082e+99	 1.18602e+99
 8.96000e-01	         2	1.03732e+199	 1.68546e+99	 4.23150e+99
 8.97000e-01	         2	3.37815e+199	 7.92063e+99	-2.19692e+99
 8.98000e-01	         2	1.10232e+200	-2.41227e+99	-1.46508e+100
 8.99000e-01	         2	3.60414e+200	-2.68048e+100	 1.52725e+99
 9.00000e-01	         2	1.18075e+201	-2.34385e+99	4.85387e+100
 9.01000e-01	         2	3.87596e+201	8.70257e+100	1.33586e+100
 9.02000e-01	         2	1.27487e+202	4.03201e+100	-1.54504e+101
 9.03000e-01	         2	4.20159e+202	-2.71592e+101	-1.01338e+101
 9.04000e-01	         2	1.38748e+203	-2.32862e+101	4.72516e+101
 9.05000e-01	         2	4.59096e+203	8.13111e+101	5.06994e+101
 9.06000e-01	         2	1.52211e+204	1.06435e+102	-1.38252e+102
 9.07000e-01	         2	5.05652e+204	-2.31913e+102	-2.17593e+102
 9.08000e-01	         2	1.68315e+205	-4.35858e+102	3.82959e+102
 9.09000e-01	         2	5.61381e+205	6.20503e+102	8.58917e+102
 9.10000e-01	         2	1.87611e+206	1.66989e+103	-9.81667e+102
 9.11000e-01	         2	6.28235e+206	-1.50458e+103	-3.20951e+103
 9.12000e-01	         2	2.10791e+207	-6.10729e+103	2.20434e+103
 9.13000e-01	         2	7.08673e+207	3.00868e+103	1.15188e+104
 9.14000e-01	         2	2.38729e+208	2.15516e+104	-3.60384e+103
 9.15000e-01	         2	8.05806e+208	-3.08696e+103	-4.00260e+104
 9.16000e-01	         2	2.72534e+209	-7.38245e+104	-7.86640e+102
 9.17000e-01	         2	9.23582e+209	-1.31890e+104	1.35269e+105
 9.18000e-01	         2	3.13614e+210	2.46280e+105	4.54895e+104
 9.19000e-01	         2	1.06704e+211	1.21891e+105	-4.45591e+105
 9.20000e-01	         2	3.63776e+211	-8.01165e+105	-2.92723e+105
 9.21000e-01	         2	1.24266e+212	-6.60779e+105	1.43132e+106
 9.22000e-01	         2	4.25338e+212	2.54030e+106	1.43305e+106
 9.23000e-01	         2	1.45876e+213	3.02156e+106	-4.47719e+106
 9.24000e-01	         2	5.01299e+213	-7.83203e+106	-6.23852e+106
 9.25000e-01	         2	1.72615e+214	-1.26720e+107	1.35886e+107
 9.26000e-01	         2	5.95558e+214	2.33600e+107	2.54053e+107
 9.27000e-01	         2	2.05891e+215	5.03874e+107	-3.97356e+107
 9.28000e-01	         2	7.13206e+215	-6.67547e+107	-9.90350e+107
 9.29000e-01	         2	2.47548e+216	-1.93150e+108	1.10466e+108
 9.30000e-01	         2	8.60936e+216	1.79373e+108	3.74182e+108
 9.31000e-01	         2	3.00019e+217	7.20627e+108	-2.84137e+108
 9.32000e-01	         2	1.04759e+218	-4.34958e+108	-1.38058e+109
 9.33000e-01	         2	3.66524e+218	-2.63249e+109	6.32832e+108
 9.34000e-01	         2	1.28493e+219	8.46108e+108	4.99827e+109
 9.35000e-01	         2	4.51360e+219	9.45318e+109	-9.53564e+108
 9.36000e-01	         2	1.58867e+220	-6.13785e+108	-1.78145e+110
 9.37000e-01	         2	5.60286e+220	-3.34593e+110	-1.02369e+109
 9.38000e-01	         2	1.97995e+221	-5.94077e+109	6.26466e+110
 9.39000e-01	         2	7.01074e+221	1.16948e+111	1.85666e+110
 9.40000e-01	         2	2.48737e+222	4.85178e+110	-2.17701e+111
 9.41000e-01	         2	8.84271e+222	-4.04156e+111	-1.16241e+111
 9.42000e-01	         2	3.14990e+223	-2.64521e+111	7.48337e+111
 9.43000e-01	         2	1.12428e+224	1.38207e+112	5.81766e+111
 9.44000e-01	         2	4.02088e+224	1.24883e+112	-2.54601e+112
 9.45000e-01	         2	1.44090e+225	-4.67837e+112	-2.63265e+112
 9.46000e-01	         2	5.17384e+225	-5.47260e+112	8.57482e+112
 9.47000e-01	         2	1.86149e+226	1.56760e+113	1.12499e+113
 9.48000e-01	         2	6.71081e+226	2.29178e+113	-2.85821e+113
 9.49000e-01	         2	2.42414e+227	-5.19708e+113	-4.63391e+113
 9.50000e-01	         2	8.77418e+227	-9.31113e+113	9.42265e+113
 9.51000e-01	         2	3.18217e+228	1.70317e+114	1.86106e+114
 9.52000e-01	         2	1.15640e+229	3.70303e+114	-3.06847e+114
 9.53000e-01	         2	4.21075e+229	-5.50860e+114	-7.33964e+114
 9.54000e-01	         2	1.53631e+230	-1.44992e+115	9.85069e+114
 9.55000e-01	         2	5.61650e+230	1.75393e+115	2.85600e+115
 9.56000e-01	         2	2.05741e+231	5.61163e+115	-3.10771e+115
 9.57000e-01	         2	7.55168e+231	-5.47593e+115	-1.10022e+116
 9.58000e-01	         2	2.77737e+232	-2.15305e+116	9.58710e+115
 9.59000e-01	         2	1.02351e+233	1.66587e+116	4.20655e+116
 9.60000e-01	         2	3.77936e+233	8.20718e+116	-2.86869e+116
 9.61000e-01	         2	1.39834e+234	-4.88594e+116	-1.59936e+117
 9.62000e-01	         2	5.18410e+234	-3.11359e+117	8.20813e+116
 9.63000e-01	         2	1.92576e+235	1.35474e+117	6.05640e+117
 9.64000e-01	         2	7.16805e+235	1.17725e+118	-2.18373e+117
 9.65000e-01	         2	2.67342e+236	-3.40495e+117	-2.28712e+118
 9.66000e-01	         2	9.99080e+236	-4.44147e+118	5.04956e+117
 9.67000e-01	         2	3.74113e+237	6.88284e+117	8.62257e+118
 9.68000e-01	         2	1.40369e+238	1.67366e+119	-7.89503e+117
 9.69000e-01	         2	5.27728e+238	-5.08468e+117	-3.24838e+119
 9.70000e-01	         2	1.98800e+239	-6.30487e+119	-9.33366e+117
 9.71000e-01	         2	7.50397e+239	-5.41640e+118	1.22387e+120
 9.72000e-01	         2	2.83814e+240	2.37622e+120	1.72872e+119
 9.73000e-01	         2	1.07559e+241	4.62992e+119	-4.61491e+120
 9.74000e-01	         2	4.08436e+241	-8.96607e+120	-1.13876e+120
 9.75000e-01	         2	1.55407e+242	-2.66329e+120	1.74276e+121
 9.76000e-01	         2	5.92499e+242	3.38924e+121	6.02523e+120
 9.77000e-01	         2	2.26346e+243	1.33144e+121	-6.59518e+121
 9.78000e-01	         2	8.66412e+243	-1.28422e+122	-2.89130e+121
 9.79000e-01	         2	3.32312e+244	-6.19487e+121	2.50249e+122
 9.80000e-01	         2	1.27713e+245	4.88035e+122	1.31329e+122
 9.81000e-01	         2	4.91805e+245	2.76037e+122	-9.52582e+122
 9.82000e-01	         2	1.89766e+246	-1.86102e+123	-5.76122e+122
 9.83000e-01	         2	7.33692e+246	-1.19539e+123	3.63935e+123
 9.84000e-01	         2	2.84235e+247	7.12430e+123	2.46806e+123
 9.85000e-01	         2	1.10334e+248	5.07420e+123	-1.39614e+124
 9.86000e-01	         2	4.29150e+248	-2.73908e+124	-1.03945e+124
 9.87000e-01	         2	1.67254e+249	-2.12263e+124	5.38009e+124
 9.88000e-01	         2	6.53153e+249	1.05804e+125	4.32266e+124
 9.89000e-01	         2	2.55576e+250	8.78171e+124	-2.08335e+125
 9.90000e-01	         2	1.00206e+251	-4.10755e+125	-1.78024e+125
 9.91000e-01	         2	3.93675e+251	-3.60204e+125	8.10927e+125
 9.92000e-01	         2	1.54970e+252	1.60314e+126	7.27567e+125
 9.93000e-01	         2	6.11264e+252	1.46731e+126	-3.17368e+126
 9.94000e-01	         2	2.41589e+253	-6.29173e+126	-2.95499e+126
 9.95000e-01	         2	9.56741e+253	-5.94319e+126	1.24911e+127
 9.96000e-01	         2	3.79647e+254	2.48347e+127	1.19386e+127
 9.97000e-01	         2	1.50950e+255	2.39543e+127	-4.94490e+127
 9.98000e-01	         2	6.01391e+255	-9.86044e+127	-4.80103e+127
 9.99000e-01	         2	2.40076e+256	-9.61217e+127	1.96916e+128
