         0	 5.18161e-01	 1.01800e+00	-1.61998e-04
         1	 4.81845e-01	 8.99696e-03	 9.81636e-01
         2	 5.36305e-01	 1.03567e+00	-3.23943e-04
         3	 4.63719e-01	 8.99113e-03	 9.62993e-01
         4	 5.54407e-01	 1.05300e+00	-4.85784e-04
         5	 4.45646e-01	 8.98239e-03	 9.44039e-01
         6	 5.72445e-01	 1.07000e+00	-6.47466e-04
         7	 4.27649e-01	 8.97073e-03	 9.24780e-01
         8	 5.90395e-01	 1.08664e+00	-8.08940e-04
         9	 4.09752e-01	 8.95617e-03	 9.05220e-01
        10	 6.08234e-01	 1.10294e+00	-9.70151e-04
        11	 3.91977e-01	 8.93871e-03	 8.85367e-01
        12	 6.25938e-01	 1.11887e+00	-1.13105e-03
        13	 3.74349e-01	 8.91835e-03	 8.65227e-01
        14	 6.43485e-01	 1.13445e+00	-1.29158e-03
        15	 3.56889e-01	 8.89510e-03	 8.44807e-01
        16	 6.60852e-01	 1.14965e+00	-1.45169e-03
        17	 3.39621e-01	 8.86897e-03	 8.24114e-01
        18	 6.78016e-01	 1.16449e+00	-1.61133e-03
        19	 3.22566e-01	 8.83997e-03	 8.03153e-01
        20	 6.94955e-01	 1.17894e+00	-1.77045e-03
        21	 3.05748e-01	 8.80810e-03	 7.81932e-01
        22	 7.11648e-01	 1.19302e+00	-1.92900e-03
        23	 2.89186e-01	 8.77338e-03	 7.60458e-01
        24	 7.28072e-01	 1.20671e+00	-2.08692e-03
        25	 2.72904e-01	 8.73581e-03	 7.38737e-01
        26	 7.44207e-01	 1.22000e+00	-2.24416e-03
        27	 2.56922e-01	 8.69542e-03	 7.16777e-01
        28	 7.60031e-01	 1.23291e+00	-2.40068e-03
        29	 2.41261e-01	 8.65221e-03	 6.94585e-01
        30	 7.75524e-01	 1.24541e+00	-2.55642e-03
        31	 2.25941e-01	 8.60619e-03	 6.72167e-01
        32	 7.90666e-01	 1.25751e+00	-2.71133e-03
        33	 2.10983e-01	 8.55739e-03	 6.49532e-01
        34	 8.05437e-01	 1.26920e+00	-2.86536e-03
        35	 1.96404e-01	 8.50581e-03	 6.26686e-01
        36	 8.19818e-01	 1.28048e+00	-3.01847e-03
        37	 1.82225e-01	 8.45148e-03	 6.03638e-01
        38	 8.33790e-01	 1.29134e+00	-3.17059e-03
        39	 1.68464e-01	 8.39441e-03	 5.80394e-01
        40	 8.47336e-01	 1.30179e+00	-3.32169e-03
        41	 1.55138e-01	 8.33462e-03	 5.56961e-01
        42	 8.60438e-01	 1.31182e+00	-3.47172e-03
        43	 1.42265e-01	 8.27213e-03	 5.33349e-01
        44	 8.73078e-01	 1.32142e+00	-3.62062e-03
        45	 1.29861e-01	 8.20695e-03	 5.09563e-01
        46	 8.85241e-01	 1.33059e+00	-3.76834e-03
        47	 1.17943e-01	 8.13912e-03	 4.85613e-01
        48	 8.96911e-01	 1.33933e+00	-3.91484e-03
        49	 1.06526e-01	 8.06866e-03	 4.61505e-01
        50	 9.08072e-01	 1.34764e+00	-4.06008e-03
        51	 9.56245e-02	 7.99558e-03	 4.37247e-01
        52	 9.18710e-01	 1.35551e+00	-4.20400e-03
        53	 8.52531e-02	 7.91990e-03	 4.12848e-01
        54	 9.28811e-01	 1.36294e+00	-4.34656e-03
        55	 7.54251e-02	 7.84167e-03	 3.88315e-01
        56	 9.38363e-01	 1.36993e+00	-4.48771e-03
        57	 6.61531e-02	 7.76089e-03	 3.63656e-01
        58	 9.47352e-01	 1.37647e+00	-4.62741e-03
        59	 5.74492e-02	 7.67759e-03	 3.38880e-01
        60	 9.55767e-01	 1.38257e+00	-4.76560e-03
        61	 4.93248e-02	 7.59181e-03	 3.13994e-01
        62	 9.63598e-01	 1.38823e+00	-4.90225e-03
        63	 4.17902e-02	 7.50357e-03	 2.89005e-01
        64	 9.70834e-01	 1.39343e+00	-5.03732e-03
        65	 3.48553e-02	 7.41290e-03	 2.63924e-01
        66	 9.77466e-01	 1.39818e+00	-5.17075e-03
        67	 2.85291e-02	 7.31983e-03	 2.38756e-01
        68	 9.83485e-01	 1.40248e+00	-5.30251e-03
        69	 2.28198e-02	 7.22438e-03	 2.13512e-01
        70	 9.88883e-01	 1.40632e+00	-5.43255e-03
        71	 1.77347e-02	 7.12660e-03	 1.88198e-01
        72	 9.93653e-01	 1.40971e+00	-5.56083e-03
        73	 1.32804e-02	 7.02650e-03	 1.62823e-01
        74	 9.97790e-01	 1.41264e+00	-5.68730e-03
        75	 9.46279e-03	 6.92413e-03	 1.37396e-01
        76	 1.00129e+00	 1.41511e+00	-5.81194e-03
        77	 6.28674e-03	 6.81951e-03	 1.11924e-01
        78	 1.00414e+00	 1.41713e+00	-5.93469e-03
        79	 3.75636e-03	 6.71269e-03	 8.64157e-02
        80	 1.00635e+00	 1.41868e+00	-6.05552e-03
        81	 1.87495e-03	 6.60369e-03	 6.08794e-02
        82	 1.00790e+00	 1.41978e+00	-6.17438e-03
        83	 6.44948e-04	 6.49255e-03	 3.53234e-02
        84	 1.00881e+00	 1.42041e+00	-6.29125e-03
        85	 6.79372e-05	 6.37931e-03	 9.75596e-03
        86	 1.00906e+00	 1.42059e+00	-6.40608e-03
        87	 1.44670e-04	 6.26400e-03	-1.58146e-02
        88	 1.00865e+00	 1.42030e+00	-6.51883e-03
        89	 8.75048e-04	 6.14666e-03	-4.13801e-02
        90	 1.00760e+00	 1.41956e+00	-6.62947e-03
        91	 2.25812e-03	 6.02733e-03	-6.69322e-02
        92	 1.00589e+00	 1.41835e+00	-6.73796e-03
        93	 4.29210e-03	 5.90605e-03	-9.24626e-02
        94	 1.00353e+00	 1.41669e+00	-6.84427e-03
        95	 6.97435e-03	 5.78285e-03	-1.17963e-01
        96	 1.00052e+00	 1.41457e+00	-6.94836e-03
        97	 1.03014e-02	 5.65778e-03	-1.43425e-01
        98	 9.96876e-01	 1.41199e+00	-7.05020e-03
        99	 1.42689e-02	 5.53088e-03	-1.68841e-01
       100	 9.92590e-01	 1.40895e+00	-7.14976e-03
