         0	 5.00000e-01	 1.00000e-03	 1.00000e+00
        20	 5.00000e-01	 1.09998e-02	 9.99940e-01
        40	 5.00000e-01	 2.09985e-02	 9.99780e-01
        60	 5.00000e-01	 3.09950e-02	 9.99520e-01
        80	 5.00000e-01	 4.09885e-02	 9.99160e-01
       100	 5.00000e-01	 5.09779e-02	 9.98700e-01
       120	 5.00000e-01	 6.09622e-02	 9.98140e-01
       140	 5.00000e-01	 7.09404e-02	 9.97481e-01
       160	 5.00000e-01	 8.09115e-02	 9.96721e-01
       180	 5.00000e-01	 9.08745e-02	 9.95862e-01
       200	 5.00000e-01	 1.00828e-01	 9.94904e-01
       220	 5.00000e-01	 1.10772e-01	 9.93846e-01
       240	 5.00000e-01	 1.20705e-01	 9.92688e-01
       260	 5.00000e-01	 1.30626e-01	 9.91432e-01
       280	 5.00000e-01	 1.40533e-01	 9.90076e-01
       300	 5.00000e-01	 1.50427e-01	 9.88621e-01
       320	 5.00000e-01	 1.60305e-01	 9.87067e-01
       340	 5.00000e-01	 1.70168e-01	 9.85415e-01
       360	 5.00000e-01	 1.80013e-01	 9.83664e-01
       380	 5.00000e-01	 1.89841e-01	 9.81815e-01
       400	 5.00000e-01	 1.99649e-01	 9.79867e-01
       420	 5.00000e-01	 2.09438e-01	 9.77822e-01
       440	 5.00000e-01	 2.19205e-01	 9.75679e-01
       460	 5.00000e-01	 2.28951e-01	 9.73438e-01
       480	 5.00000e-01	 2.38674e-01	 9.71100e-01
       500	 5.00000e-01	 2.48373e-01	 9.68665e-01
       520	 5.00000e-01	 2.58047e-01	 9.66132e-01
       540	 5.00000e-01	 2.67695e-01	 9.63504e-01
       560	 5.00000e-01	 2.77317e-01	 9.60779e-01
       580	 5.00000e-01	 2.86910e-01	 9.57957e-01
       600	 5.00000e-01	 2.96475e-01	 9.55040e-01
       620	 5.00000e-01	 3.06011e-01	 9.52028e-01
       640	 5.00000e-01	 3.15516e-01	 9.48920e-01
       660	 5.00000e-01	 3.24989e-01	 9.45718e-01
       680	 5.00000e-01	 3.34430e-01	 9.42421e-01
       700	 5.00000e-01	 3.43837e-01	 9.39029e-01
       720	 5.00000e-01	 3.53210e-01	 9.35544e-01
       740	 5.00000e-01	 3.62548e-01	 9.31965e-01
       760	 5.00000e-01	 3.71849e-01	 9.28293e-01
       780	 5.00000e-01	 3.81113e-01	 9.24528e-01
       800	 5.00000e-01	 3.90339e-01	 9.20671e-01
       820	 5.00000e-01	 3.99526e-01	 9.16722e-01
       840	 5.00000e-01	 4.08673e-01	 9.12681e-01
       860	 5.00000e-01	 4.17780e-01	 9.08548e-01
       880	 5.00000e-01	 4.26844e-01	 9.04325e-01
       900	 5.00000e-01	 4.35866e-01	 9.00012e-01
       920	 5.00000e-01	 4.44844e-01	 8.95608e-01
       940	 5.00000e-01	 4.53778e-01	 8.91115e-01
       960	 5.00000e-01	 4.62666e-01	 8.86533e-01
       980	 5.00000e-01	 4.71508e-01	 8.81862e-01
      1000	 5.00000e-01	 4.80303e-01	 8.77103e-01
      1020	 5.00000e-01	 4.89050e-01	 8.72256e-01
      1040	 5.00000e-01	 4.97748e-01	 8.67322e-01
      1060	 5.00000e-01	 5.06396e-01	 8.62301e-01
      1080	 5.00000e-01	 5.14993e-01	 8.57194e-01
      1100	 5.00000e-01	 5.23540e-01	 8.52001e-01
      1120	 5.00000e-01	 5.32033e-01	 8.46723e-01
      1140	 5.00000e-01	 5.40474e-01	 8.41361e-01
      1160	 5.00000e-01	 5.48860e-01	 8.35914e-01
      1180	 5.00000e-01	 5.57192e-01	 8.30384e-01
      1200	 5.00000e-01	 5.65468e-01	 8.24771e-01
      1220	 5.00000e-01	 5.73687e-01	 8.19075e-01
      1240	 5.00000e-01	 5.81849e-01	 8.13297e-01
      1260	 5.00000e-01	 5.89953e-01	 8.07438e-01
      1280	 5.00000e-01	 5.97997e-01	 8.01498e-01
      1300	 5.00000e-01	 6.05982e-01	 7.95478e-01
      1320	 5.00000e-01	 6.13907e-01	 7.89379e-01
      1340	 5.00000e-01	 6.21770e-01	 7.83200e-01
      1360	 5.00000e-01	 6.29570e-01	 7.76944e-01
      1380	 5.00000e-01	 6.37308e-01	 7.70609e-01
      1400	 5.00000e-01	 6.44982e-01	 7.64198e-01
      1420	 5.00000e-01	 6.52592e-01	 7.57710e-01
      1440	 5.00000e-01	 6.60136e-01	 7.51146e-01
      1460	 5.00000e-01	 6.67614e-01	 7.44507e-01
      1480	 5.00000e-01	 6.75026e-01	 7.37794e-01
      1500	 5.00000e-01	 6.82370e-01	 7.31007e-01
      1520	 5.00000e-01	 6.89646e-01	 7.24147e-01
      1540	 5.00000e-01	 6.96853e-01	 7.17214e-01
      1560	 5.00000e-01	 7.03990e-01	 7.10210e-01
      1580	 5.00000e-01	 7.11057e-01	 7.03135e-01
      1600	 5.00000e-01	 7.18052e-01	 6.95989e-01
      1620	 5.00000e-01	 7.24976e-01	 6.88774e-01
      1640	 5.00000e-01	 7.31828e-01	 6.81490e-01
      1660	 5.00000e-01	 7.38606e-01	 6.74137e-01
      1680	 5.00000e-01	 7.45310e-01	 6.66718e-01
      1700	 5.00000e-01	 7.51940e-01	 6.59232e-01
      1720	 5.00000e-01	 7.58495e-01	 6.51679e-01
      1740	 5.00000e-01	 7.64973e-01	 6.44062e-01
      1760	 5.00000e-01	 7.71376e-01	 6.36380e-01
      1780	 5.00000e-01	 7.77701e-01	 6.28635e-01
      1800	 5.00000e-01	 7.83948e-01	 6.20826e-01
      1820	 5.00000e-01	 7.90117e-01	 6.12956e-01
      1840	 5.00000e-01	 7.96207e-01	 6.05024e-01
      1860	 5.00000e-01	 8.02217e-01	 5.97032e-01
      1880	 5.00000e-01	 8.08148e-01	 5.88980e-01
      1900	 5.00000e-01	 8.13997e-01	 5.80869e-01
      1920	 5.00000e-01	 8.19765e-01	 5.72700e-01
      1940	 5.00000e-01	 8.25451e-01	 5.64474e-01
      1960	 5.00000e-01	 8.31054e-01	 5.56192e-01
      1980	 5.00000e-01	 8.36574e-01	 5.47854e-01
      2000	 5.00000e-01	 8.42011e-01	 5.39461e-01
      2020	 5.00000e-01	 8.47363e-01	 5.31014e-01
      2040	 5.00000e-01	 8.52631e-01	 5.22514e-01
      2060	 5.00000e-01	 8.57813e-01	 5.13961e-01
      2080	 5.00000e-01	 8.62910e-01	 5.05358e-01
      2100	 5.00000e-01	 8.67920e-01	 4.96703e-01
      2120	 5.00000e-01	 8.72844e-01	 4.87999e-01
      2140	 5.00000e-01	 8.77680e-01	 4.79247e-01
      2160	 5.00000e-01	 8.82429e-01	 4.70446e-01
      2180	 5.00000e-01	 8.87089e-01	 4.61598e-01
      2200	 5.00000e-01	 8.91661e-01	 4.52705e-01
      2220	 5.00000e-01	 8.96143e-01	 4.43766e-01
      2240	 5.00000e-01	 9.00536e-01	 4.34782e-01
      2260	 5.00000e-01	 9.04838e-01	 4.25755e-01
      2280	 5.00000e-01	 9.09051e-01	 4.16686e-01
      2300	 5.00000e-01	 9.13172e-01	 4.07574e-01
      2320	 5.00000e-01	 9.17202e-01	 3.98422e-01
      2340	 5.00000e-01	 9.21140e-01	 3.89231e-01
      2360	 5.00000e-01	 9.24986e-01	 3.80000e-01
      2380	 5.00000e-01	 9.28740e-01	 3.70731e-01
      2400	 5.00000e-01	 9.32401e-01	 3.61425e-01
      2420	 5.00000e-01	 9.35969e-01	 3.52084e-01
      2440	 5.00000e-01	 9.39443e-01	 3.42706e-01
      2460	 5.00000e-01	 9.42823e-01	 3.33295e-01
      2480	 5.00000e-01	 9.46108e-01	 3.23850e-01
      2500	 5.00000e-01	 9.49299e-01	 3.14373e-01
      2520	 5.00000e-01	 9.52396e-01	 3.04865e-01
      2540	 5.00000e-01	 9.55397e-01	 2.95326e-01
      2560	 5.00000e-01	 9.58302e-01	 2.85757e-01
      2580	 5.00000e-01	 9.61112e-01	 2.76160e-01
      2600	 5.00000e-01	 9.63825e-01	 2.66535e-01
      2620	 5.00000e-01	 9.66442e-01	 2.56884e-01
      2640	 5.00000e-01	 9.68963e-01	 2.47207e-01
      2660	 5.00000e-01	 9.71386e-01	 2.37505e-01
      2680	 5.00000e-01	 9.73713e-01	 2.27779e-01
      2700	 5.00000e-01	 9.75942e-01	 2.18031e-01
      2720	 5.00000e-01	 9.78073e-01	 2.08261e-01
      2740	 5.00000e-01	 9.80107e-01	 1.98470e-01
      2760	 5.00000e-01	 9.82043e-01	 1.88659e-01
      2780	 5.00000e-01	 9.83880e-01	 1.78829e-01
      2800	 5.00000e-01	 9.85619e-01	 1.68982e-01
      2820	 5.00000e-01	 9.87260e-01	 1.59117e-01
      2840	 5.00000e-01	 9.88802e-01	 1.49237e-01
      2860	 5.00000e-01	 9.90244e-01	 1.39341e-01
      2880	 5.00000e-01	 9.91588e-01	 1.29432e-01
      2900	 5.00000e-01	 9.92833e-01	 1.19510e-01
      2920	 5.00000e-01	 9.93978e-01	 1.09576e-01
      2940	 5.00000e-01	 9.95024e-01	 9.96307e-02
      2960	 5.00000e-01	 9.95971e-01	 8.96756e-02
      2980	 5.00000e-01	 9.96818e-01	 7.97116e-02
      3000	 5.00000e-01	 9.97565e-01	 6.97396e-02
      3020	 5.00000e-01	 9.98213e-01	 5.97606e-02
      3040	 5.00000e-01	 9.98760e-01	 4.97757e-02
      3060	 5.00000e-01	 9.99208e-01	 3.97858e-02
      3080	 5.00000e-01	 9.99556e-01	 2.97919e-02
      3100	 5.00000e-01	 9.99804e-01	 1.97950e-02
      3120	 5.00000e-01	 9.99952e-01	 9.79611e-03
      3140	 5.00000e-01	 1.00000e+00	-2.03739e-04
      3160	 5.00000e-01	 9.99948e-01	-1.02036e-02
      3180	 5.00000e-01	 9.99796e-01	-2.02024e-02
      3200	 5.00000e-01	 9.99544e-01	-3.01991e-02
      3220	 5.00000e-01	 9.99192e-01	-4.01929e-02
      3240	 5.00000e-01	 9.98740e-01	-5.01827e-02
      3260	 5.00000e-01	 9.98188e-01	-6.01674e-02
      3280	 5.00000e-01	 9.97537e-01	-7.01461e-02
      3300	 5.00000e-01	 9.96785e-01	-8.01178e-02
      3320	 5.00000e-01	 9.95934e-01	-9.00815e-02
      3340	 5.00000e-01	 9.94984e-01	-1.00036e-01
      3360	 5.00000e-01	 9.93934e-01	-1.09981e-01
      3380	 5.00000e-01	 9.92784e-01	-1.19914e-01
      3400	 5.00000e-01	 9.91535e-01	-1.29836e-01
      3420	 5.00000e-01	 9.90188e-01	-1.39745e-01
      3440	 5.00000e-01	 9.88741e-01	-1.49640e-01
      3460	 5.00000e-01	 9.87195e-01	-1.59519e-01
      3480	 5.00000e-01	 9.85550e-01	-1.69383e-01
      3500	 5.00000e-01	 9.83807e-01	-1.79230e-01
      3520	 5.00000e-01	 9.81966e-01	-1.89059e-01
      3540	 5.00000e-01	 9.80026e-01	-1.98869e-01
      3560	 5.00000e-01	 9.77988e-01	-2.08659e-01
      3580	 5.00000e-01	 9.75853e-01	-2.18428e-01
      3600	 5.00000e-01	 9.73620e-01	-2.28176e-01
      3620	 5.00000e-01	 9.71290e-01	-2.37901e-01
      3640	 5.00000e-01	 9.68862e-01	-2.47601e-01
      3660	 5.00000e-01	 9.66338e-01	-2.57277e-01
      3680	 5.00000e-01	 9.63717e-01	-2.66928e-01
      3700	 5.00000e-01	 9.60999e-01	-2.76551e-01
      3720	 5.00000e-01	 9.58186e-01	-2.86147e-01
      3740	 5.00000e-01	 9.55276e-01	-2.95715e-01
      3760	 5.00000e-01	 9.52271e-01	-3.05253e-01
      3780	 5.00000e-01	 9.49171e-01	-3.14760e-01
      3800	 5.00000e-01	 9.45976e-01	-3.24236e-01
      3820	 5.00000e-01	 9.42687e-01	-3.33679e-01
      3840	 5.00000e-01	 9.39303e-01	-3.43089e-01
      3860	 5.00000e-01	 9.35825e-01	-3.52465e-01
      3880	 5.00000e-01	 9.32254e-01	-3.61805e-01
      3900	 5.00000e-01	 9.28589e-01	-3.71110e-01
      3920	 5.00000e-01	 9.24832e-01	-3.80377e-01
      3940	 5.00000e-01	 9.20982e-01	-3.89606e-01
      3960	 5.00000e-01	 9.17040e-01	-3.98796e-01
      3980	 5.00000e-01	 9.13006e-01	-4.07946e-01
      4000	 5.00000e-01	 9.08881e-01	-4.17056e-01
      4020	 5.00000e-01	 9.04665e-01	-4.26124e-01
      4040	 5.00000e-01	 9.00358e-01	-4.35149e-01
      4060	 5.00000e-01	 8.95962e-01	-4.44131e-01
      4080	 5.00000e-01	 8.91476e-01	-4.53068e-01
      4100	 5.00000e-01	 8.86901e-01	-4.61960e-01
      4120	 5.00000e-01	 8.82237e-01	-4.70806e-01
      4140	 5.00000e-01	 8.77485e-01	-4.79604e-01
      4160	 5.00000e-01	 8.72645e-01	-4.88355e-01
      4180	 5.00000e-01	 8.67718e-01	-4.97057e-01
      4200	 5.00000e-01	 8.62704e-01	-5.05709e-01
      4220	 5.00000e-01	 8.57604e-01	-5.14311e-01
      4240	 5.00000e-01	 8.52418e-01	-5.22861e-01
      4260	 5.00000e-01	 8.47147e-01	-5.31359e-01
      4280	 5.00000e-01	 8.41791e-01	-5.39804e-01
      4300	 5.00000e-01	 8.36351e-01	-5.48194e-01
      4320	 5.00000e-01	 8.30827e-01	-5.56530e-01
      4340	 5.00000e-01	 8.25221e-01	-5.64811e-01
      4360	 5.00000e-01	 8.19531e-01	-5.73034e-01
      4380	 5.00000e-01	 8.13760e-01	-5.81201e-01
      4400	 5.00000e-01	 8.07907e-01	-5.89309e-01
      4420	 5.00000e-01	 8.01974e-01	-5.97359e-01
      4440	 5.00000e-01	 7.95960e-01	-6.05349e-01
      4460	 5.00000e-01	 7.89867e-01	-6.13278e-01
      4480	 5.00000e-01	 7.83695e-01	-6.21146e-01
      4500	 5.00000e-01	 7.77445e-01	-6.28951e-01
      4520	 5.00000e-01	 7.71116e-01	-6.36694e-01
      4540	 5.00000e-01	 7.64711e-01	-6.44374e-01
      4560	 5.00000e-01	 7.58229e-01	-6.51988e-01
      4580	 5.00000e-01	 7.51671e-01	-6.59538e-01
      4600	 5.00000e-01	 7.45038e-01	-6.67021e-01
      4620	 5.00000e-01	 7.38331e-01	-6.74438e-01
      4640	 5.00000e-01	 7.31550e-01	-6.81788e-01
      4660	 5.00000e-01	 7.24696e-01	-6.89069e-01
      4680	 5.00000e-01	 7.17769e-01	-6.96282e-01
      4700	 5.00000e-01	 7.10770e-01	-7.03424e-01
      4720	 5.00000e-01	 7.03701e-01	-7.10497e-01
      4740	 5.00000e-01	 6.96561e-01	-7.17498e-01
      4760	 5.00000e-01	 6.89351e-01	-7.24428e-01
      4780	 5.00000e-01	 6.82072e-01	-7.31285e-01
      4800	 5.00000e-01	 6.74725e-01	-7.38069e-01
      4820	 5.00000e-01	 6.67311e-01	-7.44779e-01
      4840	 5.00000e-01	 6.59830e-01	-7.51415e-01
      4860	 5.00000e-01	 6.52283e-01	-7.57975e-01
      4880	 5.00000e-01	 6.44671e-01	-7.64460e-01
      4900	 5.00000e-01	 6.36994e-01	-7.70869e-01
      4920	 5.00000e-01	 6.29254e-01	-7.77200e-01
      4940	 5.00000e-01	 6.21450e-01	-7.83454e-01
      4960	 5.00000e-01	 6.13585e-01	-7.89629e-01
      4980	 5.00000e-01	 6.05658e-01	-7.95725e-01
      5000	 5.00000e-01	 5.97671e-01	-8.01742e-01
      5020	 5.00000e-01	 5.89623e-01	-8.07678e-01
      5040	 5.00000e-01	 5.81517e-01	-8.13534e-01
      5060	 5.00000e-01	 5.73353e-01	-8.19308e-01
      5080	 5.00000e-01	 5.65131e-01	-8.25001e-01
      5100	 5.00000e-01	 5.56853e-01	-8.30611e-01
      5120	 5.00000e-01	 5.48519e-01	-8.36138e-01
      5140	 5.00000e-01	 5.40131e-01	-8.41581e-01
      5160	 5.00000e-01	 5.31688e-01	-8.46940e-01
      5180	 5.00000e-01	 5.23192e-01	-8.52215e-01
      5200	 5.00000e-01	 5.14644e-01	-8.57404e-01
      5220	 5.00000e-01	 5.06045e-01	-8.62507e-01
      5240	 5.00000e-01	 4.97394e-01	-8.67525e-01
      5260	 5.00000e-01	 4.88694e-01	-8.72455e-01
      5280	 5.00000e-01	 4.79945e-01	-8.77298e-01
      5300	 5.00000e-01	 4.71149e-01	-8.82054e-01
      5320	 5.00000e-01	 4.62305e-01	-8.86721e-01
      5340	 5.00000e-01	 4.53414e-01	-8.91300e-01
      5360	 5.00000e-01	 4.44479e-01	-8.95789e-01
      5380	 5.00000e-01	 4.35499e-01	-9.00189e-01
      5400	 5.00000e-01	 4.26475e-01	-9.04499e-01
      5420	 5.00000e-01	 4.17409e-01	-9.08719e-01
      5440	 5.00000e-01	 4.08301e-01	-9.12847e-01
      5460	 5.00000e-01	 3.99153e-01	-9.16884e-01
      5480	 5.00000e-01	 3.89964e-01	-9.20830e-01
      5500	 5.00000e-01	 3.80736e-01	-9.24684e-01
      5520	 5.00000e-01	 3.71471e-01	-9.28445e-01
      5540	 5.00000e-01	 3.62168e-01	-9.32113e-01
      5560	 5.00000e-01	 3.52829e-01	-9.35688e-01
      5580	 5.00000e-01	 3.43454e-01	-9.39169e-01
      5600	 5.00000e-01	 3.34046e-01	-9.42557e-01
      5620	 5.00000e-01	 3.24604e-01	-9.45850e-01
      5640	 5.00000e-01	 3.15129e-01	-9.49049e-01
      5660	 5.00000e-01	 3.05623e-01	-9.52153e-01
      5680	 5.00000e-01	 2.96086e-01	-9.55161e-01
      5700	 5.00000e-01	 2.86520e-01	-9.58074e-01
      5720	 5.00000e-01	 2.76925e-01	-9.60892e-01
      5740	 5.00000e-01	 2.67302e-01	-9.63613e-01
      5760	 5.00000e-01	 2.57653e-01	-9.66237e-01
      5780	 5.00000e-01	 2.47978e-01	-9.68766e-01
      5800	 5.00000e-01	 2.38278e-01	-9.71197e-01
      5820	 5.00000e-01	 2.28554e-01	-9.73531e-01
      5840	 5.00000e-01	 2.18808e-01	-9.75768e-01
      5860	 5.00000e-01	 2.09039e-01	-9.77907e-01
      5880	 5.00000e-01	 1.99250e-01	-9.79949e-01
      5900	 5.00000e-01	 1.89441e-01	-9.81892e-01
      5920	 5.00000e-01	 1.79612e-01	-9.83737e-01
      5940	 5.00000e-01	 1.69766e-01	-9.85484e-01
      5960	 5.00000e-01	 1.59903e-01	-9.87133e-01
      5980	 5.00000e-01	 1.50024e-01	-9.88682e-01
      6000	 5.00000e-01	 1.40130e-01	-9.90133e-01
      6020	 5.00000e-01	 1.30222e-01	-9.91485e-01
      6040	 5.00000e-01	 1.20300e-01	-9.92738e-01
      6060	 5.00000e-01	 1.10367e-01	-9.93891e-01
      6080	 5.00000e-01	 1.00423e-01	-9.94945e-01
      6100	 5.00000e-01	 9.04687e-02	-9.95899e-01
      6120	 5.00000e-01	 8.05053e-02	-9.96754e-01
      6140	 5.00000e-01	 7.05339e-02	-9.97509e-01
      6160	 5.00000e-01	 6.05555e-02	-9.98165e-01
      6180	 5.00000e-01	 5.05709e-02	-9.98720e-01
      6200	 5.00000e-01	 4.05814e-02	-9.99176e-01
      6220	 5.00000e-01	 3.05878e-02	-9.99532e-01
      6240	 5.00000e-01	 2.05911e-02	-9.99788e-01
      6260	 5.00000e-01	 1.05923e-02	-9.99944e-01
      6280	 5.00000e-01	 5.92523e-04	-1.00000e+00
      6300	 5.00000e-01	-9.40734e-03	-9.99956e-01
      6320	 5.00000e-01	-1.94063e-02	-9.99812e-01
      6340	 5.00000e-01	-2.94032e-02	-9.99568e-01
      6360	 5.00000e-01	-3.93973e-02	-9.99224e-01
      6380	 5.00000e-01	-4.93874e-02	-9.98780e-01
      6400	 5.00000e-01	-5.93725e-02	-9.98236e-01
      6420	 5.00000e-01	-6.93518e-02	-9.97592e-01
      6440	 5.00000e-01	-7.93241e-02	-9.96849e-01
      6460	 5.00000e-01	-8.92884e-02	-9.96006e-01
      6480	 5.00000e-01	-9.92438e-02	-9.95063e-01
      6500	 5.00000e-01	-1.09189e-01	-9.94021e-01
      6520	 5.00000e-01	-1.19124e-01	-9.92879e-01
      6540	 5.00000e-01	-1.29047e-01	-9.91639e-01
      6560	 5.00000e-01	-1.38956e-01	-9.90299e-01
      6580	 5.00000e-01	-1.48852e-01	-9.88859e-01
      6600	 5.00000e-01	-1.58733e-01	-9.87322e-01
      6620	 5.00000e-01	-1.68598e-01	-9.85685e-01
      6640	 5.00000e-01	-1.78447e-01	-9.83950e-01
      6660	 5.00000e-01	-1.88277e-01	-9.82116e-01
      6680	 5.00000e-01	-1.98089e-01	-9.80184e-01
      6700	 5.00000e-01	-2.07880e-01	-9.78154e-01
      6720	 5.00000e-01	-2.17651e-01	-9.76027e-01
      6740	 5.00000e-01	-2.27401e-01	-9.73801e-01
      6760	 5.00000e-01	-2.37127e-01	-9.71479e-01
      6780	 5.00000e-01	-2.46830e-01	-9.69059e-01
      6800	 5.00000e-01	-2.56508e-01	-9.66542e-01
      6820	 5.00000e-01	-2.66160e-01	-9.63929e-01
      6840	 5.00000e-01	-2.75786e-01	-9.61219e-01
      6860	 5.00000e-01	-2.85384e-01	-9.58413e-01
      6880	 5.00000e-01	-2.94954e-01	-9.55511e-01
      6900	 5.00000e-01	-3.04494e-01	-9.52514e-01
      6920	 5.00000e-01	-3.14004e-01	-9.49422e-01
      6940	 5.00000e-01	-3.23482e-01	-9.46234e-01
      6960	 5.00000e-01	-3.32928e-01	-9.42952e-01
      6980	 5.00000e-01	-3.42341e-01	-9.39576e-01
      7000	 5.00000e-01	-3.51720e-01	-9.36105e-01
      7020	 5.00000e-01	-3.61063e-01	-9.32541e-01
      7040	 5.00000e-01	-3.70370e-01	-9.28884e-01
      7060	 5.00000e-01	-3.79640e-01	-9.25134e-01
      7080	 5.00000e-01	-3.88873e-01	-9.21292e-01
      7100	 5.00000e-01	-3.98066e-01	-9.17357e-01
      7120	 5.00000e-01	-4.07219e-01	-9.13330e-01
      7140	 5.00000e-01	-4.16332e-01	-9.09213e-01
      7160	 5.00000e-01	-4.25403e-01	-9.05004e-01
      7180	 5.00000e-01	-4.34432e-01	-9.00705e-01
      7200	 5.00000e-01	-4.43417e-01	-8.96315e-01
      7220	 5.00000e-01	-4.52358e-01	-8.91836e-01
      7240	 5.00000e-01	-4.61254e-01	-8.87268e-01
      7260	 5.00000e-01	-4.70103e-01	-8.82612e-01
      7280	 5.00000e-01	-4.78905e-01	-8.77866e-01
      7300	 5.00000e-01	-4.87660e-01	-8.73034e-01
      7320	 5.00000e-01	-4.96366e-01	-8.68113e-01
      7340	 5.00000e-01	-5.05022e-01	-8.63106e-01
      7360	 5.00000e-01	-5.13628e-01	-8.58013e-01
      7380	 5.00000e-01	-5.22182e-01	-8.52834e-01
      7400	 5.00000e-01	-5.30684e-01	-8.47570e-01
      7420	 5.00000e-01	-5.39133e-01	-8.42221e-01
      7440	 5.00000e-01	-5.47528e-01	-8.36787e-01
      7460	 5.00000e-01	-5.55869e-01	-8.31270e-01
      7480	 5.00000e-01	-5.64153e-01	-8.25670e-01
      7500	 5.00000e-01	-5.72382e-01	-8.19987e-01
      7520	 5.00000e-01	-5.80553e-01	-8.14223e-01
      7540	 5.00000e-01	-5.88666e-01	-8.08376e-01
      7560	 5.00000e-01	-5.96720e-01	-8.02449e-01
      7580	 5.00000e-01	-6.04715e-01	-7.96442e-01
      7600	 5.00000e-01	-6.12649e-01	-7.90355e-01
      7620	 5.00000e-01	-6.20521e-01	-7.84189e-01
      7640	 5.00000e-01	-6.28332e-01	-7.77945e-01
      7660	 5.00000e-01	-6.36080e-01	-7.71623e-01
      7680	 5.00000e-01	-6.43764e-01	-7.65224e-01
      7700	 5.00000e-01	-6.51384e-01	-7.58748e-01
      7720	 5.00000e-01	-6.58939e-01	-7.52196e-01
      7740	 5.00000e-01	-6.66428e-01	-7.45569e-01
      7760	 5.00000e-01	-6.73850e-01	-7.38868e-01
      7780	 5.00000e-01	-6.81205e-01	-7.32093e-01
      7800	 5.00000e-01	-6.88492e-01	-7.25244e-01
      7820	 5.00000e-01	-6.95710e-01	-7.18323e-01
      7840	 5.00000e-01	-7.02858e-01	-7.11330e-01
      7860	 5.00000e-01	-7.09936e-01	-7.04266e-01
      7880	 5.00000e-01	-7.16943e-01	-6.97132e-01
      7900	 5.00000e-01	-7.23879e-01	-6.89927e-01
      7920	 5.00000e-01	-7.30741e-01	-6.82654e-01
      7940	 5.00000e-01	-7.37531e-01	-6.75313e-01
      7960	 5.00000e-01	-7.44248e-01	-6.67904e-01
      7980	 5.00000e-01	-7.50889e-01	-6.60428e-01
      8000	 5.00000e-01	-7.57456e-01	-6.52886e-01
      8020	 5.00000e-01	-7.63947e-01	-6.45279e-01
      8040	 5.00000e-01	-7.70361e-01	-6.37608e-01
      8060	 5.00000e-01	-7.76699e-01	-6.29872e-01
      8080	 5.00000e-01	-7.82958e-01	-6.22074e-01
      8100	 5.00000e-01	-7.89140e-01	-6.14213e-01
      8120	 5.00000e-01	-7.95243e-01	-6.06291e-01
      8140	 5.00000e-01	-8.01266e-01	-5.98309e-01
      8160	 5.00000e-01	-8.07209e-01	-5.90266e-01
      8180	 5.00000e-01	-8.13071e-01	-5.82165e-01
      8200	 5.00000e-01	-8.18852e-01	-5.74005e-01
      8220	 5.00000e-01	-8.24551e-01	-5.65788e-01
      8240	 5.00000e-01	-8.30167e-01	-5.57515e-01
      8260	 5.00000e-01	-8.35701e-01	-5.49185e-01
      8280	 5.00000e-01	-8.41151e-01	-5.40801e-01
      8300	 5.00000e-01	-8.46517e-01	-5.32362e-01
      8320	 5.00000e-01	-8.51798e-01	-5.23871e-01
      8340	 5.00000e-01	-8.56994e-01	-5.15327e-01
      8360	 5.00000e-01	-8.62104e-01	-5.06731e-01
      8380	 5.00000e-01	-8.67128e-01	-4.98085e-01
      8400	 5.00000e-01	-8.72066e-01	-4.89389e-01
      8420	 5.00000e-01	-8.76916e-01	-4.80644e-01
      8440	 5.00000e-01	-8.81678e-01	-4.71851e-01
      8460	 5.00000e-01	-8.86353e-01	-4.63011e-01
      8480	 5.00000e-01	-8.90938e-01	-4.54124e-01
      8500	 5.00000e-01	-8.95435e-01	-4.45192e-01
      8520	 5.00000e-01	-8.99842e-01	-4.36216e-01
      8540	 5.00000e-01	-9.04159e-01	-4.27196e-01
      8560	 5.00000e-01	-9.08386e-01	-4.18133e-01
      8580	 5.00000e-01	-9.12522e-01	-4.09028e-01
      8600	 5.00000e-01	-9.16566e-01	-3.99883e-01
      8620	 5.00000e-01	-9.20519e-01	-3.90697e-01
      8640	 5.00000e-01	-9.24380e-01	-3.81473e-01
      8660	 5.00000e-01	-9.28149e-01	-3.72210e-01
      8680	 5.00000e-01	-9.31824e-01	-3.62910e-01
      8700	 5.00000e-01	-9.35407e-01	-3.53574e-01
      8720	 5.00000e-01	-9.38896e-01	-3.44202e-01
      8740	 5.00000e-01	-9.42291e-01	-3.34796e-01
      8760	 5.00000e-01	-9.45591e-01	-3.25357e-01
      8780	 5.00000e-01	-9.48798e-01	-3.15885e-01
      8800	 5.00000e-01	-9.51909e-01	-3.06381e-01
      8820	 5.00000e-01	-9.54925e-01	-2.96847e-01
      8840	 5.00000e-01	-9.57846e-01	-2.87283e-01
      8860	 5.00000e-01	-9.60671e-01	-2.77690e-01
      8880	 5.00000e-01	-9.63400e-01	-2.68070e-01
      8900	 5.00000e-01	-9.66032e-01	-2.58422e-01
      8920	 5.00000e-01	-9.68568e-01	-2.48749e-01
      8940	 5.00000e-01	-9.71007e-01	-2.39051e-01
      8960	 5.00000e-01	-9.73349e-01	-2.29330e-01
      8980	 5.00000e-01	-9.75593e-01	-2.19585e-01
      9000	 5.00000e-01	-9.77740e-01	-2.09818e-01
      9020	 5.00000e-01	-9.79790e-01	-2.00030e-01
      9040	 5.00000e-01	-9.81741e-01	-1.90223e-01
      9060	 5.00000e-01	-9.83594e-01	-1.80396e-01
      9080	 5.00000e-01	-9.85349e-01	-1.70551e-01
      9100	 5.00000e-01	-9.87005e-01	-1.60689e-01
      9120	 5.00000e-01	-9.88563e-01	-1.50811e-01
      9140	 5.00000e-01	-9.90021e-01	-1.40918e-01
      9160	 5.00000e-01	-9.91381e-01	-1.31011e-01
      9180	 5.00000e-01	-9.92641e-01	-1.21091e-01
      9200	 5.00000e-01	-9.93803e-01	-1.11159e-01
      9220	 5.00000e-01	-9.94865e-01	-1.01215e-01
      9240	 5.00000e-01	-9.95827e-01	-9.12616e-02
      9260	 5.00000e-01	-9.96690e-01	-8.12990e-02
      9280	 5.00000e-01	-9.97453e-01	-7.13282e-02
      9300	 5.00000e-01	-9.98116e-01	-6.13502e-02
      9320	 5.00000e-01	-9.98680e-01	-5.13662e-02
      9340	 5.00000e-01	-9.99144e-01	-4.13770e-02
      9360	 5.00000e-01	-9.99507e-01	-3.13836e-02
      9380	 5.00000e-01	-9.99771e-01	-2.13872e-02
      9400	 5.00000e-01	-9.99935e-01	-1.13885e-02
      9420	 5.00000e-01	-9.99999e-01	-1.38878e-03
      9440	 5.00000e-01	-9.99963e-01	 8.61111e-03
      9460	 5.00000e-01	-9.99827e-01	 1.86101e-02
      9480	 5.00000e-01	-9.99591e-01	 2.86073e-02
      9500	 5.00000e-01	-9.99255e-01	 3.86016e-02
      9520	 5.00000e-01	-9.98819e-01	 4.85921e-02
      9540	 5.00000e-01	-9.98283e-01	 5.85777e-02
      9560	 5.00000e-01	-9.97647e-01	 6.85574e-02
      9580	 5.00000e-01	-9.96912e-01	 7.85303e-02
      9600	 5.00000e-01	-9.96077e-01	 8.84953e-02
      9620	 5.00000e-01	-9.95142e-01	 9.84515e-02
      9640	 5.00000e-01	-9.94108e-01	 1.08398e-01
      9660	 5.00000e-01	-9.92974e-01	 1.18333e-01
      9680	 5.00000e-01	-9.91741e-01	 1.28257e-01
      9700	 5.00000e-01	-9.90409e-01	 1.38168e-01
      9720	 5.00000e-01	-9.88978e-01	 1.48065e-01
      9740	 5.00000e-01	-9.87448e-01	 1.57947e-01
      9760	 5.00000e-01	-9.85819e-01	 1.67813e-01
      9780	 5.00000e-01	-9.84091e-01	 1.77663e-01
      9800	 5.00000e-01	-9.82266e-01	 1.87495e-01
      9820	 5.00000e-01	-9.80342e-01	 1.97308e-01
      9840	 5.00000e-01	-9.78319e-01	 2.07101e-01
      9860	 5.00000e-01	-9.76200e-01	 2.16874e-01
      9880	 5.00000e-01	-9.73982e-01	 2.26625e-01
      9900	 5.00000e-01	-9.71667e-01	 2.36353e-01
      9920	 5.00000e-01	-9.69255e-01	 2.46058e-01
      9940	 5.00000e-01	-9.66746e-01	 2.55738e-01
      9960	 5.00000e-01	-9.64140e-01	 2.65393e-01
      9980	 5.00000e-01	-9.61438e-01	 2.75021e-01
     10000	 5.00000e-01	-9.58640e-01	 2.84621e-01
     10020	 5.00000e-01	-9.55746e-01	 2.94193e-01
     10040	 5.00000e-01	-9.52756e-01	 3.03736e-01
     10060	 5.00000e-01	-9.49671e-01	 3.13248e-01
     10080	 5.00000e-01	-9.46491e-01	 3.22729e-01
     10100	 5.00000e-01	-9.43217e-01	 3.32178e-01
     10120	 5.00000e-01	-9.39848e-01	 3.41593e-01
     10140	 5.00000e-01	-9.36385e-01	 3.50974e-01
     10160	 5.00000e-01	-9.32829e-01	 3.60320e-01
     10180	 5.00000e-01	-9.29179e-01	 3.69630e-01
     10200	 5.00000e-01	-9.25436e-01	 3.78904e-01
     10220	 5.00000e-01	-9.21601e-01	 3.88139e-01
     10240	 5.00000e-01	-9.17674e-01	 3.97335e-01
     10260	 5.00000e-01	-9.13654e-01	 4.06492e-01
     10280	 5.00000e-01	-9.09544e-01	 4.15608e-01
     10300	 5.00000e-01	-9.05342e-01	 4.24683e-01
     10320	 5.00000e-01	-9.01050e-01	 4.33715e-01
     10340	 5.00000e-01	-8.96668e-01	 4.42703e-01
     10360	 5.00000e-01	-8.92196e-01	 4.51648e-01
     10380	 5.00000e-01	-8.87635e-01	 4.60547e-01
     10400	 5.00000e-01	-8.82986e-01	 4.69400e-01
     10420	 5.00000e-01	-8.78248e-01	 4.78206e-01
     10440	 5.00000e-01	-8.73422e-01	 4.86965e-01
     10460	 5.00000e-01	-8.68508e-01	 4.95674e-01
     10480	 5.00000e-01	-8.63508e-01	 5.04335e-01
     10500	 5.00000e-01	-8.58422e-01	 5.12944e-01
     10520	 5.00000e-01	-8.53250e-01	 5.21503e-01
     10540	 5.00000e-01	-8.47992e-01	 5.30009e-01
     10560	 5.00000e-01	-8.42650e-01	 5.38462e-01
     10580	 5.00000e-01	-8.37223e-01	 5.46862e-01
     10600	 5.00000e-01	-8.31713e-01	 5.55207e-01
     10620	 5.00000e-01	-8.26119e-01	 5.63496e-01
     10640	 5.00000e-01	-8.20443e-01	 5.71729e-01
     10660	 5.00000e-01	-8.14685e-01	 5.79904e-01
     10680	 5.00000e-01	-8.08845e-01	 5.88022e-01
     10700	 5.00000e-01	-8.02924e-01	 5.96081e-01
     10720	 5.00000e-01	-7.96923e-01	 6.04080e-01
     10740	 5.00000e-01	-7.90843e-01	 6.12019e-01
     10760	 5.00000e-01	-7.84683e-01	 6.19897e-01
     10780	 5.00000e-01	-7.78445e-01	 6.27713e-01
     10800	 5.00000e-01	-7.72129e-01	 6.35465e-01
     10820	 5.00000e-01	-7.65736e-01	 6.43155e-01
     10840	 5.00000e-01	-7.59266e-01	 6.50780e-01
     10860	 5.00000e-01	-7.52721e-01	 6.58340e-01
     10880	 5.00000e-01	-7.46100e-01	 6.65834e-01
     10900	 5.00000e-01	-7.39404e-01	 6.73262e-01
     10920	 5.00000e-01	-7.32635e-01	 6.80622e-01
     10940	 5.00000e-01	-7.25792e-01	 6.87914e-01
     10960	 5.00000e-01	-7.18877e-01	 6.95138e-01
     10980	 5.00000e-01	-7.11890e-01	 7.02291e-01
     11000	 5.00000e-01	-7.04831e-01	 7.09375e-01
     11020	 5.00000e-01	-6.97702e-01	 7.16388e-01
     11040	 5.00000e-01	-6.90504e-01	 7.23329e-01
     11060	 5.00000e-01	-6.83236e-01	 7.30198e-01
     11080	 5.00000e-01	-6.75900e-01	 7.36993e-01
     11100	 5.00000e-01	-6.68496e-01	 7.43715e-01
     11120	 5.00000e-01	-6.61026e-01	 7.50363e-01
     11140	 5.00000e-01	-6.53489e-01	 7.56936e-01
     11160	 5.00000e-01	-6.45887e-01	 7.63433e-01
     11180	 5.00000e-01	-6.38221e-01	 7.69853e-01
     11200	 5.00000e-01	-6.30491e-01	 7.76197e-01
     11220	 5.00000e-01	-6.22697e-01	 7.82463e-01
     11240	 5.00000e-01	-6.14842e-01	 7.88651e-01
     11260	 5.00000e-01	-6.06924e-01	 7.94760e-01
     11280	 5.00000e-01	-5.98947e-01	 8.00789e-01
     11300	 5.00000e-01	-5.90909e-01	 8.06738e-01
     11320	 5.00000e-01	-5.82812e-01	 8.12607e-01
     11340	 5.00000e-01	-5.74657e-01	 8.18394e-01
     11360	 5.00000e-01	-5.66445e-01	 8.24100e-01
     11380	 5.00000e-01	-5.58175e-01	 8.29723e-01
     11400	 5.00000e-01	-5.49850e-01	 8.35263e-01
     11420	 5.00000e-01	-5.41470e-01	 8.40720e-01
     11440	 5.00000e-01	-5.33036e-01	 8.46092e-01
     11460	 5.00000e-01	-5.24549e-01	 8.51380e-01
     11480	 5.00000e-01	-5.16009e-01	 8.56583e-01
     11500	 5.00000e-01	-5.07417e-01	 8.61700e-01
     11520	 5.00000e-01	-4.98775e-01	 8.66731e-01
     11540	 5.00000e-01	-4.90083e-01	 8.71676e-01
     11560	 5.00000e-01	-4.81342e-01	 8.76533e-01
     11580	 5.00000e-01	-4.72553e-01	 8.81302e-01
     11600	 5.00000e-01	-4.63716e-01	 8.85984e-01
     11620	 5.00000e-01	-4.54833e-01	 8.90577e-01
     11640	 5.00000e-01	-4.45905e-01	 8.95080e-01
     11660	 5.00000e-01	-4.36932e-01	 8.99495e-01
     11680	 5.00000e-01	-4.27915e-01	 9.03819e-01
     11700	 5.00000e-01	-4.18856e-01	 9.08053e-01
     11720	 5.00000e-01	-4.09755e-01	 9.12196e-01
     11740	 5.00000e-01	-4.00612e-01	 9.16248e-01
     11760	 5.00000e-01	-3.91430e-01	 9.20208e-01
     11780	 5.00000e-01	-3.82208e-01	 9.24076e-01
     11800	 5.00000e-01	-3.72949e-01	 9.27852e-01
     11820	 5.00000e-01	-3.63652e-01	 9.31535e-01
     11840	 5.00000e-01	-3.54318e-01	 9.35125e-01
     11860	 5.00000e-01	-3.44950e-01	 9.38621e-01
     11880	 5.00000e-01	-3.35546e-01	 9.42024e-01
     11900	 5.00000e-01	-3.26109e-01	 9.45332e-01
     11920	 5.00000e-01	-3.16640e-01	 9.48546e-01
     11940	 5.00000e-01	-3.07139e-01	 9.51665e-01
     11960	 5.00000e-01	-2.97607e-01	 9.54688e-01
     11980	 5.00000e-01	-2.88045e-01	 9.57617e-01
     12000	 5.00000e-01	-2.78455e-01	 9.60449e-01
     12020	 5.00000e-01	-2.68837e-01	 9.63186e-01
     12040	 5.00000e-01	-2.59192e-01	 9.65826e-01
     12060	 5.00000e-01	-2.49520e-01	 9.68370e-01
     12080	 5.00000e-01	-2.39824e-01	 9.70816e-01
     12100	 5.00000e-01	-2.30104e-01	 9.73166e-01
     12120	 5.00000e-01	-2.20361e-01	 9.75418e-01
     12140	 5.00000e-01	-2.10596e-01	 9.77573e-01
     12160	 5.00000e-01	-2.00810e-01	 9.79630e-01
     12180	 5.00000e-01	-1.91004e-01	 9.81589e-01
     12200	 5.00000e-01	-1.81179e-01	 9.83450e-01
     12220	 5.00000e-01	-1.71335e-01	 9.85213e-01
     12240	 5.00000e-01	-1.61475e-01	 9.86877e-01
     12260	 5.00000e-01	-1.51598e-01	 9.88442e-01
     12280	 5.00000e-01	-1.41706e-01	 9.89909e-01
     12300	 5.00000e-01	-1.31800e-01	 9.91276e-01
     12320	 5.00000e-01	-1.21881e-01	 9.92545e-01
     12340	 5.00000e-01	-1.11950e-01	 9.93714e-01
     12360	 5.00000e-01	-1.02007e-01	 9.94784e-01
     12380	 5.00000e-01	-9.20545e-02	 9.95754e-01
     12400	 5.00000e-01	-8.20926e-02	 9.96625e-01
     12420	 5.00000e-01	-7.21224e-02	 9.97396e-01
     12440	 5.00000e-01	-6.21450e-02	 9.98067e-01
     12460	 5.00000e-01	-5.21614e-02	 9.98639e-01
     12480	 5.00000e-01	-4.21725e-02	 9.99110e-01
     12500	 5.00000e-01	-3.21795e-02	 9.99482e-01
     12520	 5.00000e-01	-2.21832e-02	 9.99754e-01
     12540	 5.00000e-01	-1.21847e-02	 9.99926e-01
     12560	 5.00000e-01	-2.18504e-03	 9.99998e-01
     12580	 5.00000e-01	 7.81488e-03	 9.99969e-01
     12600	 5.00000e-01	 1.78140e-02	 9.99841e-01
     12620	 5.00000e-01	 2.78114e-02	 9.99613e-01
     12640	 5.00000e-01	 3.78059e-02	 9.99285e-01
     12660	 5.00000e-01	 4.77967e-02	 9.98857e-01
     12680	 5.00000e-01	 5.77828e-02	 9.98329e-01
     12700	 5.00000e-01	 6.77630e-02	 9.97701e-01
     12720	 5.00000e-01	 7.77365e-02	 9.96974e-01
     12740	 5.00000e-01	 8.77021e-02	 9.96147e-01
     12760	 5.00000e-01	 9.76591e-02	 9.95220e-01
     12780	 5.00000e-01	 1.07606e-01	 9.94194e-01
     12800	 5.00000e-01	 1.17543e-01	 9.93068e-01
     12820	 5.00000e-01	 1.27467e-01	 9.91843e-01
     12840	 5.00000e-01	 1.37379e-01	 9.90519e-01
     12860	 5.00000e-01	 1.47277e-01	 9.89095e-01
     12880	 5.00000e-01	 1.57161e-01	 9.87573e-01
     12900	 5.00000e-01	 1.67028e-01	 9.85952e-01
     12920	 5.00000e-01	 1.76879e-01	 9.84233e-01
     12940	 5.00000e-01	 1.86713e-01	 9.82415e-01
     12960	 5.00000e-01	 1.96527e-01	 9.80498e-01
     12980	 5.00000e-01	 2.06322e-01	 9.78484e-01
     13000	 5.00000e-01	 2.16097e-01	 9.76372e-01
     13020	 5.00000e-01	 2.25849e-01	 9.74162e-01
     13040	 5.00000e-01	 2.35580e-01	 9.71855e-01
     13060	 5.00000e-01	 2.45286e-01	 9.69451e-01
     13080	 5.00000e-01	 2.54968e-01	 9.66949e-01
     13100	 5.00000e-01	 2.64625e-01	 9.64351e-01
     13120	 5.00000e-01	 2.74255e-01	 9.61657e-01
     13140	 5.00000e-01	 2.83858e-01	 9.58866e-01
     13160	 5.00000e-01	 2.93432e-01	 9.55980e-01
     13180	 5.00000e-01	 3.02977e-01	 9.52998e-01
     13200	 5.00000e-01	 3.12492e-01	 9.49920e-01
     13220	 5.00000e-01	 3.21975e-01	 9.46748e-01
     13240	 5.00000e-01	 3.31426e-01	 9.43481e-01
     13260	 5.00000e-01	 3.40844e-01	 9.40120e-01
     13280	 5.00000e-01	 3.50228e-01	 9.36664e-01
     13300	 5.00000e-01	 3.59577e-01	 9.33115e-01
     13320	 5.00000e-01	 3.68890e-01	 9.29473e-01
     13340	 5.00000e-01	 3.78167e-01	 9.25738e-01
     13360	 5.00000e-01	 3.87405e-01	 9.21910e-01
     13380	 5.00000e-01	 3.96604e-01	 9.17990e-01
     13400	 5.00000e-01	 4.05764e-01	 9.13978e-01
     13420	 5.00000e-01	 4.14884e-01	 9.09874e-01
     13440	 5.00000e-01	 4.23962e-01	 9.05680e-01
     13460	 5.00000e-01	 4.32997e-01	 9.01395e-01
     13480	 5.00000e-01	 4.41989e-01	 8.97020e-01
     13500	 5.00000e-01	 4.50937e-01	 8.92556e-01
     13520	 5.00000e-01	 4.59840e-01	 8.88002e-01
     13540	 5.00000e-01	 4.68697e-01	 8.83359e-01
     13560	 5.00000e-01	 4.77507e-01	 8.78628e-01
     13580	 5.00000e-01	 4.86269e-01	 8.73809e-01
     13600	 5.00000e-01	 4.94983e-01	 8.68903e-01
     13620	 5.00000e-01	 5.03647e-01	 8.63910e-01
     13640	 5.00000e-01	 5.12261e-01	 8.58830e-01
     13660	 5.00000e-01	 5.20823e-01	 8.53665e-01
     13680	 5.00000e-01	 5.29334e-01	 8.48414e-01
     13700	 5.00000e-01	 5.37791e-01	 8.43078e-01
     13720	 5.00000e-01	 5.46195e-01	 8.37658e-01
     13740	 5.00000e-01	 5.54544e-01	 8.32154e-01
     13760	 5.00000e-01	 5.62838e-01	 8.26567e-01
     13780	 5.00000e-01	 5.71075e-01	 8.20898e-01
     13800	 5.00000e-01	 5.79255e-01	 8.15146e-01
     13820	 5.00000e-01	 5.87378e-01	 8.09313e-01
     13840	 5.00000e-01	 5.95441e-01	 8.03399e-01
     13860	 5.00000e-01	 6.03446e-01	 7.97404e-01
     13880	 5.00000e-01	 6.11389e-01	 7.91330e-01
     13900	 5.00000e-01	 6.19272e-01	 7.85177e-01
     13920	 5.00000e-01	 6.27093e-01	 7.78945e-01
     13940	 5.00000e-01	 6.34850e-01	 7.72635e-01
     13960	 5.00000e-01	 6.42545e-01	 7.66248e-01
     13980	 5.00000e-01	 6.50175e-01	 7.59784e-01
     14000	 5.00000e-01	 6.57740e-01	 7.53245e-01
     14020	 5.00000e-01	 6.65240e-01	 7.46630e-01
     14040	 5.00000e-01	 6.72673e-01	 7.39940e-01
     14060	 5.00000e-01	 6.80038e-01	 7.33177e-01
     14080	 5.00000e-01	 6.87336e-01	 7.26340e-01
     14100	 5.00000e-01	 6.94565e-01	 7.19430e-01
     14120	 5.00000e-01	 7.01724e-01	 7.12449e-01
     14140	 5.00000e-01	 7.08814e-01	 7.05396e-01
     14160	 5.00000e-01	 7.15832e-01	 6.98272e-01
     14180	 5.00000e-01	 7.22779e-01	 6.91079e-01
     14200	 5.00000e-01	 7.29653e-01	 6.83817e-01
     14220	 5.00000e-01	 7.36455e-01	 6.76487e-01
     14240	 5.00000e-01	 7.43183e-01	 6.69088e-01
     14260	 5.00000e-01	 7.49837e-01	 6.61623e-01
     14280	 5.00000e-01	 7.56415e-01	 6.54092e-01
     14300	 5.00000e-01	 7.62918e-01	 6.46495e-01
     14320	 5.00000e-01	 7.69345e-01	 6.38834e-01
     14340	 5.00000e-01	 7.75695e-01	 6.31108e-01
     14360	 5.00000e-01	 7.81967e-01	 6.23320e-01
     14380	 5.00000e-01	 7.88161e-01	 6.15469e-01
     14400	 5.00000e-01	 7.94276e-01	 6.07557e-01
     14420	 5.00000e-01	 8.00312e-01	 5.99584e-01
     14440	 5.00000e-01	 8.06267e-01	 5.91551e-01
     14460	 5.00000e-01	 8.12143e-01	 5.83459e-01
     14480	 5.00000e-01	 8.17936e-01	 5.75309e-01
     14500	 5.00000e-01	 8.23649e-01	 5.67101e-01
     14520	 5.00000e-01	 8.29278e-01	 5.58836e-01
     14540	 5.00000e-01	 8.34825e-01	 5.50515e-01
     14560	 5.00000e-01	 8.40288e-01	 5.42140e-01
     14580	 5.00000e-01	 8.45668e-01	 5.33710e-01
     14600	 5.00000e-01	 8.50962e-01	 5.25227e-01
     14620	 5.00000e-01	 8.56172e-01	 5.16691e-01
     14640	 5.00000e-01	 8.61296e-01	 5.08103e-01
     14660	 5.00000e-01	 8.66334e-01	 4.99465e-01
     14680	 5.00000e-01	 8.71285e-01	 4.90777e-01
     14700	 5.00000e-01	 8.76149e-01	 4.82040e-01
     14720	 5.00000e-01	 8.80926e-01	 4.73254e-01
     14740	 5.00000e-01	 8.85614e-01	 4.64422e-01
     14760	 5.00000e-01	 8.90214e-01	 4.55542e-01
     14780	 5.00000e-01	 8.94725e-01	 4.46618e-01
     14800	 5.00000e-01	 8.99146e-01	 4.37648e-01
     14820	 5.00000e-01	 9.03478e-01	 4.28635e-01
     14840	 5.00000e-01	 9.07719e-01	 4.19579e-01
     14860	 5.00000e-01	 9.11869e-01	 4.10481e-01
     14880	 5.00000e-01	 9.15928e-01	 4.01342e-01
     14900	 5.00000e-01	 9.19896e-01	 3.92163e-01
     14920	 5.00000e-01	 9.23771e-01	 3.82944e-01
     14940	 5.00000e-01	 9.27555e-01	 3.73687e-01
     14960	 5.00000e-01	 9.31245e-01	 3.64393e-01
     14980	 5.00000e-01	 9.34842e-01	 3.55063e-01
     15000	 5.00000e-01	 9.38346e-01	 3.45697e-01
     15020	 5.00000e-01	 9.41756e-01	 3.36296e-01
     15040	 5.00000e-01	 9.45072e-01	 3.26862e-01
     15060	 5.00000e-01	 9.48293e-01	 3.17395e-01
     15080	 5.00000e-01	 9.51420e-01	 3.07896e-01
     15100	 5.00000e-01	 9.54451e-01	 2.98367e-01
     15120	 5.00000e-01	 9.57387e-01	 2.88808e-01
     15140	 5.00000e-01	 9.60227e-01	 2.79220e-01
     15160	 5.00000e-01	 9.62971e-01	 2.69604e-01
     15180	 5.00000e-01	 9.65619e-01	 2.59961e-01
     15200	 5.00000e-01	 9.68171e-01	 2.50291e-01
     15220	 5.00000e-01	 9.70625e-01	 2.40597e-01
     15240	 5.00000e-01	 9.72982e-01	 2.30879e-01
     15260	 5.00000e-01	 9.75243e-01	 2.21138e-01
     15280	 5.00000e-01	 9.77405e-01	 2.11375e-01
     15300	 5.00000e-01	 9.79470e-01	 2.01590e-01
     15320	 5.00000e-01	 9.81437e-01	 1.91786e-01
     15340	 5.00000e-01	 9.83306e-01	 1.81962e-01
     15360	 5.00000e-01	 9.85076e-01	 1.72120e-01
     15380	 5.00000e-01	 9.86748e-01	 1.62261e-01
     15400	 5.00000e-01	 9.88321e-01	 1.52385e-01
     15420	 5.00000e-01	 9.89796e-01	 1.42495e-01
     15440	 5.00000e-01	 9.91171e-01	 1.32590e-01
     15460	 5.00000e-01	 9.92447e-01	 1.22672e-01
     15480	 5.00000e-01	 9.93624e-01	 1.12741e-01
     15500	 5.00000e-01	 9.94702e-01	 1.02799e-01
     15520	 5.00000e-01	 9.95680e-01	 9.28474e-02
     15540	 5.00000e-01	 9.96559e-01	 8.28861e-02
     15560	 5.00000e-01	 9.97338e-01	 7.29165e-02
     15580	 5.00000e-01	 9.98017e-01	 6.29397e-02
     15600	 5.00000e-01	 9.98597e-01	 5.29565e-02
     15620	 5.00000e-01	 9.99076e-01	 4.29681e-02
     15640	 5.00000e-01	 9.99456e-01	 3.29753e-02
     15660	 5.00000e-01	 9.99736e-01	 2.29793e-02
     15680	 5.00000e-01	 9.99916e-01	 1.29809e-02
     15700	 5.00000e-01	 9.99996e-01	 2.98130e-03
     15720	 5.00000e-01	 9.99975e-01	-7.01864e-03
     15740	 5.00000e-01	 9.99855e-01	-1.70179e-02
     15760	 5.00000e-01	 9.99635e-01	-2.70154e-02
     15780	 5.00000e-01	 9.99315e-01	-3.70102e-02
     15800	 5.00000e-01	 9.98895e-01	-4.70014e-02
     15820	 5.00000e-01	 9.98375e-01	-5.69878e-02
     15840	 5.00000e-01	 9.97755e-01	-6.69685e-02
     15860	 5.00000e-01	 9.97036e-01	-7.69426e-02
     15880	 5.00000e-01	 9.96216e-01	-8.69089e-02
     15900	 5.00000e-01	 9.95297e-01	-9.68666e-02
     15920	 5.00000e-01	 9.94279e-01	-1.06815e-01
     15940	 5.00000e-01	 9.93161e-01	-1.16752e-01
     15960	 5.00000e-01	 9.91944e-01	-1.26677e-01
     15980	 5.00000e-01	 9.90628e-01	-1.36590e-01
     16000	 5.00000e-01	 9.89212e-01	-1.46490e-01
     16020	 5.00000e-01	 9.87698e-01	-1.56374e-01
     16040	 5.00000e-01	 9.86085e-01	-1.66243e-01
     16060	 5.00000e-01	 9.84373e-01	-1.76096e-01
     16080	 5.00000e-01	 9.82563e-01	-1.85930e-01
     16100	 5.00000e-01	 9.80655e-01	-1.95747e-01
     16120	 5.00000e-01	 9.78648e-01	-2.05543e-01
     16140	 5.00000e-01	 9.76544e-01	-2.15319e-01
     16160	 5.00000e-01	 9.74342e-01	-2.25074e-01
     16180	 5.00000e-01	 9.72042e-01	-2.34806e-01
     16200	 5.00000e-01	 9.69646e-01	-2.44514e-01
     16220	 5.00000e-01	 9.67152e-01	-2.54198e-01
     16240	 5.00000e-01	 9.64562e-01	-2.63857e-01
     16260	 5.00000e-01	 9.61875e-01	-2.73489e-01
     16280	 5.00000e-01	 9.59092e-01	-2.83094e-01
     16300	 5.00000e-01	 9.56213e-01	-2.92671e-01
     16320	 5.00000e-01	 9.53239e-01	-3.02218e-01
     16340	 5.00000e-01	 9.50169e-01	-3.11735e-01
     16360	 5.00000e-01	 9.47004e-01	-3.21221e-01
     16380	 5.00000e-01	 9.43745e-01	-3.30675e-01
     16400	 5.00000e-01	 9.40391e-01	-3.40096e-01
     16420	 5.00000e-01	 9.36943e-01	-3.49482e-01
     16440	 5.00000e-01	 9.33401e-01	-3.58834e-01
     16460	 5.00000e-01	 9.29766e-01	-3.68150e-01
     16480	 5.00000e-01	 9.26038e-01	-3.77429e-01
     16500	 5.00000e-01	 9.22218e-01	-3.86671e-01
     16520	 5.00000e-01	 9.18305e-01	-3.95873e-01
     16540	 5.00000e-01	 9.14301e-01	-4.05036e-01
     16560	 5.00000e-01	 9.10205e-01	-4.14159e-01
     16580	 5.00000e-01	 9.06017e-01	-4.23240e-01
     16600	 5.00000e-01	 9.01740e-01	-4.32279e-01
     16620	 5.00000e-01	 8.97372e-01	-4.41275e-01
     16640	 5.00000e-01	 8.92915e-01	-4.50226e-01
     16660	 5.00000e-01	 8.88368e-01	-4.59133e-01
     16680	 5.00000e-01	 8.83732e-01	-4.67993e-01
     16700	 5.00000e-01	 8.79008e-01	-4.76807e-01
     16720	 5.00000e-01	 8.74196e-01	-4.85573e-01
     16740	 5.00000e-01	 8.69297e-01	-4.94291e-01
     16760	 5.00000e-01	 8.64310e-01	-5.02959e-01
     16780	 5.00000e-01	 8.59238e-01	-5.11577e-01
     16800	 5.00000e-01	 8.54079e-01	-5.20143e-01
     16820	 5.00000e-01	 8.48835e-01	-5.28658e-01
     16840	 5.00000e-01	 8.43506e-01	-5.37120e-01
     16860	 5.00000e-01	 8.38093e-01	-5.45528e-01
     16880	 5.00000e-01	 8.32596e-01	-5.53881e-01
     16900	 5.00000e-01	 8.27015e-01	-5.62179e-01
     16920	 5.00000e-01	 8.21352e-01	-5.70421e-01
     16940	 5.00000e-01	 8.15607e-01	-5.78606e-01
     16960	 5.00000e-01	 8.09780e-01	-5.86733e-01
     16980	 5.00000e-01	 8.03873e-01	-5.94802e-01
     17000	 5.00000e-01	 7.97884e-01	-6.02810e-01
     17020	 5.00000e-01	 7.91817e-01	-6.10759e-01
     17040	 5.00000e-01	 7.85670e-01	-6.18646e-01
     17060	 5.00000e-01	 7.79444e-01	-6.26472e-01
     17080	 5.00000e-01	 7.73140e-01	-6.34235e-01
     17100	 5.00000e-01	 7.66759e-01	-6.41935e-01
     17120	 5.00000e-01	 7.60302e-01	-6.49570e-01
     17140	 5.00000e-01	 7.53768e-01	-6.57140e-01
     17160	 5.00000e-01	 7.47159e-01	-6.64645e-01
     17180	 5.00000e-01	 7.40476e-01	-6.72083e-01
     17200	 5.00000e-01	 7.33718e-01	-6.79454e-01
     17220	 5.00000e-01	 7.26887e-01	-6.86757e-01
     17240	 5.00000e-01	 7.19983e-01	-6.93992e-01
     17260	 5.00000e-01	 7.13007e-01	-7.01157e-01
     17280	 5.00000e-01	 7.05960e-01	-7.08252e-01
     17300	 5.00000e-01	 6.98842e-01	-7.15276e-01
     17320	 5.00000e-01	 6.91655e-01	-7.22228e-01
     17340	 5.00000e-01	 6.84398e-01	-7.29109e-01
     17360	 5.00000e-01	 6.77073e-01	-7.35916e-01
     17380	 5.00000e-01	 6.69680e-01	-7.42650e-01
     17400	 5.00000e-01	 6.62220e-01	-7.49309e-01
     17420	 5.00000e-01	 6.54694e-01	-7.55894e-01
     17440	 5.00000e-01	 6.47102e-01	-7.62403e-01
     17460	 5.00000e-01	 6.39446e-01	-7.68836e-01
     17480	 5.00000e-01	 6.31726e-01	-7.75192e-01
     17500	 5.00000e-01	 6.23943e-01	-7.81470e-01
     17520	 5.00000e-01	 6.16097e-01	-7.87670e-01
     17540	 5.00000e-01	 6.08189e-01	-7.93792e-01
     17560	 5.00000e-01	 6.00221e-01	-7.99834e-01
     17580	 5.00000e-01	 5.92193e-01	-8.05796e-01
     17600	 5.00000e-01	 5.84106e-01	-8.11678e-01
     17620	 5.00000e-01	 5.75960e-01	-8.17478e-01
     17640	 5.00000e-01	 5.67756e-01	-8.23197e-01
     17660	 5.00000e-01	 5.59496e-01	-8.28833e-01
     17680	 5.00000e-01	 5.51180e-01	-8.34386e-01
     17700	 5.00000e-01	 5.42809e-01	-8.39856e-01
     17720	 5.00000e-01	 5.34383e-01	-8.45242e-01
     17740	 5.00000e-01	 5.25904e-01	-8.50544e-01
     17760	 5.00000e-01	 5.17372e-01	-8.55760e-01
     17780	 5.00000e-01	 5.08789e-01	-8.60891e-01
     17800	 5.00000e-01	 5.00155e-01	-8.65936e-01
     17820	 5.00000e-01	 4.91471e-01	-8.70894e-01
     17840	 5.00000e-01	 4.82737e-01	-8.75765e-01
     17860	 5.00000e-01	 4.73956e-01	-8.80549e-01
     17880	 5.00000e-01	 4.65127e-01	-8.85244e-01
     17900	 5.00000e-01	 4.56251e-01	-8.89851e-01
     17920	 5.00000e-01	 4.47330e-01	-8.94369e-01
     17940	 5.00000e-01	 4.38364e-01	-8.98798e-01
     17960	 5.00000e-01	 4.29354e-01	-9.03136e-01
     17980	 5.00000e-01	 4.20302e-01	-9.07385e-01
     18000	 5.00000e-01	 4.11207e-01	-9.11542e-01
     18020	 5.00000e-01	 4.02071e-01	-9.15609e-01
     18040	 5.00000e-01	 3.92895e-01	-9.19583e-01
     18060	 5.00000e-01	 3.83680e-01	-9.23466e-01
     18080	 5.00000e-01	 3.74426e-01	-9.27257e-01
     18100	 5.00000e-01	 3.65135e-01	-9.30955e-01
     18120	 5.00000e-01	 3.55807e-01	-9.34559e-01
     18140	 5.00000e-01	 3.46444e-01	-9.38071e-01
     18160	 5.00000e-01	 3.37046e-01	-9.41488e-01
     18180	 5.00000e-01	 3.27614e-01	-9.44811e-01
     18200	 5.00000e-01	 3.18150e-01	-9.48040e-01
     18220	 5.00000e-01	 3.08654e-01	-9.51174e-01
     18240	 5.00000e-01	 2.99127e-01	-9.54213e-01
     18260	 5.00000e-01	 2.89570e-01	-9.57157e-01
     18280	 5.00000e-01	 2.79984e-01	-9.60005e-01
     18300	 5.00000e-01	 2.70370e-01	-9.62756e-01
     18320	 5.00000e-01	 2.60729e-01	-9.65412e-01
     18340	 5.00000e-01	 2.51062e-01	-9.67971e-01
     18360	 5.00000e-01	 2.41370e-01	-9.70433e-01
     18380	 5.00000e-01	 2.31654e-01	-9.72798e-01
     18400	 5.00000e-01	 2.21915e-01	-9.75066e-01
     18420	 5.00000e-01	 2.12153e-01	-9.77236e-01
     18440	 5.00000e-01	 2.02370e-01	-9.79309e-01
     18460	 5.00000e-01	 1.92567e-01	-9.81284e-01
     18480	 5.00000e-01	 1.82745e-01	-9.83160e-01
     18500	 5.00000e-01	 1.72904e-01	-9.84939e-01
     18520	 5.00000e-01	 1.63046e-01	-9.86618e-01
     18540	 5.00000e-01	 1.53172e-01	-9.88200e-01
     18560	 5.00000e-01	 1.43283e-01	-9.89682e-01
     18580	 5.00000e-01	 1.33379e-01	-9.91065e-01
     18600	 5.00000e-01	 1.23462e-01	-9.92349e-01
     18620	 5.00000e-01	 1.13532e-01	-9.93534e-01
     18640	 5.00000e-01	 1.03591e-01	-9.94620e-01
     18660	 5.00000e-01	 9.36402e-02	-9.95606e-01
     18680	 5.00000e-01	 8.36796e-02	-9.96493e-01
     18700	 5.00000e-01	 7.37107e-02	-9.97280e-01
     18720	 5.00000e-01	 6.37343e-02	-9.97967e-01
     18740	 5.00000e-01	 5.37517e-02	-9.98554e-01
     18760	 5.00000e-01	 4.37636e-02	-9.99042e-01
     18780	 5.00000e-01	 3.37711e-02	-9.99430e-01
     18800	 5.00000e-01	 2.37753e-02	-9.99717e-01
     18820	 5.00000e-01	 1.37771e-02	-9.99905e-01
     18840	 5.00000e-01	 3.77756e-03	-9.99993e-01
     18860	 5.00000e-01	-6.22239e-03	-9.99981e-01
     18880	 5.00000e-01	-1.62217e-02	-9.99868e-01
     18900	 5.00000e-01	-2.62194e-02	-9.99656e-01
     18920	 5.00000e-01	-3.62145e-02	-9.99344e-01
     18940	 5.00000e-01	-4.62060e-02	-9.98932e-01
     18960	 5.00000e-01	-5.61928e-02	-9.98420e-01
     18980	 5.00000e-01	-6.61740e-02	-9.97808e-01
     19000	 5.00000e-01	-7.61486e-02	-9.97096e-01
     19020	 5.00000e-01	-8.61156e-02	-9.96285e-01
     19040	 5.00000e-01	-9.60740e-02	-9.95374e-01
     19060	 5.00000e-01	-1.06023e-01	-9.94364e-01
     19080	 5.00000e-01	-1.15961e-01	-9.93254e-01
     19100	 5.00000e-01	-1.25888e-01	-9.92045e-01
     19120	 5.00000e-01	-1.35802e-01	-9.90736e-01
     19140	 5.00000e-01	-1.45702e-01	-9.89329e-01
     19160	 5.00000e-01	-1.55588e-01	-9.87822e-01
     19180	 5.00000e-01	-1.65458e-01	-9.86217e-01
     19200	 5.00000e-01	-1.75312e-01	-9.84513e-01
     19220	 5.00000e-01	-1.85148e-01	-9.82711e-01
     19240	 5.00000e-01	-1.94966e-01	-9.80810e-01
     19260	 5.00000e-01	-2.04764e-01	-9.78811e-01
     19280	 5.00000e-01	-2.14542e-01	-9.76715e-01
     19300	 5.00000e-01	-2.24298e-01	-9.74521e-01
     19320	 5.00000e-01	-2.34032e-01	-9.72229e-01
     19340	 5.00000e-01	-2.43742e-01	-9.69840e-01
     19360	 5.00000e-01	-2.53428e-01	-9.67354e-01
     19380	 5.00000e-01	-2.63089e-01	-9.64772e-01
     19400	 5.00000e-01	-2.72723e-01	-9.62093e-01
     19420	 5.00000e-01	-2.82330e-01	-9.59317e-01
     19440	 5.00000e-01	-2.91909e-01	-9.56446e-01
     19460	 5.00000e-01	-3.01459e-01	-9.53479e-01
     19480	 5.00000e-01	-3.10979e-01	-9.50417e-01
     19500	 5.00000e-01	-3.20467e-01	-9.47260e-01
     19520	 5.00000e-01	-3.29923e-01	-9.44008e-01
     19540	 5.00000e-01	-3.39347e-01	-9.40661e-01
     19560	 5.00000e-01	-3.48736e-01	-9.37221e-01
     19580	 5.00000e-01	-3.58091e-01	-9.33687e-01
     19600	 5.00000e-01	-3.67410e-01	-9.30059e-01
     19620	 5.00000e-01	-3.76692e-01	-9.26339e-01
     19640	 5.00000e-01	-3.85936e-01	-9.22525e-01
     19660	 5.00000e-01	-3.95142e-01	-9.18620e-01
     19680	 5.00000e-01	-4.04308e-01	-9.14623e-01
     19700	 5.00000e-01	-4.13434e-01	-9.10534e-01
     19720	 5.00000e-01	-4.22519e-01	-9.06354e-01
     19740	 5.00000e-01	-4.31561e-01	-9.02084e-01
     19760	 5.00000e-01	-4.40560e-01	-8.97723e-01
     19780	 5.00000e-01	-4.49515e-01	-8.93273e-01
     19800	 5.00000e-01	-4.58425e-01	-8.88733e-01
     19820	 5.00000e-01	-4.67289e-01	-8.84104e-01
     19840	 5.00000e-01	-4.76107e-01	-8.79387e-01
     19860	 5.00000e-01	-4.84877e-01	-8.74582e-01
     19880	 5.00000e-01	-4.93598e-01	-8.69690e-01
     19900	 5.00000e-01	-5.02270e-01	-8.64711e-01
     19920	 5.00000e-01	-5.10892e-01	-8.59645e-01
     19940	 5.00000e-01	-5.19463e-01	-8.54493e-01
     19960	 5.00000e-01	-5.27982e-01	-8.49256e-01
     19980	 5.00000e-01	-5.36448e-01	-8.43933e-01
     20000	 5.00000e-01	-5.44860e-01	-8.38527e-01
