         0	 5.10050e-01	 1.01000e+00	-4.99998e-05
         1	 4.89951e-01	 4.99948e-03	 9.89888e-01
         2	 5.20097e-01	 1.01990e+00	-9.99946e-05
         3	 4.79907e-01	 4.99848e-03	 9.79689e-01
         4	 5.30137e-01	 1.02970e+00	-1.49979e-04
         5	 4.69872e-01	 4.99698e-03	 9.69392e-01
         6	 5.40165e-01	 1.03939e+00	-1.99949e-04
         7	 4.59851e-01	 4.99498e-03	 9.58998e-01
         8	 5.50179e-01	 1.04898e+00	-2.49899e-04
         9	 4.49846e-01	 4.99248e-03	 9.48508e-01
        10	 5.60174e-01	 1.05846e+00	-2.99824e-04
        11	 4.39862e-01	 4.98948e-03	 9.37923e-01
        12	 5.70145e-01	 1.06784e+00	-3.49719e-04
        13	 4.29904e-01	 4.98599e-03	 9.27245e-01
        14	 5.80090e-01	 1.07712e+00	-3.99578e-04
        15	 4.19974e-01	 4.98199e-03	 9.16474e-01
        16	 5.90003e-01	 1.08628e+00	-4.49398e-04
        17	 4.10078e-01	 4.97750e-03	 9.05611e-01
        18	 5.99882e-01	 1.09534e+00	-4.99173e-04
        19	 4.00218e-01	 4.97250e-03	 8.94657e-01
        20	 6.09721e-01	 1.10428e+00	-5.48898e-04
        21	 3.90400e-01	 4.96702e-03	 8.83615e-01
        22	 6.19518e-01	 1.11312e+00	-5.98569e-04
        23	 3.80626e-01	 4.96103e-03	 8.72483e-01
        24	 6.29268e-01	 1.12184e+00	-6.48179e-04
        25	 3.70901e-01	 4.95455e-03	 8.61265e-01
        26	 6.38967e-01	 1.13046e+00	-6.97724e-04
        27	 3.61229e-01	 4.94757e-03	 8.49960e-01
        28	 6.48612e-01	 1.13896e+00	-7.47200e-04
        29	 3.51613e-01	 4.94010e-03	 8.38571e-01
        30	 6.58198e-01	 1.14734e+00	-7.96601e-04
        31	 3.42057e-01	 4.93213e-03	 8.27097e-01
        32	 6.67722e-01	 1.15561e+00	-8.45922e-04
        33	 3.32566e-01	 4.92367e-03	 8.15541e-01
        34	 6.77180e-01	 1.16377e+00	-8.95159e-04
        35	 3.23143e-01	 4.91472e-03	 8.03904e-01
        36	 6.86568e-01	 1.17181e+00	-9.44306e-04
        37	 3.13791e-01	 4.90528e-03	 7.92185e-01
        38	 6.95882e-01	 1.17973e+00	-9.93359e-04
        39	 3.04515e-01	 4.89534e-03	 7.80388e-01
        40	 7.05119e-01	 1.18753e+00	-1.04231e-03
        41	 2.95318e-01	 4.88492e-03	 7.68513e-01
        42	 7.14275e-01	 1.19522e+00	-1.09116e-03
        43	 2.86204e-01	 4.87401e-03	 7.56561e-01
        44	 7.23346e-01	 1.20278e+00	-1.13990e-03
        45	 2.77176e-01	 4.86261e-03	 7.44533e-01
        46	 7.32329e-01	 1.21023e+00	-1.18853e-03
        47	 2.68239e-01	 4.85073e-03	 7.32431e-01
        48	 7.41220e-01	 1.21755e+00	-1.23704e-03
        49	 2.59395e-01	 4.83836e-03	 7.20255e-01
        50	 7.50015e-01	 1.22476e+00	-1.28542e-03
        51	 2.50649e-01	 4.82550e-03	 7.08007e-01
        52	 7.58712e-01	 1.23184e+00	-1.33367e-03
        53	 2.42003e-01	 4.81216e-03	 6.95689e-01
        54	 7.67306e-01	 1.23879e+00	-1.38180e-03
        55	 2.33462e-01	 4.79835e-03	 6.83301e-01
        56	 7.75794e-01	 1.24563e+00	-1.42978e-03
        57	 2.25028e-01	 4.78405e-03	 6.70845e-01
        58	 7.84173e-01	 1.25234e+00	-1.47762e-03
        59	 2.16705e-01	 4.76927e-03	 6.58321e-01
        60	 7.92439e-01	 1.25892e+00	-1.52531e-03
        61	 2.08496e-01	 4.75402e-03	 6.45732e-01
        62	 8.00589e-01	 1.26538e+00	-1.57285e-03
        63	 2.00405e-01	 4.73829e-03	 6.33079e-01
        64	 8.08620e-01	 1.27171e+00	-1.62024e-03
        65	 1.92435e-01	 4.72209e-03	 6.20361e-01
        66	 8.16528e-01	 1.27791e+00	-1.66746e-03
        67	 1.84589e-01	 4.70541e-03	 6.07582e-01
        68	 8.24311e-01	 1.28399e+00	-1.71451e-03
        69	 1.76870e-01	 4.68827e-03	 5.94743e-01
        70	 8.31966e-01	 1.28993e+00	-1.76139e-03
        71	 1.69282e-01	 4.67066e-03	 5.81843e-01
        72	 8.39488e-01	 1.29575e+00	-1.80810e-03
        73	 1.61826e-01	 4.65257e-03	 5.68886e-01
        74	 8.46876e-01	 1.30144e+00	-1.85463e-03
        75	 1.54507e-01	 4.63403e-03	 5.55871e-01
        76	 8.54125e-01	 1.30700e+00	-1.90097e-03
        77	 1.47327e-01	 4.61502e-03	 5.42801e-01
        78	 8.61235e-01	 1.31243e+00	-1.94712e-03
        79	 1.40289e-01	 4.59555e-03	 5.29677e-01
        80	 8.68200e-01	 1.31772e+00	-1.99307e-03
        81	 1.33396e-01	 4.57562e-03	 5.16500e-01
        82	 8.75020e-01	 1.32289e+00	-2.03883e-03
        83	 1.26651e-01	 4.55523e-03	 5.03271e-01
        84	 8.81690e-01	 1.32792e+00	-2.08438e-03
        85	 1.20056e-01	 4.53438e-03	 4.89992e-01
        86	 8.88209e-01	 1.33282e+00	-2.12972e-03
        87	 1.13614e-01	 4.51309e-03	 4.76663e-01
        88	 8.94574e-01	 1.33759e+00	-2.17485e-03
        89	 1.07328e-01	 4.49134e-03	 4.63288e-01
        90	 9.00781e-01	 1.34222e+00	-2.21977e-03
        91	 1.01199e-01	 4.46914e-03	 4.49865e-01
        92	 9.06830e-01	 1.34672e+00	-2.26446e-03
        93	 9.52315e-02	 4.44650e-03	 4.36398e-01
        94	 9.12716e-01	 1.35108e+00	-2.30892e-03
        95	 8.94266e-02	 4.42341e-03	 4.22887e-01
        96	 9.18439e-01	 1.35531e+00	-2.35316e-03
        97	 8.37869e-02	 4.39988e-03	 4.09334e-01
        98	 9.23995e-01	 1.35941e+00	-2.39716e-03
        99	 7.83147e-02	 4.37590e-03	 3.95740e-01
       100	 9.29383e-01	 1.36336e+00	-2.44092e-03
