         0	 5.00000e-01	 5.00000e-04	 1.00000e+00
         0	 5.00000e-01	 1.00000e-03	 1.00000e+00
        20	 5.00005e-01	 1.09998e-02	 9.99945e-01
        40	 5.00010e-01	 2.09985e-02	 9.99790e-01
        60	 5.00015e-01	 3.09950e-02	 9.99535e-01
        80	 5.00020e-01	 4.09885e-02	 9.99180e-01
       100	 5.00025e-01	 5.09779e-02	 9.98725e-01
       120	 5.00030e-01	 6.09622e-02	 9.98170e-01
       140	 5.00035e-01	 7.09404e-02	 9.97516e-01
       160	 5.00040e-01	 8.09115e-02	 9.96762e-01
       180	 5.00045e-01	 9.08745e-02	 9.95908e-01
       200	 5.00050e-01	 1.00828e-01	 9.94954e-01
       220	 5.00055e-01	 1.10772e-01	 9.93901e-01
       240	 5.00060e-01	 1.20705e-01	 9.92749e-01
       260	 5.00065e-01	 1.30626e-01	 9.91497e-01
       280	 5.00069e-01	 1.40533e-01	 9.90146e-01
       300	 5.00074e-01	 1.50427e-01	 9.88696e-01
       320	 5.00079e-01	 1.60305e-01	 9.87147e-01
       340	 5.00084e-01	 1.70168e-01	 9.85500e-01
       360	 5.00088e-01	 1.80013e-01	 9.83754e-01
       380	 5.00093e-01	 1.89841e-01	 9.81910e-01
       400	 5.00098e-01	 1.99649e-01	 9.79967e-01
       420	 5.00102e-01	 2.09438e-01	 9.77927e-01
       440	 5.00107e-01	 2.19205e-01	 9.75788e-01
       460	 5.00111e-01	 2.28951e-01	 9.73552e-01
       480	 5.00116e-01	 2.38674e-01	 9.71219e-01
       500	 5.00120e-01	 2.48373e-01	 9.68789e-01
       520	 5.00125e-01	 2.58047e-01	 9.66261e-01
       540	 5.00129e-01	 2.67695e-01	 9.63637e-01
       560	 5.00133e-01	 2.77317e-01	 9.60917e-01
       580	 5.00137e-01	 2.86910e-01	 9.58101e-01
       600	 5.00141e-01	 2.96475e-01	 9.55189e-01
       620	 5.00146e-01	 3.06011e-01	 9.52181e-01
       640	 5.00150e-01	 3.15516e-01	 9.49078e-01
       660	 5.00154e-01	 3.24989e-01	 9.45880e-01
       680	 5.00157e-01	 3.34430e-01	 9.42588e-01
       700	 5.00161e-01	 3.43837e-01	 9.39201e-01
       720	 5.00165e-01	 3.53210e-01	 9.35721e-01
       740	 5.00169e-01	 3.62548e-01	 9.32146e-01
       760	 5.00172e-01	 3.71849e-01	 9.28479e-01
       780	 5.00176e-01	 3.81113e-01	 9.24719e-01
       800	 5.00180e-01	 3.90339e-01	 9.20866e-01
       820	 5.00183e-01	 3.99526e-01	 9.16921e-01
       840	 5.00186e-01	 4.08673e-01	 9.12885e-01
       860	 5.00190e-01	 4.17780e-01	 9.08757e-01
       880	 5.00193e-01	 4.26844e-01	 9.04539e-01
       900	 5.00196e-01	 4.35866e-01	 9.00229e-01
       920	 5.00199e-01	 4.44844e-01	 8.95830e-01
       940	 5.00202e-01	 4.53778e-01	 8.91342e-01
       960	 5.00205e-01	 4.62666e-01	 8.86764e-01
       980	 5.00208e-01	 4.71508e-01	 8.82097e-01
      1000	 5.00211e-01	 4.80303e-01	 8.77343e-01
      1020	 5.00213e-01	 4.89050e-01	 8.72500e-01
      1040	 5.00216e-01	 4.97748e-01	 8.67571e-01
      1060	 5.00218e-01	 5.06396e-01	 8.62554e-01
      1080	 5.00221e-01	 5.14993e-01	 8.57451e-01
      1100	 5.00223e-01	 5.23539e-01	 8.52263e-01
      1120	 5.00225e-01	 5.32033e-01	 8.46989e-01
      1140	 5.00227e-01	 5.40474e-01	 8.41631e-01
      1160	 5.00229e-01	 5.48860e-01	 8.36188e-01
      1180	 5.00231e-01	 5.57192e-01	 8.30662e-01
      1200	 5.00233e-01	 5.65468e-01	 8.25053e-01
      1220	 5.00235e-01	 5.73687e-01	 8.19361e-01
      1240	 5.00237e-01	 5.81849e-01	 8.13588e-01
      1260	 5.00238e-01	 5.89952e-01	 8.07733e-01
      1280	 5.00240e-01	 5.97997e-01	 8.01797e-01
      1300	 5.00241e-01	 6.05982e-01	 7.95781e-01
      1320	 5.00242e-01	 6.13907e-01	 7.89686e-01
      1340	 5.00243e-01	 6.21769e-01	 7.83511e-01
      1360	 5.00245e-01	 6.29570e-01	 7.77258e-01
      1380	 5.00246e-01	 6.37308e-01	 7.70928e-01
      1400	 5.00246e-01	 6.44982e-01	 7.64520e-01
      1420	 5.00247e-01	 6.52592e-01	 7.58036e-01
      1440	 5.00248e-01	 6.60136e-01	 7.51476e-01
      1460	 5.00248e-01	 6.67614e-01	 7.44841e-01
      1480	 5.00249e-01	 6.75026e-01	 7.38131e-01
      1500	 5.00249e-01	 6.82370e-01	 7.31348e-01
      1520	 5.00250e-01	 6.89646e-01	 7.24491e-01
      1540	 5.00250e-01	 6.96853e-01	 7.17562e-01
      1560	 5.00250e-01	 7.03990e-01	 7.10562e-01
      1580	 5.00250e-01	 7.11057e-01	 7.03490e-01
      1600	 5.00250e-01	 7.18052e-01	 6.96348e-01
      1620	 5.00250e-01	 7.24976e-01	 6.89136e-01
      1640	 5.00249e-01	 7.31828e-01	 6.81856e-01
      1660	 5.00249e-01	 7.38606e-01	 6.74507e-01
      1680	 5.00248e-01	 7.45310e-01	 6.67090e-01
      1700	 5.00248e-01	 7.51940e-01	 6.59607e-01
      1720	 5.00247e-01	 7.58495e-01	 6.52058e-01
      1740	 5.00246e-01	 7.64973e-01	 6.44444e-01
      1760	 5.00245e-01	 7.71376e-01	 6.36766e-01
      1780	 5.00244e-01	 7.77701e-01	 6.29023e-01
      1800	 5.00243e-01	 7.83948e-01	 6.21218e-01
      1820	 5.00242e-01	 7.90117e-01	 6.13351e-01
      1840	 5.00241e-01	 7.96207e-01	 6.05422e-01
      1860	 5.00239e-01	 8.02217e-01	 5.97433e-01
      1880	 5.00238e-01	 8.08147e-01	 5.89384e-01
      1900	 5.00236e-01	 8.13997e-01	 5.81276e-01
      1920	 5.00235e-01	 8.19765e-01	 5.73110e-01
      1940	 5.00233e-01	 8.25451e-01	 5.64887e-01
      1960	 5.00231e-01	 8.31054e-01	 5.56607e-01
      1980	 5.00229e-01	 8.36574e-01	 5.48272e-01
      2000	 5.00227e-01	 8.42011e-01	 5.39881e-01
      2020	 5.00225e-01	 8.47363e-01	 5.31437e-01
      2040	 5.00223e-01	 8.52631e-01	 5.22940e-01
      2060	 5.00220e-01	 8.57813e-01	 5.14390e-01
      2080	 5.00218e-01	 8.62910e-01	 5.05789e-01
      2100	 5.00216e-01	 8.67920e-01	 4.97137e-01
      2120	 5.00213e-01	 8.72844e-01	 4.88436e-01
      2140	 5.00210e-01	 8.77680e-01	 4.79686e-01
      2160	 5.00208e-01	 8.82429e-01	 4.70887e-01
      2180	 5.00205e-01	 8.87089e-01	 4.62042e-01
      2200	 5.00202e-01	 8.91661e-01	 4.53150e-01
      2220	 5.00199e-01	 8.96143e-01	 4.44214e-01
      2240	 5.00196e-01	 9.00536e-01	 4.35232e-01
      2260	 5.00193e-01	 9.04838e-01	 4.26208e-01
      2280	 5.00189e-01	 9.09051e-01	 4.17140e-01
      2300	 5.00186e-01	 9.13172e-01	 4.08031e-01
      2320	 5.00183e-01	 9.17202e-01	 3.98881e-01
      2340	 5.00179e-01	 9.21140e-01	 3.89691e-01
      2360	 5.00176e-01	 9.24986e-01	 3.80462e-01
      2380	 5.00172e-01	 9.28740e-01	 3.71196e-01
      2400	 5.00169e-01	 9.32401e-01	 3.61892e-01
      2420	 5.00165e-01	 9.35969e-01	 3.52552e-01
      2440	 5.00161e-01	 9.39443e-01	 3.43176e-01
      2460	 5.00157e-01	 9.42823e-01	 3.33766e-01
      2480	 5.00153e-01	 9.46108e-01	 3.24323e-01
      2500	 5.00149e-01	 9.49299e-01	 3.14848e-01
      2520	 5.00145e-01	 9.52396e-01	 3.05341e-01
      2540	 5.00141e-01	 9.55397e-01	 2.95803e-01
      2560	 5.00137e-01	 9.58302e-01	 2.86236e-01
      2580	 5.00133e-01	 9.61112e-01	 2.76640e-01
      2600	 5.00129e-01	 9.63825e-01	 2.67017e-01
      2620	 5.00124e-01	 9.66442e-01	 2.57367e-01
      2640	 5.00120e-01	 9.68963e-01	 2.47691e-01
      2660	 5.00115e-01	 9.71386e-01	 2.37990e-01
      2680	 5.00111e-01	 9.73713e-01	 2.28266e-01
      2700	 5.00106e-01	 9.75942e-01	 2.18519e-01
      2720	 5.00102e-01	 9.78073e-01	 2.08750e-01
      2740	 5.00097e-01	 9.80107e-01	 1.98960e-01
      2760	 5.00093e-01	 9.82043e-01	 1.89150e-01
      2780	 5.00088e-01	 9.83880e-01	 1.79321e-01
      2800	 5.00083e-01	 9.85619e-01	 1.69474e-01
      2820	 5.00079e-01	 9.87260e-01	 1.59611e-01
      2840	 5.00074e-01	 9.88801e-01	 1.49731e-01
      2860	 5.00069e-01	 9.90244e-01	 1.39837e-01
      2880	 5.00064e-01	 9.91588e-01	 1.29928e-01
      2900	 5.00059e-01	 9.92833e-01	 1.20006e-01
      2920	 5.00055e-01	 9.93978e-01	 1.10073e-01
      2940	 5.00050e-01	 9.95024e-01	 1.00128e-01
      2960	 5.00045e-01	 9.95971e-01	 9.01737e-02
      2980	 5.00040e-01	 9.96818e-01	 8.02101e-02
      3000	 5.00035e-01	 9.97565e-01	 7.02384e-02
      3020	 5.00030e-01	 9.98213e-01	 6.02598e-02
      3040	 5.00025e-01	 9.98760e-01	 5.02751e-02
      3060	 5.00020e-01	 9.99208e-01	 4.02854e-02
      3080	 5.00015e-01	 9.99556e-01	 3.02917e-02
      3100	 5.00010e-01	 9.99804e-01	 2.02949e-02
      3120	 5.00005e-01	 9.99952e-01	 1.02961e-02
      3140	 5.00000e-01	 1.00000e+00	 2.96310e-04
      3160	 4.99995e-01	 9.99948e-01	-9.70354e-03
      3180	 4.99990e-01	 9.99796e-01	-1.97024e-02
      3200	 4.99985e-01	 9.99544e-01	-2.96993e-02
      3220	 4.99980e-01	 9.99192e-01	-3.96933e-02
      3240	 4.99975e-01	 9.98740e-01	-4.96832e-02
      3260	 4.99970e-01	 9.98188e-01	-5.96682e-02
      3280	 4.99965e-01	 9.97537e-01	-6.96473e-02
      3300	 4.99960e-01	 9.96785e-01	-7.96193e-02
      3320	 4.99955e-01	 9.95934e-01	-8.95834e-02
      3340	 4.99950e-01	 9.94984e-01	-9.95386e-02
      3360	 4.99945e-01	 9.93934e-01	-1.09484e-01
      3380	 4.99941e-01	 9.92784e-01	-1.19418e-01
      3400	 4.99936e-01	 9.91535e-01	-1.29340e-01
      3420	 4.99931e-01	 9.90188e-01	-1.39250e-01
      3440	 4.99926e-01	 9.88741e-01	-1.49145e-01
      3460	 4.99921e-01	 9.87195e-01	-1.59026e-01
      3480	 4.99917e-01	 9.85550e-01	-1.68890e-01
      3500	 4.99912e-01	 9.83807e-01	-1.78738e-01
      3520	 4.99907e-01	 9.81966e-01	-1.88568e-01
      3540	 4.99903e-01	 9.80026e-01	-1.98379e-01
      3560	 4.99898e-01	 9.77988e-01	-2.08170e-01
      3580	 4.99894e-01	 9.75853e-01	-2.17940e-01
      3600	 4.99889e-01	 9.73620e-01	-2.27689e-01
      3620	 4.99885e-01	 9.71290e-01	-2.37415e-01
      3640	 4.99880e-01	 9.68862e-01	-2.47117e-01
      3660	 4.99876e-01	 9.66338e-01	-2.56794e-01
      3680	 4.99871e-01	 9.63717e-01	-2.66446e-01
      3700	 4.99867e-01	 9.60999e-01	-2.76071e-01
      3720	 4.99863e-01	 9.58186e-01	-2.85668e-01
      3740	 4.99859e-01	 9.55276e-01	-2.95237e-01
      3760	 4.99855e-01	 9.52271e-01	-3.04776e-01
      3780	 4.99851e-01	 9.49171e-01	-3.14285e-01
      3800	 4.99847e-01	 9.45976e-01	-3.23763e-01
      3820	 4.99843e-01	 9.42687e-01	-3.33208e-01
      3840	 4.99839e-01	 9.39303e-01	-3.42619e-01
      3860	 4.99835e-01	 9.35825e-01	-3.51997e-01
      3880	 4.99831e-01	 9.32254e-01	-3.61339e-01
      3900	 4.99828e-01	 9.28589e-01	-3.70645e-01
      3920	 4.99824e-01	 9.24832e-01	-3.79914e-01
      3940	 4.99821e-01	 9.20982e-01	-3.89145e-01
      3960	 4.99817e-01	 9.17040e-01	-3.98338e-01
      3980	 4.99814e-01	 9.13006e-01	-4.07490e-01
      4000	 4.99811e-01	 9.08881e-01	-4.16601e-01
      4020	 4.99807e-01	 9.04665e-01	-4.25671e-01
      4040	 4.99804e-01	 9.00358e-01	-4.34699e-01
      4060	 4.99801e-01	 8.95962e-01	-4.43683e-01
      4080	 4.99798e-01	 8.91476e-01	-4.52622e-01
      4100	 4.99795e-01	 8.86901e-01	-4.61516e-01
      4120	 4.99792e-01	 8.82237e-01	-4.70364e-01
      4140	 4.99790e-01	 8.77485e-01	-4.79165e-01
      4160	 4.99787e-01	 8.72645e-01	-4.87919e-01
      4180	 4.99784e-01	 8.67718e-01	-4.96623e-01
      4200	 4.99782e-01	 8.62704e-01	-5.05278e-01
      4220	 4.99780e-01	 8.57604e-01	-5.13882e-01
      4240	 4.99777e-01	 8.52418e-01	-5.22435e-01
      4260	 4.99775e-01	 8.47147e-01	-5.30935e-01
      4280	 4.99773e-01	 8.41791e-01	-5.39383e-01
      4300	 4.99771e-01	 8.36351e-01	-5.47776e-01
      4320	 4.99769e-01	 8.30827e-01	-5.56115e-01
      4340	 4.99767e-01	 8.25221e-01	-5.64398e-01
      4360	 4.99765e-01	 8.19531e-01	-5.72625e-01
      4380	 4.99764e-01	 8.13760e-01	-5.80794e-01
      4400	 4.99762e-01	 8.07907e-01	-5.88905e-01
      4420	 4.99760e-01	 8.01974e-01	-5.96958e-01
      4440	 4.99759e-01	 7.95960e-01	-6.04950e-01
      4460	 4.99758e-01	 7.89867e-01	-6.12883e-01
      4480	 4.99757e-01	 7.83695e-01	-6.20754e-01
      4500	 4.99756e-01	 7.77445e-01	-6.28563e-01
      4520	 4.99755e-01	 7.71116e-01	-6.36309e-01
      4540	 4.99754e-01	 7.64711e-01	-6.43991e-01
      4560	 4.99753e-01	 7.58229e-01	-6.51609e-01
      4580	 4.99752e-01	 7.51671e-01	-6.59162e-01
      4600	 4.99752e-01	 7.45039e-01	-6.66649e-01
      4620	 4.99751e-01	 7.38331e-01	-6.74069e-01
      4640	 4.99751e-01	 7.31550e-01	-6.81422e-01
      4660	 4.99750e-01	 7.24696e-01	-6.88707e-01
      4680	 4.99750e-01	 7.17769e-01	-6.95922e-01
      4700	 4.99750e-01	 7.10770e-01	-7.03069e-01
      4720	 4.99750e-01	 7.03701e-01	-7.10145e-01
      4740	 4.99750e-01	 6.96561e-01	-7.17150e-01
      4760	 4.99750e-01	 6.89351e-01	-7.24083e-01
      4780	 4.99751e-01	 6.82072e-01	-7.30944e-01
      4800	 4.99751e-01	 6.74725e-01	-7.37731e-01
      4820	 4.99751e-01	 6.67311e-01	-7.44445e-01
      4840	 4.99752e-01	 6.59830e-01	-7.51085e-01
      4860	 4.99753e-01	 6.52283e-01	-7.57649e-01
      4880	 4.99754e-01	 6.44671e-01	-7.64138e-01
      4900	 4.99754e-01	 6.36994e-01	-7.70550e-01
      4920	 4.99755e-01	 6.29254e-01	-7.76885e-01
      4940	 4.99757e-01	 6.21450e-01	-7.83143e-01
      4960	 4.99758e-01	 6.13585e-01	-7.89322e-01
      4980	 4.99759e-01	 6.05658e-01	-7.95422e-01
      5000	 4.99760e-01	 5.97671e-01	-8.01443e-01
      5020	 4.99762e-01	 5.89624e-01	-8.07383e-01
      5040	 4.99763e-01	 5.81517e-01	-8.13243e-01
      5060	 4.99765e-01	 5.73353e-01	-8.19022e-01
      5080	 4.99767e-01	 5.65131e-01	-8.24718e-01
      5100	 4.99769e-01	 5.56853e-01	-8.30332e-01
      5120	 4.99771e-01	 5.48520e-01	-8.35863e-01
      5140	 4.99773e-01	 5.40131e-01	-8.41311e-01
      5160	 4.99775e-01	 5.31688e-01	-8.46674e-01
      5180	 4.99777e-01	 5.23192e-01	-8.51953e-01
      5200	 4.99779e-01	 5.14644e-01	-8.57146e-01
      5220	 4.99782e-01	 5.06045e-01	-8.62254e-01
      5240	 4.99784e-01	 4.97394e-01	-8.67276e-01
      5260	 4.99787e-01	 4.88694e-01	-8.72211e-01
      5280	 4.99789e-01	 4.79946e-01	-8.77058e-01
      5300	 4.99792e-01	 4.71149e-01	-8.81818e-01
      5320	 4.99795e-01	 4.62305e-01	-8.86490e-01
      5340	 4.99798e-01	 4.53415e-01	-8.91073e-01
      5360	 4.99801e-01	 4.44479e-01	-8.95567e-01
      5380	 4.99804e-01	 4.35499e-01	-8.99971e-01
      5400	 4.99807e-01	 4.26476e-01	-9.04286e-01
      5420	 4.99810e-01	 4.17409e-01	-9.08510e-01
      5440	 4.99814e-01	 4.08301e-01	-9.12643e-01
      5460	 4.99817e-01	 3.99153e-01	-9.16685e-01
      5480	 4.99820e-01	 3.89964e-01	-9.20635e-01
      5500	 4.99824e-01	 3.80736e-01	-9.24493e-01
      5520	 4.99827e-01	 3.71471e-01	-9.28259e-01
      5540	 4.99831e-01	 3.62168e-01	-9.31932e-01
      5560	 4.99835e-01	 3.52829e-01	-9.35511e-01
      5580	 4.99839e-01	 3.43454e-01	-9.38997e-01
      5600	 4.99842e-01	 3.34046e-01	-9.42390e-01
      5620	 4.99846e-01	 3.24604e-01	-9.45688e-01
      5640	 4.99850e-01	 3.15129e-01	-9.48891e-01
      5660	 4.99854e-01	 3.05623e-01	-9.52000e-01
      5680	 4.99858e-01	 2.96086e-01	-9.55013e-01
      5700	 4.99863e-01	 2.86520e-01	-9.57931e-01
      5720	 4.99867e-01	 2.76925e-01	-9.60753e-01
      5740	 4.99871e-01	 2.67303e-01	-9.63479e-01
      5760	 4.99875e-01	 2.57653e-01	-9.66108e-01
      5780	 4.99880e-01	 2.47978e-01	-9.68641e-01
      5800	 4.99884e-01	 2.38278e-01	-9.71078e-01
      5820	 4.99889e-01	 2.28554e-01	-9.73417e-01
      5840	 4.99893e-01	 2.18808e-01	-9.75658e-01
      5860	 4.99898e-01	 2.09039e-01	-9.77803e-01
      5880	 4.99902e-01	 1.99250e-01	-9.79849e-01
      5900	 4.99907e-01	 1.89441e-01	-9.81797e-01
      5920	 4.99911e-01	 1.79613e-01	-9.83647e-01
      5940	 4.99916e-01	 1.69766e-01	-9.85399e-01
      5960	 4.99921e-01	 1.59903e-01	-9.87053e-01
      5980	 4.99926e-01	 1.50024e-01	-9.88607e-01
      6000	 4.99930e-01	 1.40130e-01	-9.90063e-01
      6020	 4.99935e-01	 1.30222e-01	-9.91420e-01
      6040	 4.99940e-01	 1.20301e-01	-9.92677e-01
      6060	 4.99945e-01	 1.10367e-01	-9.93836e-01
      6080	 4.99950e-01	 1.00423e-01	-9.94894e-01
      6100	 4.99955e-01	 9.04688e-02	-9.95854e-01
      6120	 4.99960e-01	 8.05054e-02	-9.96714e-01
      6140	 4.99965e-01	 7.05340e-02	-9.97474e-01
      6160	 4.99970e-01	 6.05556e-02	-9.98134e-01
      6180	 4.99975e-01	 5.05710e-02	-9.98695e-01
      6200	 4.99980e-01	 4.05815e-02	-9.99156e-01
      6220	 4.99985e-01	 3.05878e-02	-9.99517e-01
      6240	 4.99990e-01	 2.05912e-02	-9.99778e-01
      6260	 4.99995e-01	 1.05924e-02	-9.99938e-01
      6280	 5.00000e-01	 5.92621e-04	-9.99999e-01
      6300	 5.00005e-01	-9.40724e-03	-9.99960e-01
      6320	 5.00010e-01	-1.94062e-02	-9.99821e-01
      6340	 5.00015e-01	-2.94031e-02	-9.99582e-01
      6360	 5.00020e-01	-3.93972e-02	-9.99243e-01
      6380	 5.00024e-01	-4.93873e-02	-9.98804e-01
      6400	 5.00029e-01	-5.93724e-02	-9.98265e-01
      6420	 5.00034e-01	-6.93517e-02	-9.97627e-01
      6440	 5.00039e-01	-7.93240e-02	-9.96888e-01
      6460	 5.00044e-01	-8.92883e-02	-9.96050e-01
      6480	 5.00049e-01	-9.92437e-02	-9.95113e-01
      6500	 5.00054e-01	-1.09189e-01	-9.94075e-01
      6520	 5.00059e-01	-1.19124e-01	-9.92939e-01
      6540	 5.00064e-01	-1.29046e-01	-9.91703e-01
      6560	 5.00069e-01	-1.38956e-01	-9.90368e-01
      6580	 5.00073e-01	-1.48852e-01	-9.88934e-01
      6600	 5.00078e-01	-1.58733e-01	-9.87401e-01
      6620	 5.00083e-01	-1.68598e-01	-9.85769e-01
      6640	 5.00088e-01	-1.78446e-01	-9.84039e-01
      6660	 5.00092e-01	-1.88277e-01	-9.82210e-01
      6680	 5.00097e-01	-1.98088e-01	-9.80283e-01
      6700	 5.00102e-01	-2.07880e-01	-9.78258e-01
      6720	 5.00106e-01	-2.17651e-01	-9.76135e-01
      6740	 5.00111e-01	-2.27400e-01	-9.73915e-01
      6760	 5.00115e-01	-2.37127e-01	-9.71597e-01
      6780	 5.00119e-01	-2.46830e-01	-9.69182e-01
      6800	 5.00124e-01	-2.56508e-01	-9.66670e-01
      6820	 5.00128e-01	-2.66160e-01	-9.64062e-01
      6840	 5.00132e-01	-2.75786e-01	-9.61357e-01
      6860	 5.00137e-01	-2.85384e-01	-9.58556e-01
      6880	 5.00141e-01	-2.94954e-01	-9.55659e-01
      6900	 5.00145e-01	-3.04494e-01	-9.52666e-01
      6920	 5.00149e-01	-3.14004e-01	-9.49579e-01
      6940	 5.00153e-01	-3.23482e-01	-9.46396e-01
      6960	 5.00157e-01	-3.32928e-01	-9.43118e-01
      6980	 5.00161e-01	-3.42341e-01	-9.39747e-01
      7000	 5.00164e-01	-3.51720e-01	-9.36281e-01
      7020	 5.00168e-01	-3.61063e-01	-9.32722e-01
      7040	 5.00172e-01	-3.70370e-01	-9.29069e-01
      7060	 5.00175e-01	-3.79640e-01	-9.25324e-01
      7080	 5.00179e-01	-3.88872e-01	-9.21486e-01
      7100	 5.00182e-01	-3.98066e-01	-9.17556e-01
      7120	 5.00186e-01	-4.07219e-01	-9.13534e-01
      7140	 5.00189e-01	-4.16332e-01	-9.09421e-01
      7160	 5.00192e-01	-4.25403e-01	-9.05216e-01
      7180	 5.00196e-01	-4.34432e-01	-9.00922e-01
      7200	 5.00199e-01	-4.43417e-01	-8.96537e-01
      7220	 5.00202e-01	-4.52358e-01	-8.92063e-01
      7240	 5.00205e-01	-4.61253e-01	-8.87499e-01
      7260	 5.00207e-01	-4.70103e-01	-8.82847e-01
      7280	 5.00210e-01	-4.78905e-01	-8.78106e-01
      7300	 5.00213e-01	-4.87660e-01	-8.73277e-01
      7320	 5.00215e-01	-4.96366e-01	-8.68362e-01
      7340	 5.00218e-01	-5.05022e-01	-8.63359e-01
      7360	 5.00220e-01	-5.13628e-01	-8.58270e-01
      7380	 5.00223e-01	-5.22182e-01	-8.53095e-01
      7400	 5.00225e-01	-5.30684e-01	-8.47835e-01
      7420	 5.00227e-01	-5.39133e-01	-8.42490e-01
      7440	 5.00229e-01	-5.47528e-01	-8.37061e-01
      7460	 5.00231e-01	-5.55868e-01	-8.31548e-01
      7480	 5.00233e-01	-5.64153e-01	-8.25952e-01
      7500	 5.00235e-01	-5.72382e-01	-8.20273e-01
      7520	 5.00236e-01	-5.80553e-01	-8.14513e-01
      7540	 5.00238e-01	-5.88666e-01	-8.08671e-01
      7560	 5.00239e-01	-5.96720e-01	-8.02748e-01
      7580	 5.00241e-01	-6.04715e-01	-7.96745e-01
      7600	 5.00242e-01	-6.12649e-01	-7.90662e-01
      7620	 5.00243e-01	-6.20521e-01	-7.84500e-01
      7640	 5.00244e-01	-6.28332e-01	-7.78259e-01
      7660	 5.00245e-01	-6.36080e-01	-7.71941e-01
      7680	 5.00246e-01	-6.43764e-01	-7.65546e-01
      7700	 5.00247e-01	-6.51384e-01	-7.59074e-01
      7720	 5.00248e-01	-6.58939e-01	-7.52526e-01
      7740	 5.00248e-01	-6.66428e-01	-7.45903e-01
      7760	 5.00249e-01	-6.73850e-01	-7.39205e-01
      7780	 5.00249e-01	-6.81205e-01	-7.32433e-01
      7800	 5.00250e-01	-6.88492e-01	-7.25588e-01
      7820	 5.00250e-01	-6.95710e-01	-7.18671e-01
      7840	 5.00250e-01	-7.02858e-01	-7.11681e-01
      7860	 5.00250e-01	-7.09936e-01	-7.04621e-01
      7880	 5.00250e-01	-7.16943e-01	-6.97490e-01
      7900	 5.00250e-01	-7.23878e-01	-6.90289e-01
      7920	 5.00249e-01	-7.30741e-01	-6.83020e-01
      7940	 5.00249e-01	-7.37531e-01	-6.75682e-01
      7960	 5.00249e-01	-7.44247e-01	-6.68276e-01
      7980	 5.00248e-01	-7.50889e-01	-6.60804e-01
      8000	 5.00247e-01	-7.57456e-01	-6.53265e-01
      8020	 5.00246e-01	-7.63947e-01	-6.45661e-01
      8040	 5.00246e-01	-7.70361e-01	-6.37993e-01
      8060	 5.00245e-01	-7.76699e-01	-6.30261e-01
      8080	 5.00244e-01	-7.82958e-01	-6.22465e-01
      8100	 5.00242e-01	-7.89140e-01	-6.14608e-01
      8120	 5.00241e-01	-7.95242e-01	-6.06689e-01
      8140	 5.00240e-01	-8.01266e-01	-5.98709e-01
      8160	 5.00238e-01	-8.07208e-01	-5.90670e-01
      8180	 5.00237e-01	-8.13071e-01	-5.82571e-01
      8200	 5.00235e-01	-8.18852e-01	-5.74415e-01
      8220	 5.00233e-01	-8.24551e-01	-5.66200e-01
      8240	 5.00231e-01	-8.30167e-01	-5.57930e-01
      8260	 5.00230e-01	-8.35701e-01	-5.49603e-01
      8280	 5.00227e-01	-8.41151e-01	-5.41221e-01
      8300	 5.00225e-01	-8.46517e-01	-5.32786e-01
      8320	 5.00223e-01	-8.51798e-01	-5.24297e-01
      8340	 5.00221e-01	-8.56994e-01	-5.15755e-01
      8360	 5.00218e-01	-8.62104e-01	-5.07162e-01
      8380	 5.00216e-01	-8.67128e-01	-4.98518e-01
      8400	 5.00213e-01	-8.72066e-01	-4.89825e-01
      8420	 5.00211e-01	-8.76916e-01	-4.81082e-01
      8440	 5.00208e-01	-8.81678e-01	-4.72292e-01
      8460	 5.00205e-01	-8.86353e-01	-4.63454e-01
      8480	 5.00202e-01	-8.90938e-01	-4.54570e-01
      8500	 5.00199e-01	-8.95435e-01	-4.45640e-01
      8520	 5.00196e-01	-8.99842e-01	-4.36666e-01
      8540	 5.00193e-01	-9.04159e-01	-4.27648e-01
      8560	 5.00190e-01	-9.08386e-01	-4.18587e-01
      8580	 5.00187e-01	-9.12522e-01	-4.09484e-01
      8600	 5.00183e-01	-9.16566e-01	-4.00341e-01
      8620	 5.00180e-01	-9.20519e-01	-3.91157e-01
      8640	 5.00176e-01	-9.24380e-01	-3.81935e-01
      8660	 5.00173e-01	-9.28149e-01	-3.72674e-01
      8680	 5.00169e-01	-9.31824e-01	-3.63376e-01
      8700	 5.00165e-01	-9.35407e-01	-3.54041e-01
      8720	 5.00162e-01	-9.38896e-01	-3.44672e-01
      8740	 5.00158e-01	-9.42291e-01	-3.35267e-01
      8760	 5.00154e-01	-9.45591e-01	-3.25829e-01
      8780	 5.00150e-01	-9.48798e-01	-3.16359e-01
      8800	 5.00146e-01	-9.51909e-01	-3.06857e-01
      8820	 5.00142e-01	-9.54925e-01	-2.97324e-01
      8840	 5.00138e-01	-9.57846e-01	-2.87762e-01
      8860	 5.00133e-01	-9.60671e-01	-2.78171e-01
      8880	 5.00129e-01	-9.63399e-01	-2.68551e-01
      8900	 5.00125e-01	-9.66032e-01	-2.58906e-01
      8920	 5.00121e-01	-9.68568e-01	-2.49234e-01
      8940	 5.00116e-01	-9.71007e-01	-2.39537e-01
      8960	 5.00112e-01	-9.73349e-01	-2.29816e-01
      8980	 5.00107e-01	-9.75593e-01	-2.20073e-01
      9000	 5.00103e-01	-9.77740e-01	-2.10307e-01
      9020	 5.00098e-01	-9.79790e-01	-2.00520e-01
      9040	 5.00093e-01	-9.81741e-01	-1.90713e-01
      9060	 5.00089e-01	-9.83594e-01	-1.80888e-01
      9080	 5.00084e-01	-9.85349e-01	-1.71044e-01
      9100	 5.00079e-01	-9.87005e-01	-1.61183e-01
      9120	 5.00075e-01	-9.88563e-01	-1.51306e-01
      9140	 5.00070e-01	-9.90021e-01	-1.41413e-01
      9160	 5.00065e-01	-9.91381e-01	-1.31507e-01
      9180	 5.00060e-01	-9.92641e-01	-1.21587e-01
      9200	 5.00055e-01	-9.93803e-01	-1.11656e-01
      9220	 5.00050e-01	-9.94865e-01	-1.01713e-01
      9240	 5.00046e-01	-9.95827e-01	-9.17597e-02
      9260	 5.00041e-01	-9.96690e-01	-8.17974e-02
      9280	 5.00036e-01	-9.97453e-01	-7.18270e-02
      9300	 5.00031e-01	-9.98116e-01	-6.18494e-02
      9320	 5.00026e-01	-9.98680e-01	-5.18656e-02
      9340	 5.00021e-01	-9.99144e-01	-4.18767e-02
      9360	 5.00016e-01	-9.99507e-01	-3.18835e-02
      9380	 5.00011e-01	-9.99771e-01	-2.18872e-02
      9400	 5.00006e-01	-9.99935e-01	-1.18887e-02
      9420	 5.00001e-01	-9.99999e-01	-1.88893e-03
      9440	 4.99996e-01	-9.99963e-01	 8.11098e-03
      9460	 4.99991e-01	-9.99827e-01	 1.81101e-02
      9480	 4.99986e-01	-9.99591e-01	 2.81074e-02
      9500	 4.99981e-01	-9.99255e-01	 3.81018e-02
      9520	 4.99976e-01	-9.98819e-01	 4.80925e-02
      9540	 4.99971e-01	-9.98283e-01	 5.80784e-02
      9560	 4.99966e-01	-9.97647e-01	 6.80584e-02
      9580	 4.99961e-01	-9.96912e-01	 7.80317e-02
      9600	 4.99956e-01	-9.96077e-01	 8.79971e-02
      9620	 4.99951e-01	-9.95142e-01	 9.79537e-02
      9640	 4.99946e-01	-9.94108e-01	 1.07901e-01
      9660	 4.99941e-01	-9.92974e-01	 1.17837e-01
      9680	 4.99937e-01	-9.91741e-01	 1.27761e-01
      9700	 4.99932e-01	-9.90409e-01	 1.37672e-01
      9720	 4.99927e-01	-9.88978e-01	 1.47570e-01
      9740	 4.99922e-01	-9.87448e-01	 1.57453e-01
      9760	 4.99917e-01	-9.85819e-01	 1.67320e-01
      9780	 4.99913e-01	-9.84091e-01	 1.77171e-01
      9800	 4.99908e-01	-9.82266e-01	 1.87004e-01
      9820	 4.99903e-01	-9.80342e-01	 1.96818e-01
      9840	 4.99899e-01	-9.78319e-01	 2.06612e-01
      9860	 4.99894e-01	-9.76200e-01	 2.16386e-01
      9880	 4.99890e-01	-9.73982e-01	 2.26138e-01
      9900	 4.99885e-01	-9.71667e-01	 2.35867e-01
      9920	 4.99881e-01	-9.69255e-01	 2.45573e-01
      9940	 4.99876e-01	-9.66746e-01	 2.55255e-01
      9960	 4.99872e-01	-9.64140e-01	 2.64910e-01
      9980	 4.99868e-01	-9.61438e-01	 2.74540e-01
     10000	 4.99864e-01	-9.58640e-01	 2.84142e-01
     10020	 4.99860e-01	-9.55746e-01	 2.93715e-01
     10040	 4.99855e-01	-9.52756e-01	 3.03259e-01
     10060	 4.99851e-01	-9.49671e-01	 3.12773e-01
     10080	 4.99847e-01	-9.46491e-01	 3.22255e-01
     10100	 4.99843e-01	-9.43217e-01	 3.31706e-01
     10120	 4.99840e-01	-9.39848e-01	 3.41123e-01
     10140	 4.99836e-01	-9.36385e-01	 3.50506e-01
     10160	 4.99832e-01	-9.32829e-01	 3.59854e-01
     10180	 4.99828e-01	-9.29179e-01	 3.69166e-01
     10200	 4.99825e-01	-9.25436e-01	 3.78441e-01
     10220	 4.99821e-01	-9.21601e-01	 3.87678e-01
     10240	 4.99818e-01	-9.17674e-01	 3.96876e-01
     10260	 4.99814e-01	-9.13654e-01	 4.06035e-01
     10280	 4.99811e-01	-9.09544e-01	 4.15153e-01
     10300	 4.99808e-01	-9.05342e-01	 4.24230e-01
     10320	 4.99805e-01	-9.01050e-01	 4.33264e-01
     10340	 4.99802e-01	-8.96668e-01	 4.42255e-01
     10360	 4.99799e-01	-8.92196e-01	 4.51201e-01
     10380	 4.99796e-01	-8.87635e-01	 4.60103e-01
     10400	 4.99793e-01	-8.82986e-01	 4.68958e-01
     10420	 4.99790e-01	-8.78248e-01	 4.77767e-01
     10440	 4.99787e-01	-8.73422e-01	 4.86528e-01
     10460	 4.99785e-01	-8.68508e-01	 4.95240e-01
     10480	 4.99782e-01	-8.63508e-01	 5.03903e-01
     10500	 4.99780e-01	-8.58422e-01	 5.12515e-01
     10520	 4.99778e-01	-8.53250e-01	 5.21076e-01
     10540	 4.99775e-01	-8.47992e-01	 5.29585e-01
     10560	 4.99773e-01	-8.42650e-01	 5.38041e-01
     10580	 4.99771e-01	-8.37223e-01	 5.46443e-01
     10600	 4.99769e-01	-8.31713e-01	 5.54790e-01
     10620	 4.99767e-01	-8.26119e-01	 5.63082e-01
     10640	 4.99765e-01	-8.20443e-01	 5.71318e-01
     10660	 4.99764e-01	-8.14685e-01	 5.79497e-01
     10680	 4.99762e-01	-8.08845e-01	 5.87617e-01
     10700	 4.99761e-01	-8.02924e-01	 5.95679e-01
     10720	 4.99759e-01	-7.96924e-01	 6.03682e-01
     10740	 4.99758e-01	-7.90843e-01	 6.11623e-01
     10760	 4.99757e-01	-7.84683e-01	 6.19504e-01
     10780	 4.99756e-01	-7.78445e-01	 6.27323e-01
     10800	 4.99755e-01	-7.72129e-01	 6.35079e-01
     10820	 4.99754e-01	-7.65736e-01	 6.42772e-01
     10840	 4.99753e-01	-7.59266e-01	 6.50400e-01
     10860	 4.99752e-01	-7.52721e-01	 6.57963e-01
     10880	 4.99752e-01	-7.46100e-01	 6.65461e-01
     10900	 4.99751e-01	-7.39404e-01	 6.72892e-01
     10920	 4.99751e-01	-7.32635e-01	 6.80255e-01
     10940	 4.99750e-01	-7.25792e-01	 6.87551e-01
     10960	 4.99750e-01	-7.18877e-01	 6.94778e-01
     10980	 4.99750e-01	-7.11890e-01	 7.01935e-01
     11000	 4.99750e-01	-7.04831e-01	 7.09022e-01
     11020	 4.99750e-01	-6.97702e-01	 7.16039e-01
     11040	 4.99750e-01	-6.90504e-01	 7.22983e-01
     11060	 4.99751e-01	-6.83236e-01	 7.29856e-01
     11080	 4.99751e-01	-6.75900e-01	 7.36655e-01
     11100	 4.99751e-01	-6.68496e-01	 7.43381e-01
     11120	 4.99752e-01	-6.61026e-01	 7.50032e-01
     11140	 4.99753e-01	-6.53489e-01	 7.56609e-01
     11160	 4.99753e-01	-6.45888e-01	 7.63110e-01
     11180	 4.99754e-01	-6.38221e-01	 7.69534e-01
     11200	 4.99755e-01	-6.30491e-01	 7.75881e-01
     11220	 4.99756e-01	-6.22697e-01	 7.82151e-01
     11240	 4.99757e-01	-6.14842e-01	 7.88343e-01
     11260	 4.99759e-01	-6.06925e-01	 7.94456e-01
     11280	 4.99760e-01	-5.98947e-01	 8.00489e-01
     11300	 4.99762e-01	-5.90909e-01	 8.06443e-01
     11320	 4.99763e-01	-5.82812e-01	 8.12315e-01
     11340	 4.99765e-01	-5.74657e-01	 8.18107e-01
     11360	 4.99767e-01	-5.66445e-01	 8.23816e-01
     11380	 4.99768e-01	-5.58175e-01	 8.29444e-01
     11400	 4.99770e-01	-5.49850e-01	 8.34988e-01
     11420	 4.99772e-01	-5.41471e-01	 8.40449e-01
     11440	 4.99774e-01	-5.33036e-01	 8.45826e-01
     11460	 4.99777e-01	-5.24549e-01	 8.51118e-01
     11480	 4.99779e-01	-5.16009e-01	 8.56325e-01
     11500	 4.99781e-01	-5.07418e-01	 8.61446e-01
     11520	 4.99784e-01	-4.98775e-01	 8.66482e-01
     11540	 4.99786e-01	-4.90083e-01	 8.71430e-01
     11560	 4.99789e-01	-4.81342e-01	 8.76292e-01
     11580	 4.99792e-01	-4.72553e-01	 8.81066e-01
     11600	 4.99794e-01	-4.63716e-01	 8.85752e-01
     11620	 4.99797e-01	-4.54833e-01	 8.90349e-01
     11640	 4.99800e-01	-4.45905e-01	 8.94857e-01
     11660	 4.99803e-01	-4.36932e-01	 8.99276e-01
     11680	 4.99807e-01	-4.27916e-01	 9.03605e-01
     11700	 4.99810e-01	-4.18856e-01	 9.07843e-01
     11720	 4.99813e-01	-4.09755e-01	 9.11991e-01
     11740	 4.99816e-01	-4.00613e-01	 9.16047e-01
     11760	 4.99820e-01	-3.91430e-01	 9.20012e-01
     11780	 4.99823e-01	-3.82209e-01	 9.23885e-01
     11800	 4.99827e-01	-3.72949e-01	 9.27665e-01
     11820	 4.99830e-01	-3.63652e-01	 9.31353e-01
     11840	 4.99834e-01	-3.54319e-01	 9.34947e-01
     11860	 4.99838e-01	-3.44950e-01	 9.38449e-01
     11880	 4.99842e-01	-3.35546e-01	 9.41856e-01
     11900	 4.99846e-01	-3.26110e-01	 9.45169e-01
     11920	 4.99850e-01	-3.16640e-01	 9.48387e-01
     11940	 4.99854e-01	-3.07139e-01	 9.51511e-01
     11960	 4.99858e-01	-2.97607e-01	 9.54539e-01
     11980	 4.99862e-01	-2.88046e-01	 9.57473e-01
     12000	 4.99866e-01	-2.78455e-01	 9.60310e-01
     12020	 4.99870e-01	-2.68837e-01	 9.63051e-01
     12040	 4.99875e-01	-2.59192e-01	 9.65696e-01
     12060	 4.99879e-01	-2.49521e-01	 9.68245e-01
     12080	 4.99883e-01	-2.39825e-01	 9.70696e-01
     12100	 4.99888e-01	-2.30105e-01	 9.73051e-01
     12120	 4.99892e-01	-2.20362e-01	 9.75308e-01
     12140	 4.99897e-01	-2.10597e-01	 9.77468e-01
     12160	 4.99901e-01	-2.00811e-01	 9.79530e-01
     12180	 4.99906e-01	-1.91004e-01	 9.81494e-01
     12200	 4.99911e-01	-1.81179e-01	 9.83359e-01
     12220	 4.99915e-01	-1.71336e-01	 9.85127e-01
     12240	 4.99920e-01	-1.61475e-01	 9.86796e-01
     12260	 4.99925e-01	-1.51598e-01	 9.88366e-01
     12280	 4.99930e-01	-1.41707e-01	 9.89838e-01
     12300	 4.99935e-01	-1.31801e-01	 9.91210e-01
     12320	 4.99939e-01	-1.21881e-01	 9.92484e-01
     12340	 4.99944e-01	-1.11950e-01	 9.93658e-01
     12360	 4.99949e-01	-1.02008e-01	 9.94732e-01
     12380	 4.99954e-01	-9.20547e-02	 9.95708e-01
     12400	 4.99959e-01	-8.20928e-02	 9.96583e-01
     12420	 4.99964e-01	-7.21226e-02	 9.97360e-01
     12440	 4.99969e-01	-6.21452e-02	 9.98036e-01
     12460	 4.99974e-01	-5.21616e-02	 9.98612e-01
     12480	 4.99979e-01	-4.21727e-02	 9.99089e-01
     12500	 4.99984e-01	-3.21797e-02	 9.99466e-01
     12520	 4.99989e-01	-2.21834e-02	 9.99743e-01
     12540	 4.99994e-01	-1.21849e-02	 9.99920e-01
     12560	 4.99999e-01	-2.18524e-03	 9.99996e-01
     12580	 5.00004e-01	 7.81468e-03	 9.99973e-01
     12600	 5.00009e-01	 1.78138e-02	 9.99850e-01
     12620	 5.00014e-01	 2.78112e-02	 9.99627e-01
     12640	 5.00019e-01	 3.78057e-02	 9.99304e-01
     12660	 5.00024e-01	 4.77965e-02	 9.98881e-01
     12680	 5.00029e-01	 5.77826e-02	 9.98358e-01
     12700	 5.00034e-01	 6.77628e-02	 9.97735e-01
     12720	 5.00039e-01	 7.77363e-02	 9.97013e-01
     12740	 5.00044e-01	 8.77019e-02	 9.96190e-01
     12760	 5.00048e-01	 9.76589e-02	 9.95269e-01
     12780	 5.00053e-01	 1.07606e-01	 9.94247e-01
     12800	 5.00058e-01	 1.17542e-01	 9.93126e-01
     12820	 5.00063e-01	 1.27467e-01	 9.91906e-01
     12840	 5.00068e-01	 1.37379e-01	 9.90587e-01
     12860	 5.00073e-01	 1.47277e-01	 9.89169e-01
     12880	 5.00077e-01	 1.57160e-01	 9.87651e-01
     12900	 5.00082e-01	 1.67028e-01	 9.86035e-01
     12920	 5.00087e-01	 1.76879e-01	 9.84321e-01
     12940	 5.00092e-01	 1.86713e-01	 9.82508e-01
     12960	 5.00096e-01	 1.96527e-01	 9.80596e-01
     12980	 5.00101e-01	 2.06322e-01	 9.78587e-01
     13000	 5.00105e-01	 2.16097e-01	 9.76480e-01
     13020	 5.00110e-01	 2.25849e-01	 9.74275e-01
     13040	 5.00114e-01	 2.35579e-01	 9.71973e-01
     13060	 5.00119e-01	 2.45286e-01	 9.69573e-01
     13080	 5.00123e-01	 2.54968e-01	 9.67077e-01
     13100	 5.00127e-01	 2.64625e-01	 9.64484e-01
     13120	 5.00132e-01	 2.74255e-01	 9.61794e-01
     13140	 5.00136e-01	 2.83858e-01	 9.59008e-01
     13160	 5.00140e-01	 2.93432e-01	 9.56127e-01
     13180	 5.00144e-01	 3.02977e-01	 9.53149e-01
     13200	 5.00148e-01	 3.12492e-01	 9.50077e-01
     13220	 5.00152e-01	 3.21975e-01	 9.46909e-01
     13240	 5.00156e-01	 3.31426e-01	 9.43647e-01
     13260	 5.00160e-01	 3.40844e-01	 9.40290e-01
     13280	 5.00164e-01	 3.50228e-01	 9.36839e-01
     13300	 5.00168e-01	 3.59577e-01	 9.33295e-01
     13320	 5.00171e-01	 3.68890e-01	 9.29657e-01
     13340	 5.00175e-01	 3.78166e-01	 9.25927e-01
     13360	 5.00178e-01	 3.87405e-01	 9.22103e-01
     13380	 5.00182e-01	 3.96604e-01	 9.18188e-01
     13400	 5.00185e-01	 4.05764e-01	 9.14181e-01
     13420	 5.00189e-01	 4.14883e-01	 9.10082e-01
     13440	 5.00192e-01	 4.23961e-01	 9.05892e-01
     13460	 5.00195e-01	 4.32997e-01	 9.01612e-01
     13480	 5.00198e-01	 4.41989e-01	 8.97241e-01
     13500	 5.00201e-01	 4.50937e-01	 8.92781e-01
     13520	 5.00204e-01	 4.59840e-01	 8.88232e-01
     13540	 5.00207e-01	 4.68697e-01	 8.83593e-01
     13560	 5.00210e-01	 4.77507e-01	 8.78867e-01
     13580	 5.00212e-01	 4.86269e-01	 8.74052e-01
     13600	 5.00215e-01	 4.94983e-01	 8.69150e-01
     13620	 5.00217e-01	 5.03647e-01	 8.64161e-01
     13640	 5.00220e-01	 5.12260e-01	 8.59086e-01
     13660	 5.00222e-01	 5.20823e-01	 8.53925e-01
     13680	 5.00224e-01	 5.29333e-01	 8.48678e-01
     13700	 5.00227e-01	 5.37791e-01	 8.43347e-01
     13720	 5.00229e-01	 5.46195e-01	 8.37931e-01
     13740	 5.00231e-01	 5.54544e-01	 8.32432e-01
     13760	 5.00233e-01	 5.62838e-01	 8.26849e-01
     13780	 5.00234e-01	 5.71075e-01	 8.21183e-01
     13800	 5.00236e-01	 5.79255e-01	 8.15436e-01
     13820	 5.00238e-01	 5.87378e-01	 8.09607e-01
     13840	 5.00239e-01	 5.95441e-01	 8.03696e-01
     13860	 5.00241e-01	 6.03445e-01	 7.97706e-01
     13880	 5.00242e-01	 6.11389e-01	 7.91636e-01
     13900	 5.00243e-01	 6.19272e-01	 7.85486e-01
     13920	 5.00244e-01	 6.27092e-01	 7.79258e-01
     13940	 5.00245e-01	 6.34850e-01	 7.72952e-01
     13960	 5.00246e-01	 6.42545e-01	 7.66569e-01
     13980	 5.00247e-01	 6.50175e-01	 7.60109e-01
     14000	 5.00248e-01	 6.57740e-01	 7.53574e-01
     14020	 5.00248e-01	 6.65240e-01	 7.46962e-01
     14040	 5.00249e-01	 6.72673e-01	 7.40276e-01
     14060	 5.00249e-01	 6.80038e-01	 7.33517e-01
     14080	 5.00250e-01	 6.87336e-01	 7.26683e-01
     14100	 5.00250e-01	 6.94565e-01	 7.19777e-01
     14120	 5.00250e-01	 7.01724e-01	 7.12799e-01
     14140	 5.00250e-01	 7.08814e-01	 7.05750e-01
     14160	 5.00250e-01	 7.15832e-01	 6.98630e-01
     14180	 5.00250e-01	 7.22779e-01	 6.91441e-01
     14200	 5.00249e-01	 7.29653e-01	 6.84182e-01
     14220	 5.00249e-01	 7.36455e-01	 6.76855e-01
     14240	 5.00249e-01	 7.43183e-01	 6.69460e-01
     14260	 5.00248e-01	 7.49836e-01	 6.61998e-01
     14280	 5.00247e-01	 7.56415e-01	 6.54470e-01
     14300	 5.00247e-01	 7.62918e-01	 6.46877e-01
     14320	 5.00246e-01	 7.69345e-01	 6.39218e-01
     14340	 5.00245e-01	 7.75694e-01	 6.31496e-01
     14360	 5.00244e-01	 7.81967e-01	 6.23711e-01
     14380	 5.00243e-01	 7.88161e-01	 6.15864e-01
     14400	 5.00241e-01	 7.94276e-01	 6.07954e-01
     14420	 5.00240e-01	 8.00312e-01	 5.99984e-01
     14440	 5.00238e-01	 8.06267e-01	 5.91954e-01
     14460	 5.00237e-01	 8.12142e-01	 5.83865e-01
     14480	 5.00235e-01	 8.17936e-01	 5.75718e-01
     14500	 5.00234e-01	 8.23648e-01	 5.67512e-01
     14520	 5.00232e-01	 8.29278e-01	 5.59251e-01
     14540	 5.00230e-01	 8.34825e-01	 5.50933e-01
     14560	 5.00228e-01	 8.40288e-01	 5.42560e-01
     14580	 5.00226e-01	 8.45668e-01	 5.34133e-01
     14600	 5.00224e-01	 8.50962e-01	 5.25652e-01
     14620	 5.00221e-01	 8.56172e-01	 5.17119e-01
     14640	 5.00219e-01	 8.61296e-01	 5.08534e-01
     14660	 5.00216e-01	 8.66334e-01	 4.99898e-01
     14680	 5.00214e-01	 8.71285e-01	 4.91213e-01
     14700	 5.00211e-01	 8.76149e-01	 4.82478e-01
     14720	 5.00209e-01	 8.80926e-01	 4.73695e-01
     14740	 5.00206e-01	 8.85614e-01	 4.64864e-01
     14760	 5.00203e-01	 8.90214e-01	 4.55988e-01
     14780	 5.00200e-01	 8.94725e-01	 4.47065e-01
     14800	 5.00197e-01	 8.99146e-01	 4.38098e-01
     14820	 5.00194e-01	 9.03478e-01	 4.29087e-01
     14840	 5.00190e-01	 9.07719e-01	 4.20033e-01
     14860	 5.00187e-01	 9.11869e-01	 4.10937e-01
     14880	 5.00184e-01	 9.15928e-01	 4.01800e-01
     14900	 5.00180e-01	 9.19896e-01	 3.92623e-01
     14920	 5.00177e-01	 9.23771e-01	 3.83406e-01
     14940	 5.00173e-01	 9.27555e-01	 3.74151e-01
     14960	 5.00170e-01	 9.31245e-01	 3.64859e-01
     14980	 5.00166e-01	 9.34842e-01	 3.55530e-01
     15000	 5.00162e-01	 9.38346e-01	 3.46166e-01
     15020	 5.00158e-01	 9.41756e-01	 3.36767e-01
     15040	 5.00155e-01	 9.45072e-01	 3.27335e-01
     15060	 5.00151e-01	 9.48293e-01	 3.17869e-01
     15080	 5.00147e-01	 9.51420e-01	 3.08372e-01
     15100	 5.00142e-01	 9.54451e-01	 2.98844e-01
     15120	 5.00138e-01	 9.57387e-01	 2.89287e-01
     15140	 5.00134e-01	 9.60227e-01	 2.79700e-01
     15160	 5.00130e-01	 9.62971e-01	 2.70085e-01
     15180	 5.00126e-01	 9.65619e-01	 2.60444e-01
     15200	 5.00121e-01	 9.68170e-01	 2.50776e-01
     15220	 5.00117e-01	 9.70625e-01	 2.41083e-01
     15240	 5.00112e-01	 9.72982e-01	 2.31366e-01
     15260	 5.00108e-01	 9.75242e-01	 2.21626e-01
     15280	 5.00103e-01	 9.77405e-01	 2.11864e-01
     15300	 5.00099e-01	 9.79470e-01	 2.02080e-01
     15320	 5.00094e-01	 9.81437e-01	 1.92277e-01
     15340	 5.00090e-01	 9.83306e-01	 1.82454e-01
     15360	 5.00085e-01	 9.85076e-01	 1.72613e-01
     15380	 5.00080e-01	 9.86748e-01	 1.62754e-01
     15400	 5.00075e-01	 9.88321e-01	 1.52880e-01
     15420	 5.00071e-01	 9.89796e-01	 1.42990e-01
     15440	 5.00066e-01	 9.91171e-01	 1.33086e-01
     15460	 5.00061e-01	 9.92447e-01	 1.23168e-01
     15480	 5.00056e-01	 9.93624e-01	 1.13238e-01
     15500	 5.00051e-01	 9.94702e-01	 1.03297e-01
     15520	 5.00046e-01	 9.95680e-01	 9.33455e-02
     15540	 5.00041e-01	 9.96559e-01	 8.33846e-02
     15560	 5.00036e-01	 9.97338e-01	 7.34154e-02
     15580	 5.00032e-01	 9.98017e-01	 6.34389e-02
     15600	 5.00027e-01	 9.98597e-01	 5.34561e-02
     15620	 5.00022e-01	 9.99076e-01	 4.34679e-02
     15640	 5.00017e-01	 9.99456e-01	 3.34753e-02
     15660	 5.00012e-01	 9.99736e-01	 2.34794e-02
     15680	 5.00007e-01	 9.99916e-01	 1.34811e-02
     15700	 5.00002e-01	 9.99996e-01	 3.48155e-03
     15720	 4.99997e-01	 9.99975e-01	-6.51840e-03
     15740	 4.99992e-01	 9.99855e-01	-1.65177e-02
     15760	 4.99987e-01	 9.99635e-01	-2.65153e-02
     15780	 4.99982e-01	 9.99315e-01	-3.65103e-02
     15800	 4.99977e-01	 9.98895e-01	-4.65017e-02
     15820	 4.99972e-01	 9.98375e-01	-5.64884e-02
     15840	 4.99967e-01	 9.97755e-01	-6.64694e-02
     15860	 4.99962e-01	 9.97036e-01	-7.64438e-02
     15880	 4.99957e-01	 9.96216e-01	-8.64105e-02
     15900	 4.99952e-01	 9.95297e-01	-9.63687e-02
     15920	 4.99947e-01	 9.94279e-01	-1.06317e-01
     15940	 4.99942e-01	 9.93161e-01	-1.16255e-01
     15960	 4.99937e-01	 9.91944e-01	-1.26181e-01
     15980	 4.99932e-01	 9.90628e-01	-1.36095e-01
     16000	 4.99928e-01	 9.89212e-01	-1.45995e-01
     16020	 4.99923e-01	 9.87698e-01	-1.55880e-01
     16040	 4.99918e-01	 9.86085e-01	-1.65750e-01
     16060	 4.99913e-01	 9.84373e-01	-1.75603e-01
     16080	 4.99909e-01	 9.82563e-01	-1.85439e-01
     16100	 4.99904e-01	 9.80655e-01	-1.95256e-01
     16120	 4.99900e-01	 9.78648e-01	-2.05054e-01
     16140	 4.99895e-01	 9.76544e-01	-2.14831e-01
     16160	 4.99890e-01	 9.74342e-01	-2.24586e-01
     16180	 4.99886e-01	 9.72042e-01	-2.34319e-01
     16200	 4.99882e-01	 9.69646e-01	-2.44029e-01
     16220	 4.99877e-01	 9.67152e-01	-2.53714e-01
     16240	 4.99873e-01	 9.64562e-01	-2.63374e-01
     16260	 4.99869e-01	 9.61875e-01	-2.73008e-01
     16280	 4.99864e-01	 9.59092e-01	-2.82614e-01
     16300	 4.99860e-01	 9.56213e-01	-2.92192e-01
     16320	 4.99856e-01	 9.53239e-01	-3.01741e-01
     16340	 4.99852e-01	 9.50169e-01	-3.11260e-01
     16360	 4.99848e-01	 9.47004e-01	-3.20747e-01
     16380	 4.99844e-01	 9.43745e-01	-3.30203e-01
     16400	 4.99840e-01	 9.40391e-01	-3.39625e-01
     16420	 4.99836e-01	 9.36943e-01	-3.49014e-01
     16440	 4.99833e-01	 9.33401e-01	-3.58367e-01
     16460	 4.99829e-01	 9.29766e-01	-3.67685e-01
     16480	 4.99825e-01	 9.26038e-01	-3.76966e-01
     16500	 4.99822e-01	 9.22218e-01	-3.86209e-01
     16520	 4.99818e-01	 9.18305e-01	-3.95414e-01
     16540	 4.99815e-01	 9.14301e-01	-4.04579e-01
     16560	 4.99812e-01	 9.10205e-01	-4.13704e-01
     16580	 4.99808e-01	 9.06018e-01	-4.22787e-01
     16600	 4.99805e-01	 9.01740e-01	-4.31828e-01
     16620	 4.99802e-01	 8.97372e-01	-4.40826e-01
     16640	 4.99799e-01	 8.92915e-01	-4.49779e-01
     16660	 4.99796e-01	 8.88368e-01	-4.58688e-01
     16680	 4.99793e-01	 8.83732e-01	-4.67551e-01
     16700	 4.99790e-01	 8.79008e-01	-4.76367e-01
     16720	 4.99788e-01	 8.74196e-01	-4.85136e-01
     16740	 4.99785e-01	 8.69297e-01	-4.93856e-01
     16760	 4.99783e-01	 8.64310e-01	-5.02526e-01
     16780	 4.99780e-01	 8.59238e-01	-5.11147e-01
     16800	 4.99778e-01	 8.54079e-01	-5.19716e-01
     16820	 4.99776e-01	 8.48835e-01	-5.28233e-01
     16840	 4.99774e-01	 8.43506e-01	-5.36698e-01
     16860	 4.99771e-01	 8.38093e-01	-5.45108e-01
     16880	 4.99769e-01	 8.32596e-01	-5.53465e-01
     16900	 4.99768e-01	 8.27015e-01	-5.61766e-01
     16920	 4.99766e-01	 8.21352e-01	-5.70010e-01
     16940	 4.99764e-01	 8.15607e-01	-5.78198e-01
     16960	 4.99762e-01	 8.09780e-01	-5.86328e-01
     16980	 4.99761e-01	 8.03873e-01	-5.94399e-01
     17000	 4.99760e-01	 7.97885e-01	-6.02411e-01
     17020	 4.99758e-01	 7.91817e-01	-6.10363e-01
     17040	 4.99757e-01	 7.85670e-01	-6.18253e-01
     17060	 4.99756e-01	 7.79444e-01	-6.26082e-01
     17080	 4.99755e-01	 7.73140e-01	-6.33848e-01
     17100	 4.99754e-01	 7.66760e-01	-6.41551e-01
     17120	 4.99753e-01	 7.60302e-01	-6.49190e-01
     17140	 4.99752e-01	 7.53768e-01	-6.56763e-01
     17160	 4.99752e-01	 7.47159e-01	-6.64271e-01
     17180	 4.99751e-01	 7.40476e-01	-6.71713e-01
     17200	 4.99751e-01	 7.33718e-01	-6.79087e-01
     17220	 4.99750e-01	 7.26887e-01	-6.86394e-01
     17240	 4.99750e-01	 7.19983e-01	-6.93632e-01
     17260	 4.99750e-01	 7.13007e-01	-7.00800e-01
     17280	 4.99750e-01	 7.05960e-01	-7.07898e-01
     17300	 4.99750e-01	 6.98842e-01	-7.14926e-01
     17320	 4.99750e-01	 6.91655e-01	-7.21882e-01
     17340	 4.99750e-01	 6.84398e-01	-7.28766e-01
     17360	 4.99751e-01	 6.77073e-01	-7.35577e-01
     17380	 4.99751e-01	 6.69680e-01	-7.42315e-01
     17400	 4.99752e-01	 6.62220e-01	-7.48978e-01
     17420	 4.99753e-01	 6.54694e-01	-7.55566e-01
     17440	 4.99753e-01	 6.47103e-01	-7.62079e-01
     17460	 4.99754e-01	 6.39446e-01	-7.68516e-01
     17480	 4.99755e-01	 6.31726e-01	-7.74876e-01
     17500	 4.99756e-01	 6.23943e-01	-7.81158e-01
     17520	 4.99757e-01	 6.16097e-01	-7.87362e-01
     17540	 4.99759e-01	 6.08190e-01	-7.93488e-01
     17560	 4.99760e-01	 6.00221e-01	-7.99534e-01
     17580	 4.99761e-01	 5.92193e-01	-8.05500e-01
     17600	 4.99763e-01	 5.84106e-01	-8.11385e-01
     17620	 4.99765e-01	 5.75960e-01	-8.17190e-01
     17640	 4.99766e-01	 5.67756e-01	-8.22913e-01
     17660	 4.99768e-01	 5.59496e-01	-8.28553e-01
     17680	 4.99770e-01	 5.51180e-01	-8.34111e-01
     17700	 4.99772e-01	 5.42809e-01	-8.39585e-01
     17720	 4.99774e-01	 5.34383e-01	-8.44975e-01
     17740	 4.99776e-01	 5.25904e-01	-8.50281e-01
     17760	 4.99779e-01	 5.17373e-01	-8.55501e-01
     17780	 4.99781e-01	 5.08789e-01	-8.60637e-01
     17800	 4.99783e-01	 5.00155e-01	-8.65686e-01
     17820	 4.99786e-01	 4.91471e-01	-8.70648e-01
     17840	 4.99789e-01	 4.82737e-01	-8.75524e-01
     17860	 4.99791e-01	 4.73956e-01	-8.80311e-01
     17880	 4.99794e-01	 4.65127e-01	-8.85011e-01
     17900	 4.99797e-01	 4.56251e-01	-8.89623e-01
     17920	 4.99800e-01	 4.47330e-01	-8.94145e-01
     17940	 4.99803e-01	 4.38364e-01	-8.98578e-01
     17960	 4.99806e-01	 4.29354e-01	-9.02921e-01
     17980	 4.99809e-01	 4.20302e-01	-9.07174e-01
     18000	 4.99812e-01	 4.11207e-01	-9.11336e-01
     18020	 4.99816e-01	 4.02071e-01	-9.15407e-01
     18040	 4.99819e-01	 3.92895e-01	-9.19387e-01
     18060	 4.99823e-01	 3.83680e-01	-9.23274e-01
     18080	 4.99826e-01	 3.74426e-01	-9.27069e-01
     18100	 4.99830e-01	 3.65135e-01	-9.30772e-01
     18120	 4.99834e-01	 3.55807e-01	-9.34381e-01
     18140	 4.99837e-01	 3.46444e-01	-9.37897e-01
     18160	 4.99841e-01	 3.37046e-01	-9.41319e-01
     18180	 4.99845e-01	 3.27615e-01	-9.44647e-01
     18200	 4.99849e-01	 3.18150e-01	-9.47881e-01
     18220	 4.99853e-01	 3.08654e-01	-9.51020e-01
     18240	 4.99857e-01	 2.99127e-01	-9.54064e-01
     18260	 4.99861e-01	 2.89570e-01	-9.57012e-01
     18280	 4.99865e-01	 2.79984e-01	-9.59864e-01
     18300	 4.99870e-01	 2.70371e-01	-9.62621e-01
     18320	 4.99874e-01	 2.60730e-01	-9.65281e-01
     18340	 4.99878e-01	 2.51063e-01	-9.67845e-01
     18360	 4.99883e-01	 2.41371e-01	-9.70312e-01
     18380	 4.99887e-01	 2.31654e-01	-9.72682e-01
     18400	 4.99892e-01	 2.21915e-01	-9.74955e-01
     18420	 4.99896e-01	 2.12153e-01	-9.77130e-01
     18440	 4.99901e-01	 2.02370e-01	-9.79208e-01
     18460	 4.99905e-01	 1.92567e-01	-9.81187e-01
     18480	 4.99910e-01	 1.82745e-01	-9.83069e-01
     18500	 4.99915e-01	 1.72905e-01	-9.84852e-01
     18520	 4.99919e-01	 1.63047e-01	-9.86537e-01
     18540	 4.99924e-01	 1.53172e-01	-9.88123e-01
     18560	 4.99929e-01	 1.43283e-01	-9.89610e-01
     18580	 4.99934e-01	 1.33379e-01	-9.90998e-01
     18600	 4.99939e-01	 1.23462e-01	-9.92287e-01
     18620	 4.99943e-01	 1.13533e-01	-9.93477e-01
     18640	 4.99948e-01	 1.03592e-01	-9.94568e-01
     18660	 4.99953e-01	 9.36405e-02	-9.95559e-01
     18680	 4.99958e-01	 8.36799e-02	-9.96451e-01
     18700	 4.99963e-01	 7.37109e-02	-9.97243e-01
     18720	 4.99968e-01	 6.37346e-02	-9.97935e-01
     18740	 4.99973e-01	 5.37519e-02	-9.98527e-01
     18760	 4.99978e-01	 4.37639e-02	-9.99020e-01
     18780	 4.99983e-01	 3.37714e-02	-9.99413e-01
     18800	 4.99988e-01	 2.37756e-02	-9.99705e-01
     18820	 4.99993e-01	 1.37774e-02	-9.99898e-01
     18840	 4.99998e-01	 3.77785e-03	-9.99991e-01
     18860	 5.00003e-01	-6.22210e-03	-9.99984e-01
     18880	 5.00008e-01	-1.62214e-02	-9.99876e-01
     18900	 5.00013e-01	-2.62191e-02	-9.99669e-01
     18920	 5.00018e-01	-3.62142e-02	-9.99362e-01
     18940	 5.00023e-01	-4.62057e-02	-9.98955e-01
     18960	 5.00028e-01	-5.61925e-02	-9.98448e-01
     18980	 5.00033e-01	-6.61737e-02	-9.97841e-01
     19000	 5.00038e-01	-7.61484e-02	-9.97134e-01
     19020	 5.00043e-01	-8.61153e-02	-9.96328e-01
     19040	 5.00048e-01	-9.60737e-02	-9.95422e-01
     19060	 5.00053e-01	-1.06022e-01	-9.94417e-01
     19080	 5.00057e-01	-1.15961e-01	-9.93312e-01
     19100	 5.00062e-01	-1.25887e-01	-9.92107e-01
     19120	 5.00067e-01	-1.35801e-01	-9.90804e-01
     19140	 5.00072e-01	-1.45702e-01	-9.89401e-01
     19160	 5.00077e-01	-1.55587e-01	-9.87900e-01
     19180	 5.00081e-01	-1.65458e-01	-9.86299e-01
     19200	 5.00086e-01	-1.75311e-01	-9.84601e-01
     19220	 5.00091e-01	-1.85148e-01	-9.82803e-01
     19240	 5.00095e-01	-1.94965e-01	-9.80907e-01
     19260	 5.00100e-01	-2.04764e-01	-9.78914e-01
     19280	 5.00105e-01	-2.14541e-01	-9.76822e-01
     19300	 5.00109e-01	-2.24298e-01	-9.74633e-01
     19320	 5.00114e-01	-2.34031e-01	-9.72346e-01
     19340	 5.00118e-01	-2.43742e-01	-9.69962e-01
     19360	 5.00122e-01	-2.53428e-01	-9.67481e-01
     19380	 5.00127e-01	-2.63089e-01	-9.64903e-01
     19400	 5.00131e-01	-2.72723e-01	-9.62229e-01
     19420	 5.00135e-01	-2.82330e-01	-9.59458e-01
     19440	 5.00139e-01	-2.91909e-01	-9.56592e-01
     19460	 5.00144e-01	-3.01459e-01	-9.53630e-01
     19480	 5.00148e-01	-3.10978e-01	-9.50572e-01
     19500	 5.00152e-01	-3.20467e-01	-9.47420e-01
     19520	 5.00156e-01	-3.29923e-01	-9.44173e-01
     19540	 5.00159e-01	-3.39347e-01	-9.40831e-01
     19560	 5.00163e-01	-3.48736e-01	-9.37395e-01
     19580	 5.00167e-01	-3.58091e-01	-9.33866e-01
     19600	 5.00171e-01	-3.67409e-01	-9.30243e-01
     19620	 5.00174e-01	-3.76692e-01	-9.26527e-01
     19640	 5.00178e-01	-3.85936e-01	-9.22718e-01
     19660	 5.00181e-01	-3.95142e-01	-9.18818e-01
     19680	 5.00185e-01	-4.04308e-01	-9.14825e-01
     19700	 5.00188e-01	-4.13434e-01	-9.10741e-01
     19720	 5.00191e-01	-4.22518e-01	-9.06565e-01
     19740	 5.00195e-01	-4.31561e-01	-9.02300e-01
     19760	 5.00198e-01	-4.40560e-01	-8.97943e-01
     19780	 5.00201e-01	-4.49515e-01	-8.93497e-01
     19800	 5.00204e-01	-4.58425e-01	-8.88962e-01
     19820	 5.00206e-01	-4.67289e-01	-8.84338e-01
     19840	 5.00209e-01	-4.76107e-01	-8.79625e-01
     19860	 5.00212e-01	-4.84877e-01	-8.74825e-01
     19880	 5.00215e-01	-4.93598e-01	-8.69937e-01
     19900	 5.00217e-01	-5.02270e-01	-8.64962e-01
     19920	 5.00219e-01	-5.10892e-01	-8.59900e-01
     19940	 5.00222e-01	-5.19463e-01	-8.54753e-01
     19960	 5.00224e-01	-5.27982e-01	-8.49520e-01
     19980	 5.00226e-01	-5.36448e-01	-8.44202e-01
     20000	 5.00228e-01	-5.44860e-01	-8.38799e-01
