         0	 5.00000e-01	 4.99998e-03	 9.99988e-01
         0	 1.98010e+04	-9.90000e-01	-1.99000e+02
         1	 1.98020e+04	-1.98498e+00	-1.98998e+02
         2	 1.98030e+04	-2.97990e+00	-1.98990e+02
         3	 1.98040e+04	-3.97475e+00	-1.98978e+02
         4	 1.98050e+04	-4.96950e+00	-1.98960e+02
         5	 1.98059e+04	-5.96413e+00	-1.98938e+02
         6	 1.98069e+04	-6.95861e+00	-1.98911e+02
         7	 1.98079e+04	-7.95292e+00	-1.98878e+02
         8	 1.98089e+04	-8.94702e+00	-1.98841e+02
         9	 1.98099e+04	-9.94090e+00	-1.98799e+02
        10	 1.98109e+04	-1.09345e+01	-1.98752e+02
        11	 1.98119e+04	-1.19279e+01	-1.98699e+02
        12	 1.98128e+04	-1.29210e+01	-1.98642e+02
        13	 1.98138e+04	-1.39137e+01	-1.98580e+02
        14	 1.98148e+04	-1.49061e+01	-1.98513e+02
        15	 1.98158e+04	-1.58981e+01	-1.98441e+02
        16	 1.98168e+04	-1.68897e+01	-1.98364e+02
        17	 1.98177e+04	-1.78809e+01	-1.98282e+02
        18	 1.98187e+04	-1.88717e+01	-1.98195e+02
        19	 1.98197e+04	-1.98620e+01	-1.98103e+02
        20	 1.98207e+04	-2.08517e+01	-1.98006e+02
        21	 1.98216e+04	-2.18410e+01	-1.97905e+02
        22	 1.98226e+04	-2.28297e+01	-1.97798e+02
        23	 1.98236e+04	-2.38179e+01	-1.97686e+02
        24	 1.98245e+04	-2.48054e+01	-1.97570e+02
        25	 1.98255e+04	-2.57923e+01	-1.97448e+02
        26	 1.98264e+04	-2.67786e+01	-1.97321e+02
        27	 1.98274e+04	-2.77642e+01	-1.97190e+02
        28	 1.98283e+04	-2.87492e+01	-1.97054e+02
        29	 1.98293e+04	-2.97334e+01	-1.96912e+02
        30	 1.98302e+04	-3.07168e+01	-1.96766e+02
        31	 1.98312e+04	-3.16995e+01	-1.96615e+02
        32	 1.98321e+04	-3.26814e+01	-1.96459e+02
        33	 1.98331e+04	-3.36625e+01	-1.96298e+02
        34	 1.98340e+04	-3.46427e+01	-1.96132e+02
        35	 1.98349e+04	-3.56221e+01	-1.95961e+02
        36	 1.98358e+04	-3.66006e+01	-1.95786e+02
        37	 1.98368e+04	-3.75782e+01	-1.95605e+02
        38	 1.98377e+04	-3.85548e+01	-1.95420e+02
        39	 1.98386e+04	-3.95305e+01	-1.95229e+02
        40	 1.98395e+04	-4.05051e+01	-1.95034e+02
        41	 1.98404e+04	-4.14788e+01	-1.94834e+02
        42	 1.98413e+04	-4.24514e+01	-1.94629e+02
        43	 1.98422e+04	-4.34230e+01	-1.94419e+02
        44	 1.98431e+04	-4.43935e+01	-1.94205e+02
        45	 1.98440e+04	-4.53629e+01	-1.93985e+02
        46	 1.98449e+04	-4.63311e+01	-1.93761e+02
        47	 1.98458e+04	-4.72982e+01	-1.93532e+02
        48	 1.98467e+04	-4.82641e+01	-1.93297e+02
        49	 1.98475e+04	-4.92288e+01	-1.93059e+02
        50	 1.98484e+04	-5.01922e+01	-1.92815e+02
        51	 1.98493e+04	-5.11544e+01	-1.92566e+02
        52	 1.98501e+04	-5.21153e+01	-1.92313e+02
        53	 1.98510e+04	-5.30750e+01	-1.92055e+02
        54	 1.98518e+04	-5.40333e+01	-1.91792e+02
        55	 1.98527e+04	-5.49902e+01	-1.91524e+02
        56	 1.98535e+04	-5.59458e+01	-1.91251e+02
        57	 1.98544e+04	-5.68999e+01	-1.90974e+02
        58	 1.98552e+04	-5.78527e+01	-1.90692e+02
        59	 1.98560e+04	-5.88040e+01	-1.90405e+02
        60	 1.98568e+04	-5.97538e+01	-1.90113e+02
        61	 1.98576e+04	-6.07022e+01	-1.89817e+02
        62	 1.98584e+04	-6.16490e+01	-1.89516e+02
        63	 1.98592e+04	-6.25943e+01	-1.89210e+02
        64	 1.98600e+04	-6.35380e+01	-1.88899e+02
        65	 1.98608e+04	-6.44801e+01	-1.88584e+02
        66	 1.98616e+04	-6.54206e+01	-1.88264e+02
        67	 1.98624e+04	-6.63595e+01	-1.87939e+02
        68	 1.98631e+04	-6.72967e+01	-1.87610e+02
        69	 1.98639e+04	-6.82323e+01	-1.87276e+02
        70	 1.98647e+04	-6.91661e+01	-1.86937e+02
        71	 1.98654e+04	-7.00982e+01	-1.86593e+02
        72	 1.98662e+04	-7.10285e+01	-1.86245e+02
        73	 1.98669e+04	-7.19571e+01	-1.85892e+02
        74	 1.98676e+04	-7.28839e+01	-1.85535e+02
        75	 1.98684e+04	-7.38088e+01	-1.85173e+02
        76	 1.98691e+04	-7.47319e+01	-1.84806e+02
        77	 1.98698e+04	-7.56532e+01	-1.84435e+02
        78	 1.98705e+04	-7.65725e+01	-1.84059e+02
        79	 1.98712e+04	-7.74900e+01	-1.83678e+02
        80	 1.98719e+04	-7.84055e+01	-1.83293e+02
        81	 1.98726e+04	-7.93190e+01	-1.82903e+02
        82	 1.98732e+04	-8.02306e+01	-1.82509e+02
        83	 1.98739e+04	-8.11401e+01	-1.82110e+02
        84	 1.98746e+04	-8.20476e+01	-1.81707e+02
        85	 1.98752e+04	-8.29531e+01	-1.81299e+02
        86	 1.98759e+04	-8.38565e+01	-1.80886e+02
        87	 1.98765e+04	-8.47578e+01	-1.80469e+02
        88	 1.98771e+04	-8.56570e+01	-1.80048e+02
        89	 1.98778e+04	-8.65540e+01	-1.79622e+02
        90	 1.98784e+04	-8.74489e+01	-1.79191e+02
        91	 1.98790e+04	-8.83416e+01	-1.78756e+02
        92	 1.98796e+04	-8.92320e+01	-1.78317e+02
        93	 1.98802e+04	-9.01203e+01	-1.77873e+02
        94	 1.98808e+04	-9.10063e+01	-1.77424e+02
        95	 1.98813e+04	-9.18900e+01	-1.76972e+02
        96	 1.98819e+04	-9.27714e+01	-1.76514e+02
        97	 1.98825e+04	-9.36505e+01	-1.76053e+02
        98	 1.98830e+04	-9.45273e+01	-1.75587e+02
        99	 1.98836e+04	-9.54017e+01	-1.75116e+02
       100	 1.98841e+04	-9.62737e+01	-1.74641e+02
       101	 1.98846e+04	-9.71433e+01	-1.74162e+02
       102	 1.98851e+04	-9.80105e+01	-1.73679e+02
       103	 1.98857e+04	-9.88752e+01	-1.73191e+02
       104	 1.98862e+04	-9.97375e+01	-1.72698e+02
       105	 1.98867e+04	-1.00597e+02	-1.72202e+02
       106	 1.98871e+04	-1.01454e+02	-1.71701e+02
       107	 1.98876e+04	-1.02309e+02	-1.71196e+02
       108	 1.98881e+04	-1.03161e+02	-1.70687e+02
       109	 1.98885e+04	-1.04011e+02	-1.70173e+02
       110	 1.98890e+04	-1.04858e+02	-1.69655e+02
       111	 1.98894e+04	-1.05702e+02	-1.69133e+02
       112	 1.98899e+04	-1.06544e+02	-1.68606e+02
       113	 1.98903e+04	-1.07383e+02	-1.68076e+02
       114	 1.98907e+04	-1.08219e+02	-1.67541e+02
       115	 1.98911e+04	-1.09053e+02	-1.67002e+02
       116	 1.98915e+04	-1.09884e+02	-1.66459e+02
       117	 1.98919e+04	-1.10712e+02	-1.65911e+02
       118	 1.98923e+04	-1.11538e+02	-1.65360e+02
       119	 1.98926e+04	-1.12360e+02	-1.64804e+02
       120	 1.98930e+04	-1.13180e+02	-1.64245e+02
       121	 1.98933e+04	-1.13997e+02	-1.63681e+02
       122	 1.98937e+04	-1.14811e+02	-1.63113e+02
       123	 1.98940e+04	-1.15622e+02	-1.62541e+02
       124	 1.98943e+04	-1.16431e+02	-1.61965e+02
       125	 1.98947e+04	-1.17236e+02	-1.61385e+02
       126	 1.98950e+04	-1.18039e+02	-1.60800e+02
       127	 1.98952e+04	-1.18838e+02	-1.60212e+02
       128	 1.98955e+04	-1.19635e+02	-1.59620e+02
       129	 1.98958e+04	-1.20429e+02	-1.59024e+02
       130	 1.98961e+04	-1.21219e+02	-1.58424e+02
       131	 1.98963e+04	-1.22007e+02	-1.57820e+02
       132	 1.98966e+04	-1.22791e+02	-1.57211e+02
       133	 1.98968e+04	-1.23573e+02	-1.56599e+02
       134	 1.98970e+04	-1.24351e+02	-1.55984e+02
       135	 1.98973e+04	-1.25126e+02	-1.55364e+02
       136	 1.98975e+04	-1.25899e+02	-1.54740e+02
       137	 1.98977e+04	-1.26668e+02	-1.54112e+02
       138	 1.98979e+04	-1.27433e+02	-1.53481e+02
       139	 1.98980e+04	-1.28196e+02	-1.52846e+02
       140	 1.98982e+04	-1.28955e+02	-1.52207e+02
       141	 1.98984e+04	-1.29712e+02	-1.51564e+02
       142	 1.98985e+04	-1.30465e+02	-1.50917e+02
       143	 1.98986e+04	-1.31214e+02	-1.50267e+02
       144	 1.98988e+04	-1.31961e+02	-1.49613e+02
       145	 1.98989e+04	-1.32704e+02	-1.48955e+02
       146	 1.98990e+04	-1.33444e+02	-1.48293e+02
       147	 1.98991e+04	-1.34180e+02	-1.47628e+02
       148	 1.98992e+04	-1.34913e+02	-1.46959e+02
       149	 1.98993e+04	-1.35643e+02	-1.46286e+02
       150	 1.98993e+04	-1.36369e+02	-1.45609e+02
       151	 1.98994e+04	-1.37092e+02	-1.44929e+02
       152	 1.98995e+04	-1.37812e+02	-1.44246e+02
       153	 1.98995e+04	-1.38528e+02	-1.43558e+02
       154	 1.98995e+04	-1.39240e+02	-1.42868e+02
       155	 1.98996e+04	-1.39950e+02	-1.42173e+02
       156	 1.98996e+04	-1.40655e+02	-1.41475e+02
       157	 1.98996e+04	-1.41357e+02	-1.40774e+02
       158	 1.98996e+04	-1.42056e+02	-1.40069e+02
       159	 1.98995e+04	-1.42751e+02	-1.39360e+02
       160	 1.98995e+04	-1.43442e+02	-1.38648e+02
       161	 1.98995e+04	-1.44130e+02	-1.37933e+02
       162	 1.98994e+04	-1.44815e+02	-1.37214e+02
       163	 1.98994e+04	-1.45495e+02	-1.36491e+02
       164	 1.98993e+04	-1.46172e+02	-1.35766e+02
       165	 1.98992e+04	-1.46846e+02	-1.35036e+02
       166	 1.98991e+04	-1.47515e+02	-1.34304e+02
       167	 1.98990e+04	-1.48181e+02	-1.33568e+02
       168	 1.98989e+04	-1.48844e+02	-1.32829e+02
       169	 1.98988e+04	-1.49502e+02	-1.32086e+02
       170	 1.98987e+04	-1.50157e+02	-1.31340e+02
       171	 1.98985e+04	-1.50808e+02	-1.30591e+02
       172	 1.98984e+04	-1.51455e+02	-1.29839e+02
       173	 1.98982e+04	-1.52099e+02	-1.29083e+02
       174	 1.98981e+04	-1.52739e+02	-1.28324e+02
       175	 1.98979e+04	-1.53374e+02	-1.27562e+02
       176	 1.98977e+04	-1.54007e+02	-1.26797e+02
       177	 1.98975e+04	-1.54635e+02	-1.26028e+02
       178	 1.98973e+04	-1.55259e+02	-1.25257e+02
       179	 1.98971e+04	-1.55880e+02	-1.24482e+02
       180	 1.98969e+04	-1.56496e+02	-1.23704e+02
       181	 1.98966e+04	-1.57109e+02	-1.22923e+02
       182	 1.98964e+04	-1.57718e+02	-1.22139e+02
       183	 1.98961e+04	-1.58322e+02	-1.21352e+02
       184	 1.98959e+04	-1.58923e+02	-1.20562e+02
       185	 1.98956e+04	-1.59520e+02	-1.19769e+02
       186	 1.98953e+04	-1.60113e+02	-1.18973e+02
       187	 1.98950e+04	-1.60702e+02	-1.18174e+02
       188	 1.98947e+04	-1.61287e+02	-1.17372e+02
       189	 1.98944e+04	-1.61867e+02	-1.16567e+02
       190	 1.98941e+04	-1.62444e+02	-1.15759e+02
       191	 1.98938e+04	-1.63017e+02	-1.14948e+02
       192	 1.98934e+04	-1.63586e+02	-1.14134e+02
       193	 1.98931e+04	-1.64150e+02	-1.13318e+02
       194	 1.98927e+04	-1.64711e+02	-1.12499e+02
       195	 1.98924e+04	-1.65267e+02	-1.11676e+02
       196	 1.98920e+04	-1.65819e+02	-1.10851e+02
       197	 1.98916e+04	-1.66367e+02	-1.10024e+02
       198	 1.98912e+04	-1.66911e+02	-1.09193e+02
       199	 1.98908e+04	-1.67451e+02	-1.08360e+02
       200	 1.98904e+04	-1.67986e+02	-1.07524e+02
