 1.00000e-03	      1000	 5.00000e-01	 5.40302e-01	-8.41471e-01
 2.00000e-03	       500	 5.00000e-01	-4.16147e-01	-9.09297e-01
 3.00000e-03	       334	 5.00001e-01	-9.90274e-01	-1.39139e-01
 4.00000e-03	       250	 5.00000e-01	-6.52128e-01	 7.58108e-01
 5.00000e-03	       200	 4.99999e-01	 2.85582e-01	 9.58353e-01
 6.00000e-03	       167	 5.00002e-01	 9.61284e-01	 2.75568e-01
 7.00000e-03	       143	 5.00000e-01	 7.50606e-01	-6.60750e-01
 8.00000e-03	       125	 4.99996e-01	-1.50454e-01	-9.88613e-01
 9.00000e-03	       112	 5.00004e-01	-9.16421e-01	-4.00226e-01
 1.00000e-02	       100	 5.00002e-01	-8.31925e-01	 5.54892e-01
 1.10000e-02	        91	 4.99992e-01	 1.84464e-02	 9.99822e-01
 1.20000e-02	        84	 5.00005e-01	 8.55476e-01	 5.17852e-01
 1.30000e-02	        77	 5.00007e-01	 8.97539e-01	-4.40951e-01
 1.40000e-02	        72	 4.99987e-01	 1.05926e-01	-9.94361e-01
 1.50000e-02	        67	 5.00004e-01	-7.82645e-01	-6.22474e-01
 1.60000e-02	        63	 5.00013e-01	-9.44064e-01	 3.29801e-01
 1.70000e-02	        59	 4.99983e-01	-2.29621e-01	 9.73262e-01
 1.80000e-02	        56	 5.00000e-01	 7.00680e-01	 7.13476e-01
 1.90000e-02	        53	 5.00021e-01	 9.77520e-01	-2.10945e-01
 2.00000e-02	        50	 4.99980e-01	 3.50628e-01	-9.36493e-01
 2.10000e-02	        48	 4.99993e-01	-6.05035e-01	-7.96191e-01
 2.20000e-02	        46	 5.00031e-01	-9.95893e-01	 9.08812e-02
 2.30000e-02	        44	 4.99979e-01	-4.50906e-01	 8.92548e-01
 2.40000e-02	        42	 4.99983e-01	 5.14380e-01	 8.57543e-01
 2.50000e-02	        40	 5.00041e-01	 9.99575e-01	 3.05046e-02
 2.60000e-02	        39	 4.99982e-01	 5.54120e-01	-8.32415e-01
 2.70000e-02	        38	 4.99971e-01	-4.24833e-01	-9.05239e-01
 2.80000e-02	        36	 5.00049e-01	-9.92371e-01	-1.23687e-01
 2.90000e-02	        35	 4.99987e-01	-6.28648e-01	 7.77674e-01
 3.00000e-02	        34	 4.99955e-01	 3.33760e-01	 9.42611e-01
 3.10000e-02	        33	 5.00057e-01	 9.78612e-01	 2.05990e-01
 3.20000e-02	        32	 4.99995e-01	 6.84779e-01	-7.28743e-01
 3.30000e-02	        31	 4.99940e-01	-2.65601e-01	-9.64021e-01
 3.40000e-02	        30	 5.00064e-01	-9.60589e-01	-2.78201e-01
 3.50000e-02	        29	 5.00007e-01	-7.43154e-01	 6.69131e-01
 3.60000e-02	        28	 4.99922e-01	 1.69562e-01	 9.85440e-01
 3.70000e-02	        28	 5.00066e-01	 9.34432e-01	 3.56329e-01
 3.80000e-02	        27	 5.00021e-01	 7.89025e-01	-6.14396e-01
 3.90000e-02	        26	 4.99905e-01	-1.04781e-01	-9.94400e-01
 4.00000e-02	        25	 5.00062e-01	-8.93569e-01	-4.49065e-01
 4.10000e-02	        25	 5.00046e-01	-8.47715e-01	 5.30538e-01
 4.20000e-02	        24	 4.99887e-01	-3.41721e-03	 9.99881e-01
 4.30000e-02	        24	 5.00057e-01	 8.56711e-01	 5.15907e-01
 4.40000e-02	        23	 5.00072e-01	 8.91702e-01	-4.52781e-01
 4.50000e-02	        23	 4.99871e-01	 6.57220e-02	-9.97709e-01
 4.60000e-02	        22	 5.00044e-01	-8.11384e-01	-5.84590e-01
 4.70000e-02	        22	 5.00095e-01	-9.17399e-01	 3.98208e-01
 4.80000e-02	        21	 4.99859e-01	-1.52497e-01	 9.88162e-01
 4.90000e-02	        21	 5.00030e-01	 7.68322e-01	 6.40110e-01
 5.00000e-02	        20	 5.00129e-01	 9.53897e-01	-3.00565e-01
 5.10000e-02	        20	 4.99853e-01	 2.42933e-01	-9.69891e-01
 5.20000e-02	        20	 5.00005e-01	-7.13826e-01	-7.00331e-01
 5.30000e-02	        19	 5.00159e-01	-9.73591e-01	 2.28996e-01
 5.40000e-02	        19	 4.99848e-01	-3.08523e-01	 9.51057e-01
 5.50000e-02	        19	 4.99981e-01	 6.68154e-01	 7.43998e-01
 5.60000e-02	        18	 5.00187e-01	 9.85969e-01	-1.68048e-01
 5.70000e-02	        18	 4.99847e-01	 3.67064e-01	-9.30031e-01
 5.80000e-02	        18	 4.99952e-01	-6.19845e-01	-7.84663e-01
 5.90000e-02	        17	 5.00216e-01	-9.95151e-01	 1.00529e-01
 6.00000e-02	        17	 4.99855e-01	-4.34990e-01	 9.00274e-01
 6.10000e-02	        17	 4.99910e-01	 5.54199e-01	 8.32276e-01
 6.20000e-02	        17	 5.00241e-01	 9.97751e-01	-7.05356e-02
 6.30000e-02	        16	 4.99858e-01	 4.72520e-01	-8.81158e-01
 6.40000e-02	        16	 4.99875e-01	-5.07529e-01	-8.61490e-01
 6.50000e-02	        16	 5.00268e-01	-1.00027e+00	 1.54344e-03
 6.60000e-02	        16	 4.99854e-01	-4.90977e-01	 8.71005e-01
 6.70000e-02	        15	 4.99844e-01	 4.72641e-01	 8.81078e-01
 6.80000e-02	        15	 5.00291e-01	 9.98584e-01	 5.84223e-02
 6.90000e-02	        15	 4.99884e-01	 5.59898e-01	-8.28422e-01
 7.00000e-02	        15	 4.99811e-01	-4.40637e-01	-8.97475e-01
 7.10000e-02	        15	 5.00318e-01	-9.99098e-01	-4.93856e-02
 7.20000e-02	        14	 4.99885e-01	-5.74690e-01	 8.18231e-01
 7.30000e-02	        14	 4.99771e-01	 3.98957e-01	 9.16720e-01
 7.40000e-02	        14	 5.00337e-01	 9.92625e-01	 1.23969e-01
 7.50000e-02	        14	 4.99898e-01	 6.01314e-01	-7.98885e-01
 7.60000e-02	        14	 4.99757e-01	-4.07342e-01	-9.13009e-01
 7.70000e-02	        13	 5.00359e-01	-9.89116e-01	-1.49556e-01
 7.80000e-02	        13	 4.99936e-01	-6.49584e-01	 7.60205e-01
 7.90000e-02	        13	 4.99684e-01	 3.15221e-01	 9.48686e-01
 8.00000e-02	        13	 5.00371e-01	 9.78435e-01	 2.08342e-01
 8.10000e-02	        13	 4.99948e-01	 6.65257e-01	-7.46545e-01
 8.20000e-02	        13	 4.99669e-01	-3.32525e-01	-9.42744e-01
 8.30000e-02	        13	 5.00416e-01	-9.88801e-01	-1.52003e-01
 8.40000e-02	        12	 4.99933e-01	-6.56027e-01	 7.54649e-01
 8.50000e-02	        12	 4.99626e-01	 3.00575e-01	 9.53366e-01
 8.60000e-02	        12	 5.00419e-01	 9.73357e-01	 2.31112e-01
 8.70000e-02	        12	 4.99972e-01	 6.89101e-01	-7.24626e-01
 8.80000e-02	        12	 4.99595e-01	-2.92364e-01	-9.55883e-01
 8.90000e-02	        12	 5.00460e-01	-9.79368e-01	-2.04347e-01
 9.00000e-02	        12	 4.99905e-01	-6.41732e-01	 7.66806e-01
 9.10000e-02	        11	 4.99573e-01	 3.00469e-01	 9.53343e-01
 9.20000e-02	        11	 5.00470e-01	 9.68579e-01	 2.50589e-01
 9.30000e-02	        11	 5.00013e-01	 7.18339e-01	-6.95713e-01
 9.40000e-02	        11	 4.99503e-01	-2.31546e-01	-9.72313e-01
 9.50000e-02	        11	 5.00478e-01	-9.58254e-01	-2.87585e-01
 9.60000e-02	        11	 5.00021e-01	-7.22124e-01	 6.91794e-01
 9.70000e-02	        11	 4.99486e-01	 2.58354e-01	 9.65518e-01
 9.80000e-02	        11	 5.00545e-01	 9.73982e-01	 2.29018e-01
 9.90000e-02	        11	 4.99907e-01	 6.54175e-01	-7.56220e-01
 1.00000e-01	        10	 4.99473e-01	-2.84082e-01	-9.58250e-01
 1.01000e-01	        10	 5.00554e-01	-9.63721e-01	-2.68980e-01
 1.02000e-01	        10	 5.00046e-01	-7.33576e-01	 6.79675e-01
 1.03000e-01	        10	 4.99389e-01	 2.06247e-01	 9.77875e-01
 1.04000e-01	        10	 5.00549e-01	 9.49022e-01	 3.16948e-01
 1.05000e-01	        10	 5.00077e-01	 7.47192e-01	-6.64725e-01
 1.06000e-01	        10	 4.99359e-01	-2.15897e-01	-9.75759e-01
 1.07000e-01	        10	 5.00614e-01	-9.60964e-01	-2.78882e-01
 1.08000e-01	        10	 4.99979e-01	-6.98875e-01	 7.15215e-01
 1.09000e-01	        10	 4.99399e-01	 3.12367e-01	 9.49328e-01
 1.10000e-01	        10	 5.00731e-01	 9.89104e-01	 1.52101e-01
 1.11000e-01	        10	 4.99735e-01	 5.75796e-01	-8.17269e-01
 1.12000e-01	         9	 4.99448e-01	-3.85574e-01	-9.22078e-01
 1.13000e-01	         9	 5.00770e-01	-9.88380e-01	-1.56985e-01
 1.14000e-01	         9	 4.99862e-01	-6.46274e-01	 7.62924e-01
 1.15000e-01	         9	 4.99349e-01	 3.27697e-01	 9.44093e-01
 1.16000e-01	         9	 5.00791e-01	 9.82339e-01	 1.91292e-01
 1.17000e-01	         9	 4.99868e-01	 6.52269e-01	-7.57813e-01
 1.18000e-01	         9	 4.99336e-01	-3.45819e-01	-9.37593e-01
 1.19000e-01	         9	 5.00859e-01	-9.90192e-01	-1.45732e-01
 1.20000e-01	         9	 4.99732e-01	-5.94945e-01	 8.03433e-01
 1.21000e-01	         9	 4.99435e-01	 4.38198e-01	 8.98250e-01
 1.22000e-01	         9	 5.00941e-01	 1.00076e+00	 1.89613e-02
 1.23000e-01	         9	 4.99455e-01	 4.64058e-01	-8.85189e-01
 1.24000e-01	         9	 4.99718e-01	-5.93469e-01	-8.04506e-01
 1.25000e-01	         8	 5.00979e-01	-9.98905e-01	 6.43848e-02
 1.26000e-01	         8	 4.99452e-01	-4.77819e-01	 8.77834e-01
 1.27000e-01	         8	 4.99488e-01	 4.96568e-01	 8.67408e-01
 1.28000e-01	         8	 5.01034e-01	 1.00067e+00	 2.70159e-02
 1.29000e-01	         8	 4.99549e-01	 5.36077e-01	-8.43634e-01
 1.30000e-01	         8	 4.99386e-01	-4.58376e-01	-8.88067e-01
 1.31000e-01	         8	 5.01080e-01	-1.00001e+00	-4.63713e-02
 1.32000e-01	         8	 4.99519e-01	-5.32158e-01	 8.46077e-01
 1.33000e-01	         8	 4.99410e-01	 4.83760e-01	 8.74527e-01
 1.34000e-01	         8	 5.01135e-01	 1.00111e+00	-6.31970e-03
 1.35000e-01	         8	 4.99345e-01	 4.65539e-01	-8.84287e-01
 1.36000e-01	         8	 4.99594e-01	-5.69592e-01	-8.21433e-01
 1.37000e-01	         8	 5.01144e-01	-9.92572e-01	 1.30724e-01
 1.38000e-01	         8	 4.99056e-01	-3.28838e-01	 9.43387e-01
 1.39000e-01	         8	 4.99988e-01	 7.02886e-01	 7.11287e-01
 1.40000e-01	         8	 5.00979e-01	 9.47743e-01	-3.22087e-01
 1.41000e-01	         8	 4.98778e-01	 1.13395e-01	-9.92320e-01
 1.42000e-01	         8	 5.00589e-01	-8.55001e-01	-5.19760e-01
 1.43000e-01	         7	 5.00789e-01	-8.99630e-01	 4.38455e-01
 1.44000e-01	         7	 4.98721e-01	-1.07337e-01	 9.92935e-01
 1.45000e-01	         7	 5.00329e-01	 7.89621e-01	 6.14131e-01
 1.46000e-01	         7	 5.01007e-01	 9.36943e-01	-3.52352e-01
 1.47000e-01	         7	 4.98723e-01	 1.79535e-01	-9.82452e-01
 1.48000e-01	         7	 5.00202e-01	-7.56718e-01	-6.54051e-01
 1.49000e-01	         7	 5.01104e-01	-9.47415e-01	 3.23440e-01
 1.50000e-01	         7	 4.98680e-01	-1.89084e-01	 9.80616e-01
 1.51000e-01	         7	 5.00243e-01	 7.64168e-01	 6.45394e-01
 1.52000e-01	         7	 5.01089e-01	 9.36454e-01	-3.53881e-01
 1.53000e-01	         7	 4.98577e-01	 1.36246e-01	-9.89238e-01
 1.54000e-01	         7	 5.00469e-01	-8.10299e-01	-5.86815e-01
 1.55000e-01	         7	 5.00920e-01	-8.98346e-01	 4.41379e-01
 1.56000e-01	         7	 4.98467e-01	-1.98226e-02	 9.98269e-01
 1.57000e-01	         7	 5.00870e-01	 8.83489e-01	 4.70306e-01
 1.58000e-01	         7	 5.00518e-01	 8.17079e-01	-5.77424e-01
 1.59000e-01	         7	 4.98489e-01	-1.59646e-01	-9.85642e-01
 1.60000e-01	         7	 5.01356e-01	-9.59928e-01	-2.85043e-01
 1.61000e-01	         7	 4.99823e-01	-6.69525e-01	 7.42550e-01
 1.62000e-01	         7	 4.98859e-01	 3.92963e-01	 9.18312e-01
 1.63000e-01	         7	 5.01676e-01	 1.00135e+00	 2.53487e-02
 1.64000e-01	         7	 4.98935e-01	 4.32897e-01	-9.00261e-01
 1.65000e-01	         7	 4.99746e-01	-6.52516e-01	-7.57440e-01
 1.66000e-01	         7	 5.01430e-01	-9.56414e-01	 2.96872e-01
 1.67000e-01	         6	 4.98483e-01	-2.63007e-01	 9.63220e-01
 1.68000e-01	         6	 4.99861e-01	 6.78097e-01	 7.34783e-01
 1.69000e-01	         6	 5.01677e-01	 9.84162e-01	-1.86491e-01
 1.70000e-01	         6	 4.98632e-01	 3.54435e-01	-9.33616e-01
 1.71000e-01	         6	 4.99572e-01	-6.18699e-01	-7.85083e-01
 1.72000e-01	         6	 5.01808e-01	-9.93658e-01	 1.27513e-01
 1.73000e-01	         6	 4.98692e-01	-3.93274e-01	 9.17998e-01
 1.74000e-01	         6	 4.99469e-01	 5.99894e-01	 7.99415e-01
 1.75000e-01	         6	 5.01877e-01	 9.94428e-01	-1.21932e-01
 1.76000e-01	         6	 4.98612e-01	 3.81805e-01	-9.22740e-01
 1.77000e-01	         6	 4.99567e-01	-6.24136e-01	-7.80761e-01
 1.78000e-01	         6	 5.01885e-01	-9.87376e-01	 1.69882e-01
 1.79000e-01	         6	 4.98389e-01	-3.19280e-01	 9.45959e-01
 1.80000e-01	         6	 4.99895e-01	 6.88276e-01	 7.25304e-01
 1.81000e-01	         6	 5.01766e-01	 9.64725e-01	-2.69885e-01
 1.82000e-01	         6	 4.98082e-01	 2.02441e-01	-9.77334e-01
 1.83000e-01	         6	 5.00474e-01	-7.82561e-01	-6.23335e-01
 1.84000e-01	         6	 5.01391e-01	-9.10539e-01	 4.16774e-01
 1.85000e-01	         6	 4.97848e-01	-2.83784e-02	 9.97442e-01
 1.86000e-01	         6	 5.01256e-01	 8.88237e-01	 4.62111e-01
 1.87000e-01	         6	 5.00623e-01	 8.02586e-01	-5.97580e-01
 1.88000e-01	         6	 4.97954e-01	-2.00105e-01	-9.77684e-01
 1.89000e-01	         6	 5.02019e-01	-9.74921e-01	-2.31448e-01
 1.90000e-01	         6	 4.99448e-01	-6.17019e-01	 7.86247e-01
 1.91000e-01	         6	 4.98706e-01	 4.66913e-01	 8.82839e-01
 1.92000e-01	         6	 5.02310e-01	 1.00004e+00	-6.73446e-02
 1.93000e-01	         6	 4.98184e-01	 3.37510e-01	-9.39391e-01
 1.94000e-01	         6	 5.00186e-01	-7.34527e-01	-6.78854e-01
 1.95000e-01	         6	 5.01592e-01	-9.13859e-01	 4.09932e-01
 1.96000e-01	         6	 4.97586e-01	 3.06339e-02	 9.97112e-01
 1.97000e-01	         6	 5.01863e-01	 9.39488e-01	 3.47976e-01
 1.98000e-01	         6	 4.99763e-01	 6.73853e-01	-7.38544e-01
 1.99000e-01	         6	 4.98491e-01	-4.43999e-01	-8.94342e-01
 2.00000e-01	         5	 5.02470e-01	-9.96433e-01	-1.09816e-01
 2.01000e-01	         5	 4.99435e-01	-6.26020e-01	 7.79081e-01
 2.02000e-01	         5	 4.97997e-01	 3.31819e-01	 9.41218e-01
 2.03000e-01	         5	 5.02369e-01	 9.79150e-01	 2.14482e-01
 2.04000e-01	         5	 4.99893e-01	 6.94891e-01	-7.18967e-01
 2.05000e-01	         5	 4.97708e-01	-2.58795e-01	-9.63557e-01
 2.06000e-01	         5	 5.02285e-01	-9.64211e-01	-2.73618e-01
 2.07000e-01	         5	 5.00140e-01	-7.27519e-01	 6.86292e-01
 2.08000e-01	         5	 4.97560e-01	 2.28643e-01	 9.71001e-01
 2.09000e-01	         5	 5.02305e-01	 9.59780e-01	 2.88847e-01
 2.10000e-01	         5	 5.00150e-01	 7.28169e-01	-6.85616e-01
 2.11000e-01	         5	 4.97526e-01	-2.42526e-01	-9.67592e-01
 2.12000e-01	         5	 5.02460e-01	-9.67956e-01	-2.60732e-01
 2.13000e-01	         5	 4.99900e-01	-6.96910e-01	 7.17019e-01
 2.14000e-01	         5	 4.97635e-01	 2.99962e-01	 9.51469e-01
 2.15000e-01	         5	 5.02720e-01	 9.84879e-01	 1.88292e-01
 2.16000e-01	         5	 4.99375e-01	 6.29597e-01	-7.76116e-01
 2.17000e-01	         5	 4.97976e-01	-3.98402e-01	-9.15001e-01
 2.18000e-01	         5	 5.02980e-01	-1.00054e+00	-6.98875e-02
 2.19000e-01	         5	 4.98593e-01	-5.18906e-01	 8.53183e-01
 2.20000e-01	         5	 4.98673e-01	 5.31530e-01	 8.45471e-01
 2.21000e-01	         5	 5.03036e-01	 9.98569e-01	-9.45091e-02
 2.22000e-01	         5	 4.97676e-01	 3.56699e-01	-9.31729e-01
 2.23000e-01	         5	 4.99816e-01	-6.86549e-01	-7.26830e-01
 2.24000e-01	         5	 5.02601e-01	-9.56772e-01	 2.99648e-01
 2.25000e-01	         5	 4.96929e-01	-1.38077e-01	 9.87316e-01
 2.26000e-01	         5	 5.01324e-01	 8.41110e-01	 5.43306e-01
 2.27000e-01	         5	 5.01415e-01	 8.49483e-01	-5.30291e-01
 2.28000e-01	         5	 4.96840e-01	-1.32732e-01	-9.87959e-01
 2.29000e-01	         5	 5.02782e-01	-9.61252e-01	-2.85584e-01
 2.30000e-01	         5	 4.99492e-01	-6.53131e-01	 7.56574e-01
 2.31000e-01	         5	 4.97911e-01	 4.35299e-01	 8.97963e-01
 2.32000e-01	         5	 5.03399e-01	 1.00258e+00	-4.04034e-02
 2.33000e-01	         5	 4.97437e-01	 3.55906e-01	-9.31776e-01
 2.34000e-01	         5	 5.00187e-01	-7.26870e-01	-6.87047e-01
 2.35000e-01	         5	 5.02350e-01	-9.17490e-01	 4.03623e-01
 2.36000e-01	         5	 4.96496e-01	 2.90876e-02	 9.96065e-01
 2.37000e-01	         5	 5.02711e-01	 9.41322e-01	 3.45449e-01
 2.38000e-01	         5	 4.99623e-01	 6.70744e-01	-7.41180e-01
 2.39000e-01	         5	 4.97862e-01	-4.50830e-01	-8.90211e-01
 2.40000e-01	         5	 5.03581e-01	-9.98832e-01	 9.74553e-02
 2.41000e-01	         5	 4.96839e-01	-2.62757e-01	 9.61581e-01
 2.42000e-01	         5	 5.01200e-01	 8.15314e-01	 5.81087e-01
 2.43000e-01	         5	 5.01392e-01	 8.31073e-01	-5.58660e-01
 2.44000e-01	         5	 4.96702e-01	-2.45957e-01	-9.65872e-01
 2.45000e-01	         5	 5.03740e-01	-9.99259e-01	-9.46650e-02
 2.46000e-01	         5	 4.97528e-01	-4.21050e-01	 9.04308e-01
 2.47000e-01	         5	 5.00171e-01	 7.23845e-01	 6.90211e-01
 2.48000e-01	         5	 5.02253e-01	 8.91498e-01	-4.57972e-01
 2.49000e-01	         5	 4.96281e-01	-1.55161e-01	-9.84117e-01
 2.50000e-01	         4	 5.02698e-01	-9.19546e-01	-3.99790e-01
 2.51000e-01	         4	 5.01494e-01	-8.32207e-01	 5.57152e-01
 2.52000e-01	         4	 4.96005e-01	 3.36752e-02	 9.95427e-01
 2.53000e-01	         4	 5.02053e-01	 8.70071e-01	 4.97074e-01
 2.54000e-01	         4	 5.02235e-01	 8.82981e-01	-4.74147e-01
 2.55000e-01	         4	 4.95920e-01	 5.19823e-02	-9.94554e-01
 2.56000e-01	         4	 5.01557e-01	-8.31151e-01	-5.58840e-01
 2.57000e-01	         4	 5.02700e-01	-9.10631e-01	 4.19705e-01
 2.58000e-01	         4	 4.95885e-01	-1.01088e-01	 9.90733e-01
 2.59000e-01	         4	 5.01299e-01	 8.09853e-01	 5.88843e-01
 2.60000e-01	         4	 5.02924e-01	 9.20953e-01	-3.97107e-01
 2.61000e-01	         4	 4.95812e-01	 1.13816e-01	-9.89278e-01
 2.62000e-01	         4	 5.01325e-01	-8.09557e-01	-5.89293e-01
 2.63000e-01	         4	 5.02919e-01	-9.16390e-01	 4.07514e-01
 2.64000e-01	         4	 4.95674e-01	-9.02717e-02	 9.91564e-01
 2.65000e-01	         4	 5.01654e-01	 8.30330e-01	 5.60232e-01
 2.66000e-01	         4	 5.02654e-01	 8.95796e-01	-4.50397e-01
 2.67000e-01	         4	 4.95511e-01	 3.02339e-02	-9.95042e-01
 2.68000e-01	         4	 5.02282e-01	-8.68929e-01	-4.99525e-01
 2.69000e-01	         4	 5.02057e-01	-8.54536e-01	 5.23338e-01
 2.70000e-01	         4	 4.95443e-01	 6.63748e-02	 9.93217e-01
 2.71000e-01	         4	 5.03146e-01	 9.18430e-01	 4.03459e-01
 2.72000e-01	         4	 5.01044e-01	 7.84967e-01	-6.21220e-01
 2.73000e-01	         4	 4.95670e-01	-1.98300e-01	-9.75714e-01
 2.74000e-01	         4	 5.04088e-01	-9.67642e-01	-2.68040e-01
 2.75000e-01	         4	 4.99576e-01	-6.77498e-01	 7.34947e-01
 2.76000e-01	         4	 4.96446e-01	 3.61082e-01	 9.28715e-01
 2.77000e-01	         4	 5.04800e-01	 1.00065e+00	 9.11010e-02
 2.78000e-01	         4	 4.97764e-01	 5.22540e-01	-8.49988e-01
 2.79000e-01	         4	 4.97994e-01	-5.44674e-01	-8.36253e-01
 2.80000e-01	         4	 5.04829e-01	-9.97045e-01	 1.24737e-01
 2.81000e-01	         4	 4.95988e-01	-3.13622e-01	 9.45313e-01
 2.82000e-01	         4	 5.00322e-01	 7.30993e-01	 6.82856e-01
 2.83000e-01	         4	 5.03698e-01	 9.33598e-01	-3.68498e-01
 2.84000e-01	         4	 4.94938e-01	 5.17562e-02	-9.93578e-01
 2.85000e-01	         4	 5.02994e-01	-8.92302e-01	-4.58025e-01
 2.86000e-01	         4	 5.01206e-01	-7.88193e-01	 6.17384e-01
 2.87000e-01	         4	 4.95449e-01	 2.49377e-01	 9.63696e-01
 2.88000e-01	         4	 5.05003e-01	 9.91765e-01	 1.62503e-01
 2.89000e-01	         4	 4.97852e-01	 5.46563e-01	-8.34850e-01
 2.90000e-01	         4	 4.97994e-01	-5.58738e-01	-8.26922e-01
 2.91000e-01	         4	 5.05020e-01	-9.87918e-01	 1.84548e-01
 2.92000e-01	         4	 4.95095e-01	-2.11523e-01	 9.72342e-01
 2.93000e-01	         4	 5.01939e-01	 8.26111e-01	 5.66937e-01
 2.94000e-01	         4	 5.02270e-01	 8.44485e-01	-5.39801e-01
 2.95000e-01	         4	 4.94894e-01	-1.87208e-01	-9.77108e-01
 2.96000e-01	         4	 5.05168e-01	-9.86478e-01	-1.92863e-01
 2.97000e-01	         4	 4.97721e-01	-5.45655e-01	 8.35285e-01
 2.98000e-01	         4	 4.98236e-01	 5.86693e-01	 8.07629e-01
 2.99000e-01	         4	 5.04986e-01	 9.73764e-01	-2.48507e-01
 3.00000e-01	         4	 4.94465e-01	 1.14041e-01	-9.87889e-01
 3.01000e-01	         4	 5.03370e-01	-8.94028e-01	-4.55472e-01
 3.02000e-01	         4	 5.00584e-01	-7.44918e-01	 6.68030e-01
 3.03000e-01	         4	 4.95835e-01	 3.75593e-01	 9.22279e-01
 3.04000e-01	         4	 5.05881e-01	 1.00534e+00	-3.24108e-02
 3.05000e-01	         4	 4.95246e-01	 3.10115e-01	-9.45686e-01
 3.06000e-01	         4	 5.01566e-01	-7.97546e-01	-6.05848e-01
 3.07000e-01	         4	 5.02441e-01	-8.42848e-01	 5.42669e-01
 3.08000e-01	         4	 4.94716e-01	 2.42687e-01	 9.64642e-01
 3.09000e-01	         4	 5.06004e-01	 1.00234e+00	 8.55775e-02
 3.10000e-01	         4	 4.95885e-01	 4.02862e-01	-9.10753e-01
 3.11000e-01	         4	 5.00674e-01	-7.47275e-01	-6.65528e-01
 3.12000e-01	         4	 5.03163e-01	-8.73483e-01	 4.93308e-01
 3.13000e-01	         4	 4.94337e-01	 2.05618e-01	 9.72829e-01
 3.14000e-01	         4	 5.06162e-01	 1.00086e+00	 1.02964e-01
 3.15000e-01	         4	 4.95727e-01	 4.00492e-01	-9.11625e-01
 3.16000e-01	         4	 5.00985e-01	-7.62664e-01	-6.48316e-01
 3.17000e-01	         4	 5.02782e-01	-8.51293e-01	 5.29965e-01
 3.18000e-01	         4	 4.94527e-01	 2.67678e-01	 9.57811e-01
 3.19000e-01	         4	 5.06496e-01	 1.00628e+00	 1.99991e-02
 3.20000e-01	         4	 4.94707e-01	 3.02625e-01	-9.47540e-01
 3.21000e-01	         4	 5.02578e-01	-8.38288e-01	-5.49936e-01
 3.22000e-01	         4	 5.01062e-01	-7.65321e-01	 6.45297e-01
 3.23000e-01	         4	 4.95759e-01	 4.23215e-01	 9.01337e-01
 3.24000e-01	         4	 5.06349e-01	 9.93040e-01	-1.63001e-01
 3.25000e-01	         4	 4.93463e-01	 1.00662e-01	-9.88328e-01
 3.26000e-01	         4	 5.05112e-01	-9.41841e-01	-3.50942e-01
 3.27000e-01	         4	 4.97804e-01	-5.83359e-01	 8.09506e-01
 3.28000e-01	         4	 4.98885e-01	 6.48594e-01	 7.59668e-01
 3.29000e-01	         4	 5.04303e-01	 9.06151e-01	-4.33009e-01
 3.30000e-01	         4	 4.93706e-01	-2.06387e-01	-9.72016e-01
 3.31000e-01	         4	 5.06993e-01	-1.00639e+00	-3.40149e-02
 3.32000e-01	         4	 4.94039e-01	-2.69450e-01	 9.56804e-01
 3.33000e-01	         4	 5.03818e-01	 8.82125e-01	 4.79054e-01
 3.34000e-01	         3	 5.03821e-01	 8.82223e-01	-4.78878e-01
 3.35000e-01	         3	 4.92950e-01	 5.81206e-02	-9.91222e-01
 3.36000e-01	         3	 5.02442e-01	-8.22222e-01	-5.73441e-01
 3.37000e-01	         3	 5.05062e-01	-9.27683e-01	 3.86690e-01
 3.38000e-01	         3	 4.93104e-01	-1.52313e-01	 9.81330e-01
 3.39000e-01	         3	 5.01288e-01	 7.70019e-01	 6.40037e-01
 3.40000e-01	         3	 5.05895e-01	 9.54852e-01	-3.16303e-01
 3.41000e-01	         3	 4.93335e-01	 2.18326e-01	-9.69023e-01
 3.42000e-01	         3	 5.00462e-01	-7.31503e-01	-6.82516e-01
 3.43000e-01	         3	 5.06412e-01	-9.69390e-01	 2.70383e-01
 3.44000e-01	         3	 4.93487e-01	-2.56789e-01	 9.59705e-01
 3.45000e-01	         3	 5.00015e-01	 7.10403e-01	 7.03816e-01
 3.46000e-01	         3	 5.06690e-01	 9.75066e-01	-2.50252e-01
 3.47000e-01	         3	 4.93464e-01	 2.68348e-01	-9.56513e-01
 3.48000e-01	         3	 4.99974e-01	-7.08560e-01	-7.05614e-01
 3.49000e-01	         3	 5.06761e-01	-9.73543e-01	 2.56388e-01
 3.50000e-01	         3	 4.93229e-01	-2.53227e-01	 9.60383e-01
 3.51000e-01	         3	 5.00362e-01	 7.26148e-01	 6.88066e-01
 3.52000e-01	         3	 5.06598e-01	 9.64302e-01	-2.88647e-01
 3.53000e-01	         3	 4.92808e-01	 2.11093e-01	-9.70080e-01
 3.54000e-01	         3	 5.01198e-01	-7.61689e-01	-6.49789e-01
 3.55000e-01	         3	 5.06116e-01	-9.44661e-01	 3.46191e-01
 3.56000e-01	         3	 4.92295e-01	-1.41234e-01	 9.82162e-01
 3.57000e-01	         3	 5.02478e-01	 8.11871e-01	 5.88065e-01
 3.58000e-01	         3	 5.05182e-01	 9.09899e-01	-4.27138e-01
 3.59000e-01	         3	 4.91874e-01	 4.30341e-02	-9.90907e-01
 3.60000e-01	         3	 5.04139e-01	-8.71186e-01	-4.99313e-01
 3.61000e-01	         3	 5.03644e-01	-8.53562e-01	 5.27939e-01
 3.62000e-01	         3	 4.91823e-01	 8.32149e-02	 9.88292e-01
 3.63000e-01	         3	 5.06001e-01	 9.31502e-01	 3.79877e-01
 3.64000e-01	         3	 5.01400e-01	 7.68055e-01	-6.42567e-01
 3.65000e-01	         3	 4.92498e-01	-2.35205e-01	-9.64196e-01
 3.66000e-01	         3	 5.07710e-01	-9.81732e-01	-2.27206e-01
 3.67000e-01	         3	 4.98502e-01	-6.45676e-01	 7.61647e-01
 3.68000e-01	         3	 4.94252e-01	 4.07251e-01	 9.07001e-01
 3.69000e-01	         3	 5.08717e-01	 1.00783e+00	 4.14505e-02
 3.70000e-01	         3	 4.95282e-01	 4.80226e-01	-8.71749e-01
 3.71000e-01	         3	 4.97281e-01	-5.88872e-01	-8.04855e-01
 3.72000e-01	         3	 5.08354e-01	-9.93435e-01	 1.72611e-01
 3.73000e-01	         3	 4.92451e-01	-2.69249e-01	 9.55200e-01
 3.74000e-01	         3	 5.01379e-01	 7.63636e-01	 6.47780e-01
 3.75000e-01	         3	 5.06057e-01	 9.21554e-01	-4.03549e-01
 3.76000e-01	         3	 4.91054e-01	 1.67949e-02	-9.90871e-01
 3.77000e-01	         3	 5.05722e-01	-9.08801e-01	-4.30727e-01
 3.78000e-01	         3	 5.01768e-01	-7.77512e-01	 6.31673e-01
 3.79000e-01	         3	 4.92162e-01	 2.63684e-01	 9.56449e-01
 3.80000e-01	         3	 5.08829e-01	 9.96441e-01	 1.57363e-01
 3.81000e-01	         3	 4.96368e-01	 5.53324e-01	-8.28595e-01
 3.82000e-01	         3	 4.96243e-01	-5.47090e-01	-8.32574e-01
 3.83000e-01	         3	 5.08974e-01	-9.96795e-01	 1.56037e-01
 3.84000e-01	         3	 4.91840e-01	-2.53076e-01	 9.58975e-01
 3.85000e-01	         3	 5.02402e-01	 7.96286e-01	 6.08878e-01
 3.86000e-01	         3	 5.05158e-01	 8.84332e-01	-4.77779e-01
 3.87000e-01	         3	 4.90711e-01	-1.01729e-01	-9.85430e-01
 3.88000e-01	         3	 5.08041e-01	-9.65022e-01	-2.91228e-01
 3.89000e-01	         3	 4.98329e-01	-6.46401e-01	 7.60805e-01
 3.90000e-01	         3	 4.94563e-01	 4.68788e-01	 8.77134e-01
 3.91000e-01	         3	 5.09683e-01	 1.00548e+00	-9.15535e-02
 3.92000e-01	         3	 4.91915e-01	 2.93149e-01	-9.47573e-01
 3.93000e-01	         3	 5.02188e-01	-7.86164e-01	-6.21549e-01
 3.94000e-01	         3	 5.05251e-01	-8.80854e-01	 4.84355e-01
 3.95000e-01	         3	 4.90470e-01	 1.34162e-01	 9.81295e-01
 3.96000e-01	         3	 5.08970e-01	 9.80711e-01	 2.36952e-01
 3.97000e-01	         3	 4.96685e-01	 5.81557e-01	-8.09420e-01
 3.98000e-01	         3	 4.96215e-01	-5.60778e-01	-8.23382e-01
 3.99000e-01	         3	 5.09274e-01	-9.85247e-01	 2.18715e-01
 4.00000e-01	         3	 4.90256e-01	-1.40812e-01	 9.80145e-01
 4.01000e-01	         3	 5.05669e-01	 8.86924e-01	 4.74030e-01
 4.02000e-01	         3	 5.01540e-01	 7.63030e-01	-6.48741e-01
 4.03000e-01	         3	 4.92311e-01	-3.57261e-01	-9.25736e-01
 4.04000e-01	         3	 5.10537e-01	-1.01042e+00	 1.08553e-02
 4.05000e-01	         3	 4.91885e-01	-3.33519e-01	 9.34096e-01
 4.06000e-01	         3	 5.02303e-01	 7.85415e-01	 6.22679e-01
 4.07000e-01	         3	 5.04921e-01	 8.62144e-01	-5.16285e-01
 4.08000e-01	         3	 4.90385e-01	-2.11507e-01	-9.67489e-01
 4.09000e-01	         3	 5.10484e-01	-1.00296e+00	-1.22631e-01
 4.10000e-01	         3	 4.93515e-01	-4.45362e-01	 8.88078e-01
 4.11000e-01	         3	 5.00119e-01	 7.14917e-01	 6.99379e-01
 4.12000e-01	         3	 5.06689e-01	 9.05969e-01	-4.38860e-01
 4.13000e-01	         3	 4.89595e-01	-1.37949e-01	-9.79877e-01
 4.14000e-01	         3	 5.10363e-01	-9.94166e-01	-1.79884e-01
 4.15000e-01	         3	 4.94135e-01	-4.84343e-01	 8.68148e-01
 4.16000e-01	         3	 4.99505e-01	 6.94848e-01	 7.18468e-01
 4.17000e-01	         3	 5.07081e-01	 9.11807e-01	-4.27518e-01
 4.18000e-01	         3	 4.89356e-01	-1.40701e-01	-9.79242e-01
 4.19000e-01	         3	 5.10761e-01	-9.97594e-01	-1.62260e-01
 4.20000e-01	         3	 4.93373e-01	-4.54574e-01	 8.83238e-01
 4.21000e-01	         3	 5.00602e-01	 7.29999e-01	 6.84328e-01
 4.22000e-01	         3	 5.06064e-01	 8.82190e-01	-4.83598e-01
 4.23000e-01	         3	 4.89737e-01	-2.19754e-01	-9.64978e-01
 4.24000e-01	         3	 5.11534e-01	-1.00910e+00	-6.92291e-02
 4.25000e-01	         3	 4.91352e-01	-3.52653e-01	 9.26466e-01
 4.26000e-01	         3	 5.03490e-01	 8.12076e-01	 5.89503e-01
 4.27000e-01	         3	 5.03202e-01	 8.04251e-01	-5.99653e-01
 4.28000e-01	         3	 4.91538e-01	-3.70733e-01	-9.19583e-01
 4.29000e-01	         3	 5.11689e-01	-1.00666e+00	 1.00049e-01
 4.30000e-01	         3	 4.88939e-01	-1.70418e-01	 9.74082e-01
 4.31000e-01	         3	 5.07788e-01	 9.16966e-01	 4.18032e-01
 4.32000e-01	         3	 4.98120e-01	 6.52970e-01	-7.54898e-01
 4.33000e-01	         3	 4.95963e-01	-5.78197e-01	-8.10934e-01
 4.34000e-01	         3	 5.09380e-01	-9.50882e-01	 3.38501e-01
 4.35000e-01	         3	 4.88209e-01	 9.54496e-02	 9.83517e-01
 4.36000e-01	         3	 5.11740e-01	 9.99692e-01	 1.55223e-01
 4.37000e-01	         3	 4.91715e-01	 4.00644e-01	-9.07146e-01
 4.38000e-01	         3	 5.03372e-01	-8.04121e-01	-6.00110e-01
 4.39000e-01	         3	 5.02849e-01	-7.90514e-01	 6.17078e-01
 4.40000e-01	         3	 4.92131e-01	 4.26621e-01	 8.95687e-01
 4.41000e-01	         3	 5.11665e-01	 9.92752e-01	-1.94353e-01
 4.42000e-01	         3	 4.87629e-01	 3.60952e-02	-9.86892e-01
 4.43000e-01	         3	 5.11011e-01	-9.76969e-01	-2.59911e-01
 4.44000e-01	         3	 4.93172e-01	-4.80136e-01	 8.69375e-01
 4.45000e-01	         3	 5.01855e-01	 7.62445e-01	 6.49914e-01
 4.46000e-01	         3	 5.04034e-01	 8.17889e-01	-5.82345e-01
 4.47000e-01	         3	 4.91445e-01	-4.06080e-01	-9.04427e-01
 4.48000e-01	         3	 5.12063e-01	-9.93337e-01	 1.93406e-01
 4.49000e-01	         3	 4.87203e-01	-1.52042e-02	 9.87003e-01
 4.50000e-01	         3	 5.11893e-01	 9.87748e-01	 2.19410e-01
 4.51000e-01	         3	 4.91627e-01	 4.22543e-01	-8.97057e-01
 4.52000e-01	         3	 5.04105e-01	-8.16797e-01	-5.83997e-01
 4.53000e-01	         3	 5.01414e-01	-7.49832e-01	 6.63762e-01
 4.54000e-01	         3	 4.93942e-01	 5.21765e-01	 8.45958e-01
 4.55000e-01	         3	 5.10397e-01	 9.52940e-01	-3.35706e-01
 4.56000e-01	         3	 4.87442e-01	-1.57953e-01	-9.74646e-01
 4.57000e-01	         3	 5.13581e-01	-1.01303e+00	-3.06733e-02
 4.58000e-01	         3	 4.87906e-01	-2.16815e-01	 9.63744e-01
 4.59000e-01	         3	 5.09681e-01	 9.34807e-01	 3.81443e-01
 4.60000e-01	         3	 4.94614e-01	 5.51557e-01	-8.27655e-01
 4.61000e-01	         3	 5.01133e-01	-7.41366e-01	-6.72788e-01
 4.62000e-01	         3	 5.03900e-01	-8.08274e-01	 5.95392e-01
 4.63000e-01	         3	 4.92244e-01	 4.67277e-01	 8.75295e-01
 4.64000e-01	         3	 5.11413e-01	 9.64688e-01	-3.03650e-01
 4.65000e-01	         3	 4.86881e-01	-1.51606e-01	-9.75079e-01
 4.66000e-01	         3	 5.14169e-01	-1.01402e+00	-9.62709e-03
 4.67000e-01	         3	 4.86908e-01	-1.68070e-01	 9.72403e-01
 4.68000e-01	         3	 5.11506e-01	 9.62663e-01	 3.10308e-01
 4.69000e-01	         3	 4.91844e-01	 4.59999e-01	-8.78685e-01
 4.70000e-01	         3	 5.04867e-01	-8.26590e-01	-5.71387e-01
 4.71000e-01	         3	 4.99537e-01	-7.00748e-01	 7.12760e-01
 4.72000e-01	         3	 4.96827e-01	 6.27473e-01	 7.74552e-01
 4.73000e-01	         3	 5.07278e-01	 8.76019e-01	-4.97137e-01
 4.74000e-01	         3	 4.89976e-01	-3.89029e-01	-9.10279e-01
 4.75000e-01	         3	 5.12802e-01	-9.80155e-01	 2.54756e-01
 4.76000e-01	         3	 4.86102e-01	 1.34065e-01	 9.76847e-01
 4.77000e-01	         3	 5.14877e-01	 1.01475e+00	-6.53477e-03
 4.78000e-01	         3	 4.85863e-01	 1.17600e-01	-9.78722e-01
 4.79000e-01	         3	 5.13395e-01	-9.86806e-01	-2.30225e-01
 4.80000e-01	         3	 4.88885e-01	-3.50349e-01	 9.24676e-01
 4.81000e-01	         3	 5.09117e-01	 9.06823e-01	 4.42612e-01
 4.82000e-01	         3	 4.94123e-01	 5.53205e-01	-8.25961e-01
 4.83000e-01	         3	 5.03260e-01	-7.86996e-01	-6.22221e-01
 4.84000e-01	         3	 5.00291e-01	-7.19687e-01	 6.94718e-01
 4.85000e-01	         3	 4.97096e-01	 6.39764e-01	 7.64784e-01
 4.86000e-01	         3	 5.06206e-01	 8.47258e-01	-5.42738e-01
 4.87000e-01	         3	 4.91662e-01	-4.76726e-01	-8.69515e-01
 4.88000e-01	         3	 5.11008e-01	-9.36568e-01	 3.80601e-01
 4.89000e-01	         3	 4.87624e-01	 3.07936e-01	 9.38309e-01
 4.90000e-01	         3	 5.14229e-01	 9.90605e-01	-2.17162e-01
 4.91000e-01	         3	 4.85261e-01	-1.41539e-01	-9.74930e-01
 4.92000e-01	         3	 5.15760e-01	-1.01390e+00	 5.93423e-02
 4.93000e-01	         3	 4.84537e-01	-1.63271e-02	 9.84280e-01
 4.94000e-01	         3	 5.15759e-01	 1.01183e+00	 8.78596e-02
 4.95000e-01	         3	 4.85200e-01	 1.61431e-01	-9.71772e-01
 4.96000e-01	         3	 5.14540e-01	-9.90026e-01	-2.21198e-01
 4.97000e-01	         3	 4.86896e-01	-2.91220e-01	 9.42859e-01
 4.98000e-01	         3	 5.12480e-01	 9.53988e-01	 3.38919e-01
 4.99000e-01	         3	 4.89246e-01	 4.04525e-01	-9.02692e-01
 5.00000e-01	         2	 4.94463e-01	-5.74951e-01	-8.11392e-01
 5.01000e-01	         2	 5.16441e-01	-1.01542e+00	 4.25555e-02
 5.02000e-01	         2	 4.91791e-01	-4.98539e-01	 8.57345e-01
 5.03000e-01	         2	 4.91560e-01	 4.91155e-01	 8.61329e-01
 5.04000e-01	         2	 5.16640e-01	 1.01543e+00	 4.67767e-02
 5.05000e-01	         2	 4.94191e-01	 5.71749e-01	-8.13318e-01
 5.06000e-01	         2	 4.89375e-01	-4.19996e-01	-8.95741e-01
 5.07000e-01	         2	 5.16451e-01	-1.00950e+00	-1.17545e-01
 5.08000e-01	         2	 4.96223e-01	-6.26098e-01	 7.74884e-01
 5.09000e-01	         2	 4.87818e-01	 3.63956e-01	 9.18244e-01
 5.10000e-01	         2	 5.16137e-01	 1.00174e+00	 1.69678e-01
 5.11000e-01	         2	 4.97752e-01	 6.63511e-01	-7.45156e-01
 5.12000e-01	         2	 4.86779e-01	-3.24589e-01	-9.31772e-01
 5.13000e-01	         2	 5.15893e-01	-9.95189e-01	-2.03432e-01
 5.14000e-01	         2	 4.98708e-01	-6.85574e-01	 7.26226e-01
 5.15000e-01	         2	 4.86165e-01	 3.02792e-01	 9.38428e-01
 5.16000e-01	         2	 5.15853e-01	 9.91813e-01	 2.19117e-01
 5.17000e-01	         2	 4.99047e-01	 6.93328e-01	-7.19299e-01
 5.18000e-01	         2	 4.85923e-01	-2.99003e-01	-9.39385e-01
 5.19000e-01	         2	 5.16081e-01	-9.92527e-01	-2.16917e-01
 5.20000e-01	         2	 4.98744e-01	-6.87146e-01	 7.24788e-01
 5.21000e-01	         2	 4.86054e-01	 3.13308e-01	 9.34851e-01
 5.22000e-01	         2	 5.16581e-01	 9.97210e-01	 1.96809e-01
 5.23000e-01	         2	 4.97778e-01	 6.66691e-01	-7.42347e-01
 5.24000e-01	         2	 4.86619e-01	-3.45464e-01	-9.24063e-01
 5.25000e-01	         2	 5.17285e-01	-1.00470e+00	-1.58576e-01
 5.26000e-01	         2	 4.96142e-01	-6.30946e-01	 7.70838e-01
 5.27000e-01	         2	 4.87734e-01	 3.94826e-01	 9.05307e-01
 5.28000e-01	         2	 5.18045e-01	 1.01277e+00	 1.01907e-01
 5.29000e-01	         2	 4.93865e-01	 5.78329e-01	-8.08249e-01
 5.30000e-01	         2	 4.89557e-01	-4.60174e-01	-8.75987e-01
 5.31000e-01	         2	 5.18627e-01	-1.01811e+00	-2.66050e-02
 5.32000e-01	         2	 4.91046e-01	-5.06889e-01	 8.51560e-01
 5.33000e-01	         2	 4.92257e-01	 5.39480e-01	 8.32751e-01
 5.34000e-01	         2	 5.18700e-01	 1.01631e+00	-6.71182e-02
 5.35000e-01	         2	 4.87895e-01	 4.14617e-01	-8.96595e-01
 5.36000e-01	         2	 4.95957e-01	-6.29590e-01	-7.71705e-01
 5.37000e-01	         2	 5.17857e-01	-1.00197e+00	 1.78247e-01
 5.38000e-01	         2	 4.84787e-01	-2.99876e-01	 9.37896e-01
 5.39000e-01	         2	 5.00657e-01	 7.25895e-01	 6.88759e-01
 5.40000e-01	         2	 5.15663e-01	 9.68820e-01	-3.04488e-01
 5.41000e-01	         2	 4.82283e-01	 1.61961e-01	-9.68677e-01
 5.42000e-01	         2	 5.06133e-01	-8.22020e-01	-5.80128e-01
 5.43000e-01	         2	 5.11759e-01	-9.10147e-01	 4.41758e-01
 5.44000e-01	         2	 4.81116e-01	-1.79614e-03	 9.80932e-01
 5.45000e-01	         2	 5.11836e-01	 9.09616e-01	 4.43024e-01
 5.46000e-01	         2	 5.06021e-01	 8.19364e-01	-5.83681e-01
 5.47000e-01	         2	 4.82087e-01	-1.77298e-01	-9.65784e-01
 5.48000e-01	         2	 5.16839e-01	-9.78370e-01	-2.76531e-01
 5.49000e-01	         2	 4.98761e-01	-6.90919e-01	 7.21215e-01
 5.50000e-01	         2	 4.85854e-01	 3.68820e-01	 9.14155e-01
 5.51000e-01	         2	 5.19892e-01	 1.01634e+00	 8.26329e-02
 5.52000e-01	         2	 4.90907e-01	 5.21485e-01	-8.42536e-01
 5.53000e-01	         2	 4.92604e-01	-5.62442e-01	-8.17843e-01
 5.54000e-01	         2	 5.19665e-01	-1.01080e+00	 1.32730e-01
 5.55000e-01	         2	 4.84060e-01	-3.11408e-01	 9.33351e-01
 5.56000e-01	         2	 5.01685e-01	 7.43709e-01	 6.71020e-01
 5.57000e-01	         2	 5.15205e-01	 9.49590e-01	-3.58733e-01
 5.58000e-01	         2	 4.80281e-01	 6.62640e-02	-9.77840e-01
 5.59000e-01	         2	 5.11351e-01	-8.94332e-01	-4.72093e-01
 5.60000e-01	         2	 5.06563e-01	-8.23220e-01	 5.79167e-01
 5.61000e-01	         2	 4.81504e-01	 2.01748e-01	 9.60367e-01
 5.62000e-01	         2	 5.18854e-01	 9.93352e-01	 2.25741e-01
 5.63000e-01	         2	 4.95355e-01	 6.27429e-01	-7.72686e-01
 5.64000e-01	         2	 4.88597e-01	-4.72958e-01	-8.68046e-01
 5.65000e-01	         2	 5.21139e-01	-1.01943e+00	 5.52235e-02
 5.66000e-01	         2	 4.84890e-01	-3.66079e-01	 9.14203e-01
 5.67000e-01	         2	 5.00363e-01	 7.20445e-01	 6.94035e-01
 5.68000e-01	         2	 5.16159e-01	 9.54315e-01	-3.48711e-01
 5.69000e-01	         2	 4.79419e-01	 5.37976e-02	-9.77724e-01
 5.70000e-01	         2	 5.13070e-01	-9.11858e-01	-4.41197e-01
 5.71000e-01	         2	 5.04453e-01	-7.87428e-01	 6.23588e-01
 5.72000e-01	         2	 4.82355e-01	 2.82374e-01	 9.40731e-01
 5.73000e-01	         2	 5.21220e-01	 1.01327e+00	 1.25423e-01
 5.74000e-01	         2	 4.90108e-01	 5.20835e-01	-8.41989e-01
 5.75000e-01	         2	 4.93940e-01	-6.03318e-01	-7.89865e-01
 5.76000e-01	         2	 5.19917e-01	-9.95170e-01	 2.22420e-01
 5.77000e-01	         2	 4.79958e-01	-1.73735e-01	 9.64226e-01
 5.78000e-01	         2	 5.09663e-01	 8.61106e-01	 5.27088e-01
 5.79000e-01	         2	 5.08172e-01	 8.40196e-01	-5.57149e-01
 5.80000e-01	         2	 4.80434e-01	-2.15134e-01	-9.56340e-01
 5.81000e-01	         2	 5.21172e-01	-1.00586e+00	-1.74923e-01
 5.82000e-01	         2	 4.91201e-01	-5.51270e-01	 8.23713e-01
 5.83000e-01	         2	 4.93022e-01	 5.88855e-01	 7.99558e-01
 5.84000e-01	         2	 5.20537e-01	 9.96068e-01	-2.21182e-01
 5.85000e-01	         2	 4.79164e-01	 1.58136e-01	-9.66085e-01
 5.86000e-01	         2	 5.11255e-01	-8.78993e-01	-4.99881e-01
 5.87000e-01	         2	 5.06319e-01	-8.11180e-01	 5.95504e-01
 5.88000e-01	         2	 4.81281e-01	 2.80506e-01	 9.40148e-01
 5.89000e-01	         2	 5.22822e-01	 1.01815e+00	 9.49787e-02
 5.90000e-01	         2	 4.87067e-01	 4.63568e-01	-8.71343e-01
 5.91000e-01	         2	 4.97995e-01	-6.82047e-01	-7.28561e-01
 5.92000e-01	         2	 5.17765e-01	-9.57326e-01	 3.45045e-01
 5.93000e-01	         2	 4.77482e-01	-5.95841e-03	 9.77204e-01
 5.94000e-01	         2	 5.17619e-01	 9.53987e-01	 3.53762e-01
 5.95000e-01	         2	 4.98095e-01	 6.84758e-01	-7.26151e-01
 5.96000e-01	         2	 4.87098e-01	-4.70355e-01	-8.67734e-01
 5.97000e-01	         2	 5.23266e-01	-1.01639e+00	 1.16090e-01
 5.98000e-01	         2	 4.79672e-01	-2.40431e-01	 9.49493e-01
 5.99000e-01	         2	 5.09487e-01	 8.50052e-01	 5.44413e-01
 6.00000e-01	         2	 5.07882e-01	 8.28801e-01	-5.73457e-01
 6.01000e-01	         2	 4.80424e-01	-2.80669e-01	-9.39187e-01
 6.02000e-01	         2	 5.24130e-01	-1.02155e+00	-6.85073e-02
 6.03000e-01	         2	 4.84481e-01	-4.13790e-01	 8.93162e-01
 6.04000e-01	         2	 5.01828e-01	 7.42721e-01	 6.72325e-01
 6.05000e-01	         2	 5.14761e-01	 9.13396e-01	-4.41848e-01
 6.06000e-01	         2	 4.77276e-01	-1.33066e-01	-9.67908e-01
 6.07000e-01	         2	 5.22757e-01	-1.00261e+00	-2.00714e-01
 6.08000e-01	         2	 4.89229e-01	-5.28814e-01	 8.35952e-01
 6.09000e-01	         2	 4.96243e-01	 6.56446e-01	 7.49376e-01
 6.10000e-01	         2	 5.18843e-01	 9.57509e-01	-3.47655e-01
 6.11000e-01	         2	 4.76121e-01	-3.62184e-02	-9.75156e-01
 6.12000e-01	         2	 5.21179e-01	-9.81693e-01	-2.80422e-01
 6.13000e-01	         2	 4.92397e-01	-5.92425e-01	 7.96132e-01
 6.14000e-01	         2	 4.93137e-01	 6.05525e-01	 7.87155e-01
 6.15000e-01	         2	 5.20827e-01	 9.75889e-01	-2.98824e-01
 6.16000e-01	         2	 4.75657e-01	 7.23021e-03	-9.75327e-01
 6.17000e-01	         2	 5.20633e-01	-9.72215e-01	-3.09945e-01
 6.18000e-01	         2	 4.93299e-01	-6.10433e-01	 7.83562e-01
 6.19000e-01	         2	 4.92508e-01	 5.96752e-01	 7.93033e-01
 6.20000e-01	         2	 5.21207e-01	 9.76417e-01	-2.98367e-01
 6.21000e-01	         2	 4.75249e-01	-3.18741e-03	-9.74930e-01
 6.22000e-01	         2	 5.21615e-01	-9.79163e-01	-2.90635e-01
 6.23000e-01	         2	 4.91685e-01	-5.84687e-01	 8.00944e-01
 6.24000e-01	         2	 4.94443e-01	 6.31288e-01	 7.68350e-01
 6.25000e-01	         2	 5.19900e-01	 9.59109e-01	-3.46280e-01
 6.26000e-01	         2	 4.75063e-01	-6.75457e-02	-9.72401e-01
 6.27000e-01	         2	 5.23917e-01	-9.99359e-01	-2.21621e-01
 6.28000e-01	         2	 4.87620e-01	-5.12283e-01	 8.44279e-01
 6.29000e-01	         2	 4.99220e-01	 7.04980e-01	 7.08127e-01
 6.30000e-01	         2	 5.16197e-01	 9.16069e-01	-4.39557e-01
 6.31000e-01	         2	 4.76136e-01	-1.85091e-01	-9.58130e-01
 6.32000e-01	         2	 5.26493e-01	-1.02121e+00	-1.00624e-01
 6.33000e-01	         2	 4.81749e-01	-3.86681e-01	 9.02207e-01
 6.34000e-01	         2	 5.06960e-01	 8.07018e-01	 6.02197e-01
 6.35000e-01	         2	 5.09058e-01	 8.32404e-01	-5.70280e-01
 6.36000e-01	         2	 4.80274e-01	-3.51592e-01	-9.14839e-01
 6.37000e-01	         2	 5.27214e-01	-1.02425e+00	 7.31050e-02
 6.38000e-01	         2	 4.75892e-01	-2.00974e-01	 9.54669e-01
 6.39000e-01	         2	 5.16784e-01	 9.17373e-01	 4.38172e-01
 6.40000e-01	         2	 4.97988e-01	 6.88812e-01	-7.22160e-01
 6.41000e-01	         2	 4.89422e-01	-5.54694e-01	-8.19243e-01
 6.42000e-01	         2	 5.23019e-01	-9.79688e-01	 2.93681e-01
 6.43000e-01	         2	 4.73527e-01	 4.62793e-02	 9.72066e-01
 6.44000e-01	         2	 5.25701e-01	 1.00426e+00	 2.07017e-01
 6.45000e-01	         2	 4.84598e-01	 4.67075e-01	-8.66624e-01
 6.46000e-01	         2	 5.03997e-01	-7.68138e-01	-6.46497e-01
 6.47000e-01	         2	 5.11268e-01	-8.53810e-01	 5.41797e-01
 6.48000e-01	         2	 4.79169e-01	 3.42702e-01	 9.17002e-01
 6.49000e-01	         2	 5.28194e-01	 1.02401e+00	-8.83100e-02
 6.50000e-01	         2	 4.74160e-01	 1.59566e-01	-9.60655e-01
 6.51000e-01	         2	 5.20328e-01	-9.47087e-01	-3.79056e-01
 6.52000e-01	         2	 4.92872e-01	-6.16669e-01	 7.78116e-01
 6.53000e-01	         2	 4.95312e-01	 6.52731e-01	 7.51376e-01
 6.54000e-01	         2	 5.18446e-01	 9.26690e-01	-4.22063e-01
 6.55000e-01	         2	 4.74929e-01	-2.17470e-01	-9.50034e-01
 6.56000e-01	         2	 5.29308e-01	-1.02869e+00	-2.04964e-02
 6.57000e-01	         2	 4.75791e-01	-2.57576e-01	 9.40870e-01
 6.58000e-01	         2	 5.17162e-01	 9.11465e-01	 4.51173e-01
 6.59000e-01	         2	 4.96525e-01	 6.71276e-01	-7.36505e-01
 6.60000e-01	         2	 4.92270e-01	-6.10297e-01	-7.82354e-01
 6.61000e-01	         2	 5.20553e-01	-9.43571e-01	 3.88305e-01
 6.62000e-01	         2	 4.73849e-01	 1.94309e-01	 9.53909e-01
 6.63000e-01	         2	 5.29969e-01	 1.02914e+00	 2.85147e-02
 6.64000e-01	         2	 4.75076e-01	 2.51199e-01	-9.41834e-01
 6.65000e-01	         2	 5.18587e-01	-9.22077e-01	-4.32376e-01
 6.66000e-01	         2	 4.94370e-01	-6.42994e-01	 7.58484e-01
 6.67000e-01	         2	 4.95036e-01	 6.52240e-01	 7.51435e-01
 6.68000e-01	         2	 5.18007e-01	 9.15017e-01	-4.45824e-01
 6.69000e-01	         2	 4.75411e-01	-2.75416e-01	-9.35397e-01
 6.70000e-01	         2	 5.30453e-01	-1.02800e+00	 6.42569e-02
 6.71000e-01	         2	 4.72075e-01	-1.39680e-01	 9.61582e-01
 6.72000e-01	         2	 5.24392e-01	 9.72792e-01	 3.20092e-01
 6.73000e-01	         2	 4.86398e-01	 5.24636e-01	-8.35197e-01
 6.74000e-01	         2	 5.04262e-01	-7.68012e-01	-6.47056e-01
 6.75000e-01	         2	 5.09189e-01	-8.22404e-01	 5.84833e-01
 6.76000e-01	         2	 4.82297e-01	 4.53393e-01	 8.71223e-01
 6.77000e-01	         2	 5.27207e-01	 9.94713e-01	-2.54874e-01
 6.78000e-01	         2	 4.70728e-01	-8.08718e-02	-9.66911e-01
 6.79000e-01	         2	 5.30931e-01	-1.02527e+00	-1.03336e-01
 6.80000e-01	         2	 4.75194e-01	-2.94754e-01	 9.29252e-01
 6.81000e-01	         2	 5.19128e-01	 9.19104e-01	 4.39892e-01
 6.82000e-01	         2	 4.92653e-01	 6.24002e-01	-7.71963e-01
 6.83000e-01	         2	 4.98425e-01	-6.98828e-01	-7.13084e-01
 6.84000e-01	         2	 5.13998e-01	-8.68711e-01	 5.22816e-01
 6.85000e-01	         2	 4.79078e-01	 3.99113e-01	 8.93792e-01
 6.86000e-01	         2	 5.29170e-01	 1.00541e+00	-2.17942e-01
 6.87000e-01	         2	 4.69750e-01	-6.04414e-02	-9.67392e-01
 6.88000e-01	         2	 5.31828e-01	-1.02608e+00	-1.03976e-01
 6.89000e-01	         2	 4.73898e-01	-2.76766e-01	 9.33379e-01
 6.90000e-01	         2	 5.21572e-01	 9.36843e-01	 4.06779e-01
 6.91000e-01	         2	 4.89055e-01	 5.76945e-01	-8.03271e-01
 6.92000e-01	         2	 5.03251e-01	-7.55006e-01	-6.60658e-01
 6.93000e-01	         2	 5.08680e-01	-8.12688e-01	 5.97410e-01
 6.94000e-01	         2	 4.84295e-01	 5.05408e-01	 8.44484e-01
 6.95000e-01	         2	 5.25268e-01	 9.66456e-01	-3.41320e-01
 6.96000e-01	         2	 4.71549e-01	-2.16524e-01	-9.46687e-01
 6.97000e-01	         2	 5.33229e-01	-1.03082e+00	 6.21811e-02
 6.98000e-01	         2	 4.68937e-01	-8.30636e-02	 9.64870e-01
 6.99000e-01	         2	 5.30516e-01	 1.00755e+00	 2.14204e-01
 7.00000e-01	         2	 4.76611e-01	 3.67521e-01	-9.04517e-01
 7.01000e-01	         2	 5.18719e-01	-9.05858e-01	-4.65681e-01
 7.02000e-01	         2	 4.91526e-01	-6.15748e-01	 7.77114e-01
 7.03000e-01	         2	 5.01960e-01	 7.40303e-01	 6.75183e-01
 7.04000e-01	         2	 5.08905e-01	 8.12490e-01	-5.98054e-01
 7.05000e-01	         2	 4.85245e-01	-5.28506e-01	-8.31367e-01
 7.06000e-01	         2	 5.23911e-01	-9.48639e-01	 3.84585e-01
 7.07000e-01	         2	 4.72905e-01	 2.89098e-01	 9.28565e-01
 7.08000e-01	         2	 5.32972e-01	 1.02089e+00	-1.54010e-01
 7.09000e-01	         2	 4.67584e-01	-3.99874e-02	-9.66214e-01
 7.10000e-01	         2	 5.34458e-01	-1.03096e+00	-7.77247e-02
 7.11000e-01	         2	 4.69897e-01	-2.02936e-01	 9.47951e-01
 7.12000e-01	         2	 5.28702e-01	 9.84467e-01	 2.97034e-01
 7.13000e-01	         2	 4.78681e-01	 4.26640e-01	-8.80535e-01
 7.14000e-01	         2	 5.17537e-01	-8.89812e-01	-4.93263e-01
 7.15000e-01	         2	 4.91613e-01	-6.21366e-01	 7.72743e-01
 7.16000e-01	         2	 5.03594e-01	 7.56999e-01	 6.58893e-01
 7.17000e-01	         2	 5.05934e-01	 7.80685e-01	-6.34349e-01
 7.18000e-01	         2	 4.89598e-01	-5.96623e-01	-7.89454e-01
 7.19000e-01	         2	 5.19087e-01	-9.01283e-01	 4.75251e-01
 7.20000e-01	         2	 4.77828e-01	 4.19038e-01	 8.83212e-01
 7.21000e-01	         2	 5.29150e-01	 9.82550e-01	-3.04788e-01
 7.22000e-01	         2	 4.69804e-01	-2.33729e-01	-9.40733e-01
 7.23000e-01	         2	 5.35027e-01	-1.02607e+00	 1.31253e-01
 7.24000e-01	         2	 4.66200e-01	 4.88940e-02	 9.64370e-01
 7.25000e-01	         2	 5.36438e-01	 1.03508e+00	 3.83988e-02
 7.26000e-01	         2	 4.66942e-01	 1.28788e-01	-9.57756e-01
 7.27000e-01	         2	 5.33765e-01	-1.01393e+00	-1.98691e-01
 7.28000e-01	         2	 4.71394e-01	-2.94228e-01	 9.25320e-01
 7.29000e-01	         2	 5.27836e-01	 9.67581e-01	 3.45627e-01
 7.30000e-01	         2	 4.78597e-01	 4.43882e-01	-8.71873e-01
 7.31000e-01	         2	 5.19690e-01	-9.01240e-01	-4.76597e-01
 7.32000e-01	         2	 4.87479e-01	-5.75610e-01	 8.02267e-01
 7.33000e-01	         2	 5.10387e-01	 8.20008e-01	 5.90221e-01
 7.34000e-01	         2	 4.97026e-01	 6.88490e-01	-7.21134e-01
 7.35000e-01	         2	 5.00870e-01	-7.28653e-01	-6.86152e-01
 7.36000e-01	         2	 5.06390e-01	-7.82597e-01	 6.32710e-01
 7.37000e-01	         2	 4.91879e-01	 6.31453e-01	 7.64869e-01
 7.38000e-01	         2	 5.14943e-01	 8.58785e-01	-5.40717e-01
 7.39000e-01	         2	 4.83925e-01	-5.32106e-01	-8.27474e-01
 7.40000e-01	         2	 5.22288e-01	-9.18473e-01	 4.48312e-01
 7.41000e-01	         2	 4.77298e-01	 4.33698e-01	 8.75501e-01
 7.42000e-01	         2	 5.28236e-01	 9.63458e-01	-3.58080e-01
 7.43000e-01	         2	 4.72098e-01	-3.38716e-01	-9.10751e-01
 7.44000e-01	         2	 5.32764e-01	-9.95747e-01	 2.72061e-01
 7.45000e-01	         2	 4.68280e-01	 2.49086e-01	 9.35155e-01
 7.46000e-01	         2	 5.35974e-01	 1.01743e+00	-1.91796e-01
 7.47000e-01	         2	 4.65698e-01	-1.66236e-01	-9.50664e-01
 7.48000e-01	         2	 5.38044e-01	-1.03057e+00	 1.18400e-01
 7.49000e-01	         2	 4.64149e-01	 9.11729e-02	 9.59159e-01
 7.50000e-01	         2	 5.39194e-01	 1.03712e+00	-5.26258e-02
 7.51000e-01	         2	 4.63406e-01	-2.45545e-02	-9.62397e-01
 7.52000e-01	         2	 5.39656e-01	-1.03889e+00	-5.05987e-03
 7.53000e-01	         2	 4.63238e-01	-3.32309e-02	 9.61963e-01
 7.54000e-01	         2	 5.39649e-01	 1.03747e+00	 5.44081e-02
 7.55000e-01	         2	 4.63436e-01	 8.19948e-02	-9.59244e-01
 7.56000e-01	         2	 5.39374e-01	-1.03424e+00	-9.53248e-02
 7.57000e-01	         2	 4.63814e-01	-1.21684e-01	 9.55416e-01
 7.58000e-01	         2	 5.38999e-01	 1.03037e+00	 1.27815e-01
 7.59000e-01	         2	 4.64220e-01	 1.52328e-01	-9.51439e-01
 7.60000e-01	         2	 5.38660e-01	-1.02676e+00	-1.51939e-01
 7.61000e-01	         2	 4.64536e-01	-1.73991e-01	 9.48050e-01
 7.62000e-01	         2	 5.38459e-01	 1.02409e+00	 1.67771e-01
 7.63000e-01	         2	 4.64676e-01	 1.86741e-01	-9.45770e-01
 7.64000e-01	         2	 5.38462e-01	-1.02282e+00	-1.75377e-01
 7.65000e-01	         2	 4.64590e-01	-1.90623e-01	 9.44904e-01
 7.66000e-01	         2	 5.38706e-01	 1.02316e+00	 1.74792e-01
 7.67000e-01	         2	 4.64259e-01	 1.85644e-01	-9.45544e-01
 7.68000e-01	         2	 5.39193e-01	-1.02510e+00	-1.66017e-01
 7.69000e-01	         2	 4.63697e-01	-1.71771e-01	 9.47570e-01
 7.70000e-01	         2	 5.39890e-01	 1.02838e+00	 1.49014e-01
 7.71000e-01	         2	 4.62955e-01	 1.48936e-01	-9.50646e-01
 7.72000e-01	         2	 5.40728e-01	-1.03255e+00	-1.23719e-01
 7.73000e-01	         2	 4.62120e-01	-1.17049e-01	 9.54222e-01
 7.74000e-01	         2	 5.41601e-01	 1.03687e+00	 9.00601e-02
 7.75000e-01	         2	 4.61319e-01	 7.60272e-02	-9.57527e-01
 7.76000e-01	         2	 5.42360e-01	-1.04039e+00	-4.79872e-02
 7.77000e-01	         2	 4.60725e-01	-2.58294e-02	 9.59574e-01
 7.78000e-01	         2	 5.42813e-01	 1.04193e+00	-2.49054e-03
 7.79000e-01	         2	 4.60548e-01	-3.34961e-02	-9.59153e-01
 7.80000e-01	         2	 5.42726e-01	-1.04005e+00	 6.12571e-02
 7.81000e-01	         2	 4.61041e-01	 1.01755e-01	 9.54844e-01
 7.82000e-01	         2	 5.41832e-01	 1.03309e+00	-1.28032e-01
 7.83000e-01	         2	 4.62484e-01	-1.78541e-01	-9.45035e-01
 7.84000e-01	         2	 5.39845e-01	-1.01920e+00	 2.02307e-01
 7.85000e-01	         2	 4.65165e-01	 2.63160e-01	 9.27943e-01
 7.86000e-01	         2	 5.36479e-01	 9.96350e-01	-2.83274e-01
 7.87000e-01	         2	 4.69354e-01	-3.54551e-01	-9.01666e-01
 7.88000e-01	         2	 5.31492e-01	-9.62428e-01	 3.69752e-01
 7.89000e-01	         2	 4.75257e-01	 4.51207e-01	 8.64249e-01
 7.90000e-01	         2	 5.24730e-01	 9.15288e-01	-4.60117e-01
 7.91000e-01	         2	 4.82962e-01	-5.51098e-01	-8.13766e-01
 7.92000e-01	         2	 5.16183e-01	-8.52879e-01	 5.52234e-01
 7.93000e-01	         2	 4.92380e-01	 6.51606e-01	 7.48445e-01
 7.94000e-01	         2	 5.06056e-01	 7.73388e-01	-6.43414e-01
 7.95000e-01	         2	 5.03180e-01	-7.49485e-01	-6.66808e-01
 7.96000e-01	         2	 4.94820e-01	-6.75409e-01	 7.30385e-01
 7.97000e-01	         2	 5.14738e-01	 8.40851e-01	 5.67844e-01
 7.98000e-01	         2	 4.83256e-01	 5.58145e-01	-8.09312e-01
 7.99000e-01	         2	 5.26118e-01	-9.21223e-01	-4.51205e-01
 8.00000e-01	         2	 4.72448e-01	-4.21635e-01	 8.75854e-01
 8.01000e-01	         2	 5.36101e-01	 9.85622e-01	 3.17414e-01
 8.02000e-01	         2	 4.63727e-01	 2.66986e-01	-9.25296e-01
 8.03000e-01	         2	 5.43283e-01	-1.02874e+00	-1.68080e-01
 8.04000e-01	         2	 4.58523e-01	-9.66013e-02	 9.52741e-01
 8.05000e-01	         2	 5.46262e-01	 1.04522e+00	 6.08887e-03
 8.06000e-01	         2	 4.58143e-01	-8.56226e-02	-9.53391e-01
 8.07000e-01	         2	 5.43904e-01	-1.02997e+00	 1.64242e-01
 8.08000e-01	         2	 4.63466e-01	 2.74163e-01	 9.22912e-01
 8.09000e-01	         2	 5.35667e-01	 9.78625e-01	-3.37086e-01
 8.10000e-01	         2	 4.74615e-01	-4.61831e-01	-8.57870e-01
 8.11000e-01	         2	 5.21921e-01	-8.88080e-01	 5.05130e-01
 8.12000e-01	         2	 4.90664e-01	 6.39872e-01	 7.56236e-01
 8.13000e-01	         2	 5.04187e-01	 7.57037e-01	-6.59749e-01
 8.14000e-01	         2	 5.09494e-01	-7.98234e-01	-6.17908e-01
 8.15000e-01	         2	 4.85160e-01	-5.86598e-01	 7.91342e-01
 8.16000e-01	         2	 5.27896e-01	 9.26047e-01	 4.45230e-01
 8.17000e-01	         2	 4.68443e-01	 3.80796e-01	-8.89877e-01
 8.18000e-01	         2	 5.42031e-01	-1.01233e+00	-2.43421e-01
 8.19000e-01	         2	 4.57917e-01	-1.47000e-01	 9.45635e-01
 8.20000e-01	         2	 5.48220e-01	 1.04690e+00	 2.08444e-02
 8.21000e-01	         2	 4.56786e-01	-1.03896e-01	-9.50146e-01
 8.22000e-01	         2	 5.44010e-01	-1.02153e+00	 2.10952e-01
 8.23000e-01	         2	 4.66486e-01	 3.57601e-01	 8.97270e-01
 8.24000e-01	         2	 5.29217e-01	 9.31125e-01	-4.37538e-01
 8.25000e-01	         2	 4.85772e-01	-5.96950e-01	-7.84343e-01
 8.26000e-01	         2	 5.06609e-01	-7.75031e-01	 6.42296e-01
 8.27000e-01	         2	 5.10369e-01	 8.02907e-01	 6.13253e-01
 8.28000e-01	         2	 4.81817e-01	 5.58106e-01	-8.07559e-01
 8.29000e-01	         2	 5.33579e-01	-9.56052e-01	-3.91309e-01
 8.30000e-01	         2	 4.62186e-01	-2.91495e-01	 9.16189e-01
 8.31000e-01	         2	 5.47953e-01	 1.03854e+00	 1.31702e-01
 8.32000e-01	         2	 4.54632e-01	-7.14213e-03	-9.53526e-01
 8.33000e-01	         2	 5.47789e-01	-1.03638e+00	 1.46626e-01
 8.34000e-01	         2	 4.62985e-01	 3.14157e-01	 9.09546e-01
 8.35000e-01	         2	 5.31697e-01	 9.41860e-01	-4.19872e-01
 8.36000e-01	         2	 4.85789e-01	-6.01340e-01	-7.81004e-01
 8.37000e-01	         2	 5.04144e-01	-7.55786e-01	 6.61116e-01
 8.38000e-01	         2	 5.15694e-01	 8.38327e-01	 5.73233e-01
 8.39000e-01	         2	 4.74907e-01	 4.89132e-01	-8.42949e-01
 8.40000e-01	         2	 5.41284e-01	-9.95904e-01	-3.01236e-01
 8.41000e-01	         2	 4.55967e-01	-1.63731e-01	 9.40811e-01
 8.42000e-01	         2	 5.51293e-01	 1.04999e+00	-1.03131e-02
 8.43000e-01	         2	 4.56513e-01	-1.88434e-01	-9.36759e-01
 8.44000e-01	         2	 5.39890e-01	-9.85844e-01	 3.28468e-01
 8.45000e-01	         2	 4.77992e-01	 5.27612e-01	 8.23170e-01
 8.46000e-01	         2	 5.10614e-01	 8.01883e-01	-6.14989e-01
 8.47000e-01	         2	 5.11848e-01	-8.10415e-01	-6.05742e-01
 8.48000e-01	         2	 4.76409e-01	-5.12364e-01	 8.30844e-01
 8.49000e-01	         2	 5.42046e-01	 9.95490e-01	 3.05107e-01
 8.50000e-01	         2	 4.54528e-01	 1.48142e-01	-9.41865e-01
 8.51000e-01	         2	 5.52377e-01	-1.05017e+00	 4.36273e-02
 8.52000e-01	         2	 4.57759e-01	 2.45147e-01	 9.24890e-01
 8.53000e-01	         2	 5.35613e-01	 9.57126e-01	-3.93873e-01
 8.54000e-01	         2	 4.86225e-01	-6.11837e-01	-7.73373e-01
 8.55000e-01	         2	 4.99372e-01	-7.19872e-01	 6.93201e-01
 8.56000e-01	         2	 5.25078e-01	 8.93799e-01	 5.01278e-01
 8.57000e-01	         2	 4.64010e-01	 3.65638e-01	-8.91251e-01
 8.58000e-01	         2	 5.51251e-01	-1.04007e+00	-1.44056e-01
 8.59000e-01	         2	 4.51760e-01	 5.55036e-02	 9.48914e-01
 8.60000e-01	         2	 5.47124e-01	 1.01715e+00	-2.44226e-01
 8.61000e-01	         2	 4.72257e-01	-4.76103e-01	-8.47254e-01
 8.62000e-01	         2	 5.13352e-01	-8.18000e-01	 5.97979e-01
 8.63000e-01	         2	 5.13863e-01	 8.21347e-01	 5.94234e-01
 8.64000e-01	         2	 4.71308e-01	 4.67505e-01	-8.50914e-01
 8.65000e-01	         2	 5.48667e-01	-1.02259e+00	-2.27270e-01
 8.66000e-01	         2	 4.50687e-01	-2.23937e-02	 9.49143e-01
 8.67000e-01	         2	 5.50747e-01	 1.03219e+00	-1.89946e-01
 8.68000e-01	         2	 4.68289e-01	-4.35730e-01	-8.64129e-01
 8.69000e-01	         2	 5.16445e-01	-8.36663e-01	 5.76961e-01
 8.70000e-01	         2	 5.12936e-01	 8.14198e-01	 6.02456e-01
 8.71000e-01	         2	 4.70533e-01	 4.64520e-01	-8.51638e-01
 8.72000e-01	         2	 5.50507e-01	-1.02819e+00	-2.09365e-01
 8.73000e-01	         2	 4.49813e-01	 1.41773e-02	 9.48380e-01
 8.74000e-01	         2	 5.49381e-01	 1.02126e+00	-2.36208e-01
 8.75000e-01	         2	 4.73333e-01	-4.98345e-01	-8.35654e-01
 8.76000e-01	         2	 5.08254e-01	-7.82560e-01	 6.35694e-01
 8.77000e-01	         2	 5.23148e-01	 8.75969e-01	 5.28180e-01
 8.78000e-01	         2	 4.61400e-01	 3.55698e-01	-8.92345e-01
 8.79000e-01	         2	 5.55760e-01	-1.05049e+00	-8.93942e-02
 8.80000e-01	         2	 4.51577e-01	 1.65108e-01	 9.35892e-01
 8.81000e-01	         2	 5.39771e-01	 9.67620e-01	-3.78487e-01
 8.82000e-01	         2	 4.90193e-01	-6.53025e-01	-7.44275e-01
 8.83000e-01	         2	 4.87953e-01	-6.35186e-01	 7.56602e-01
 8.84000e-01	         2	 5.42091e-01	 9.78614e-01	 3.55664e-01
 8.85000e-01	         2	 4.49956e-01	 1.28821e-01	-9.39849e-01
 8.86000e-01	         2	 5.55579e-01	-1.04548e+00	 1.34670e-01
 8.87000e-01	         2	 4.65513e-01	 4.20966e-01	 8.68224e-01
 8.88000e-01	         2	 5.14639e-01	 8.21956e-01	-5.94699e-01
 8.89000e-01	         2	 5.20978e-01	-8.60104e-01	-5.49707e-01
 8.90000e-01	         2	 4.60442e-01	-3.58303e-01	 8.90227e-01
 8.91000e-01	         2	 5.58022e-01	 1.05437e+00	 6.59203e-02
 8.92000e-01	         2	 4.52221e-01	-2.18912e-01	-9.25483e-01
 8.93000e-01	         2	 5.34258e-01	-9.33232e-01	 4.44517e-01
 8.94000e-01	         2	 5.01607e-01	 7.37630e-01	 6.77581e-01
 8.95000e-01	         2	 4.74167e-01	 5.19657e-01	-8.23584e-01
 8.96000e-01	         2	 5.53675e-01	-1.03070e+00	-2.12164e-01
 8.97000e-01	         2	 4.47278e-01	 6.67890e-02	 9.43448e-01
 8.98000e-01	         2	 5.46027e-01	 9.92022e-01	-3.28552e-01
 8.99000e-01	         2	 4.87924e-01	-6.39515e-01	-7.52907e-01
 9.00000e-01	         2	 4.85393e-01	-6.19657e-01	 7.66035e-01
 9.01000e-01	         2	 5.48377e-01	 1.00233e+00	 3.03466e-01
 9.02000e-01	         2	 4.46281e-01	 2.78260e-02	-9.44345e-01
 9.03000e-01	         2	 5.51925e-01	-1.01846e+00	 2.58069e-01
 9.04000e-01	         2	 4.80568e-01	 5.81994e-01	 7.88936e-01
 9.05000e-01	         2	 4.91447e-01	 6.67061e-01	-7.33432e-01
 9.06000e-01	         2	 5.45715e-01	-9.86853e-01	-3.42857e-01
 9.07000e-01	         2	 4.45981e-01	-6.32355e-02	 9.42318e-01
 9.08000e-01	         2	 5.53921e-01	 1.02536e+00	-2.37646e-01
 9.09000e-01	         2	 4.79198e-01	-5.72631e-01	-7.94034e-01
 9.10000e-01	         2	 4.91357e-01	-6.67361e-01	 7.33037e-01
 9.11000e-01	         2	 5.47220e-01	 9.91899e-01	 3.32531e-01
 9.12000e-01	         2	 4.45090e-01	 3.92789e-02	-9.42676e-01
 9.13000e-01	         2	 5.52585e-01	-1.01646e+00	 2.68279e-01
 9.14000e-01	         2	 4.83897e-01	 6.12716e-01	 7.69658e-01
 9.15000e-01	         2	 4.84884e-01	 6.20363e-01	-7.64799e-01
 9.16000e-01	         2	 5.52702e-01	-1.01561e+00	-2.71922e-01
 9.17000e-01	         2	 4.44490e-01	 4.43274e-02	 9.41815e-01
 9.18000e-01	         2	 5.46678e-01	 9.85921e-01	-3.48305e-01
 9.19000e-01	         2	 4.95442e-01	-6.97647e-01	-7.10051e-01
 9.20000e-01	         2	 4.72573e-01	-5.20151e-01	 8.21333e-01
 9.21000e-01	         2	 5.59982e-01	 1.04639e+00	 1.58190e-01
 9.22000e-01	         2	 4.47343e-01	-1.86850e-01	-9.27240e-01
 9.23000e-01	         2	 5.33536e-01	-9.18858e-01	 4.71987e-01
 9.24000e-01	         2	 5.14341e-01	 8.15133e-01	 6.03523e-01
 9.25000e-01	         2	 4.56944e-01	 3.57471e-01	-8.86624e-01
 9.26000e-01	         2	 5.64177e-01	-1.06218e+00	 1.08192e-02
 9.27000e-01	         2	 4.58710e-01	 3.82605e-01	 8.78085e-01
 9.28000e-01	         2	 5.10727e-01	 7.93475e-01	-6.25981e-01
 9.29000e-01	         2	 5.38495e-01	-9.41805e-01	-4.35883e-01
 9.30000e-01	         2	 4.44291e-01	-1.25067e-01	 9.34313e-01
 9.31000e-01	         2	 5.57651e-01	 1.03050e+00	-2.31018e-01
 9.32000e-01	         2	 4.83358e-01	-6.14569e-01	-7.67477e-01
 9.33000e-01	         2	 4.79659e-01	-5.86256e-01	 7.84615e-01
 9.34000e-01	         2	 5.60099e-01	 1.03989e+00	 1.97031e-01
 9.35000e-01	         2	 4.45219e-01	-1.73533e-01	-9.27536e-01
 9.36000e-01	         2	 5.32969e-01	-9.11811e-01	 4.84292e-01
 9.37000e-01	         2	 5.20460e-01	 8.47004e-01	 5.68774e-01
 9.38000e-01	         2	 4.50304e-01	 2.81999e-01	-9.06137e-01
 9.39000e-01	         2	 5.64718e-01	-1.05717e+00	 1.08709e-01
 9.40000e-01	         2	 4.70282e-01	 5.12452e-01	 8.23381e-01
 9.41000e-01	         2	 4.90806e-01	 6.69351e-01	-7.30465e-01
 9.42000e-01	         2	 5.56656e-01	-1.02064e+00	-2.67595e-01
 9.43000e-01	         2	 4.42227e-01	 1.10735e-01	 9.33912e-01
 9.44000e-01	         2	 5.38229e-01	 9.34933e-01	-4.49843e-01
 9.45000e-01	         2	 5.18053e-01	-8.32679e-01	-5.85450e-01
 9.46000e-01	         2	 4.49756e-01	-2.87794e-01	 9.03708e-01
 9.47000e-01	         2	 5.65667e-01	 1.05679e+00	-1.20533e-01
 9.48000e-01	         2	 4.73179e-01	-5.41764e-01	-8.07991e-01
 9.49000e-01	         2	 4.84627e-01	-6.28646e-01	 7.57666e-01
 9.50000e-01	         2	 5.62062e-01	 1.04000e+00	 2.06199e-01
 9.51000e-01	         2	 4.44353e-01	-2.00984e-01	-9.21038e-01
 9.52000e-01	         2	 5.27150e-01	-8.78205e-01	 5.32029e-01
 9.53000e-01	         2	 5.33265e-01	 9.08355e-01	 4.91345e-01
 9.54000e-01	         2	 4.41691e-01	 1.42014e-01	-9.29093e-01
 9.55000e-01	         2	 5.58771e-01	-1.02331e+00	 2.65303e-01
 9.56000e-01	         2	 4.94363e-01	 6.95251e-01	 7.10881e-01
 9.57000e-01	         2	 4.62302e-01	 4.50904e-01	-8.49287e-01
 9.58000e-01	         2	 5.69677e-01	-1.06737e+00	-8.29854e-03
 9.59000e-01	         2	 4.60549e-01	 4.35916e-01	 8.55030e-01
 9.60000e-01	         2	 4.95549e-01	 7.02739e-01	-7.05164e-01
 9.61000e-01	         2	 5.59838e-01	-1.02506e+00	-2.62546e-01
 9.62000e-01	         2	 4.41318e-01	 1.61856e-01	 9.25440e-01
 9.63000e-01	         2	 5.29522e-01	 8.87182e-01	-5.21490e-01
 9.64000e-01	         2	 5.35751e-01	-9.16907e-01	-4.80400e-01
 9.65000e-01	         2	 4.39106e-01	-1.02245e-01	 9.31535e-01
 9.66000e-01	         2	 5.55483e-01	 1.00407e+00	-3.20630e-01
 9.67000e-01	         2	 5.06033e-01	-7.64921e-01	-6.53424e-01
 9.68000e-01	         2	 4.51008e-01	-3.39576e-01	 8.86963e-01
 9.69000e-01	         2	 5.69439e-01	 1.06036e+00	-1.20512e-01
 9.70000e-01	         2	 4.78068e-01	-5.89465e-01	-7.80171e-01
 9.71000e-01	         2	 4.71581e-01	-5.40770e-01	 8.06678e-01
 9.72000e-01	         2	 5.71521e-01	 1.06709e+00	 6.60774e-02
 9.73000e-01	         2	 4.56417e-01	-4.07466e-01	-8.64179e-01
 9.74000e-01	         2	 4.95272e-01	-7.02626e-01	 7.04883e-01
 9.75000e-01	         2	 5.64382e-01	 1.03696e+00	 2.31259e-01
 9.76000e-01	         2	 4.42739e-01	-2.31724e-01	-9.12022e-01
 9.77000e-01	         2	 5.17833e-01	-8.26476e-01	 5.93804e-01
 9.78000e-01	         2	 5.51579e-01	 9.82503e-01	 3.71277e-01
 9.79000e-01	         2	 4.36533e-01	-7.09851e-02	-9.31680e-01
 9.80000e-01	         2	 5.36784e-01	-9.16577e-01	 4.83171e-01
 9.81000e-01	         2	 5.36430e-01	 9.14972e-01	 4.85476e-01
 9.82000e-01	         2	 4.36099e-01	 6.94849e-02	-9.31327e-01
 9.83000e-01	         2	 5.51215e-01	-9.78717e-01	 3.80189e-01
 9.84000e-01	         2	 5.21451e-01	 8.43778e-01	 5.75273e-01
 9.85000e-01	         2	 4.39352e-01	 1.87124e-01	-9.18525e-01
 9.86000e-01	         2	 5.61316e-01	-1.01913e+00	 2.89825e-01
 9.87000e-01	         2	 5.08234e-01	 7.76348e-01	 6.43235e-01
 9.88000e-01	         2	 4.44343e-01	 2.81245e-01	-8.99771e-01
 9.89000e-01	         2	 5.67868e-01	-1.04374e+00	 2.15251e-01
 9.90000e-01	         2	 4.97602e-01	 7.18235e-01	 6.92346e-01
 9.91000e-01	         2	 4.49509e-01	 3.52277e-01	-8.80295e-01
 9.92000e-01	         2	 5.71843e-01	-1.05765e+00	 1.58322e-01
 9.93000e-01	         2	 4.89855e-01	 6.73373e-01	 7.25450e-01
 9.94000e-01	         2	 4.53728e-01	 4.01143e-01	-8.64025e-01
 9.95000e-01	         2	 5.74133e-01	-1.06483e+00	 1.20007e-01
 9.96000e-01	         2	 4.85017e-01	 6.44361e-01	 7.44871e-01
 9.97000e-01	         2	 4.56272e-01	 4.28777e-01	-8.53635e-01
 9.98000e-01	         2	 5.75392e-01	-1.06800e+00	 1.00748e-01
 9.99000e-01	         2	 4.83038e-01	 6.32714e-01	 7.52164e-01
