         0	 5.00000e-01	 5.00000e-04
        20	 5.00000e-01	 1.04736e-02
        40	 4.99999e-01	 2.03965e-02
        60	 4.99995e-01	 3.02678e-02
        80	 4.99989e-01	 4.00869e-02
       100	 4.99979e-01	 4.98530e-02
       120	 4.99964e-01	 5.95655e-02
       140	 4.99943e-01	 6.92236e-02
       160	 4.99916e-01	 7.88267e-02
       180	 4.99881e-01	 8.83740e-02
       200	 4.99838e-01	 9.78649e-02
       220	 4.99786e-01	 1.07299e-01
       240	 4.99723e-01	 1.16675e-01
       260	 4.99649e-01	 1.25993e-01
       280	 4.99564e-01	 1.35251e-01
       300	 4.99467e-01	 1.44450e-01
       320	 4.99356e-01	 1.53589e-01
       340	 4.99231e-01	 1.62667e-01
       360	 4.99091e-01	 1.71683e-01
       380	 4.98937e-01	 1.80637e-01
       400	 4.98766e-01	 1.89529e-01
       420	 4.98578e-01	 1.98358e-01
       440	 4.98372e-01	 2.07122e-01
       460	 4.98149e-01	 2.15822e-01
       480	 4.97907e-01	 2.24458e-01
       500	 4.97646e-01	 2.33028e-01
       520	 4.97365e-01	 2.41531e-01
       540	 4.97063e-01	 2.49969e-01
       560	 4.96741e-01	 2.58339e-01
       580	 4.96396e-01	 2.66642e-01
       600	 4.96030e-01	 2.74877e-01
       620	 4.95642e-01	 2.83043e-01
       640	 4.95230e-01	 2.91141e-01
       660	 4.94795e-01	 2.99169e-01
       680	 4.94336e-01	 3.07127e-01
       700	 4.93853e-01	 3.15015e-01
       720	 4.93345e-01	 3.22832e-01
       740	 4.92811e-01	 3.30578e-01
       760	 4.92253e-01	 3.38252e-01
       780	 4.91668e-01	 3.45855e-01
       800	 4.91058e-01	 3.53385e-01
       820	 4.90421e-01	 3.60842e-01
       840	 4.89757e-01	 3.68226e-01
       860	 4.89066e-01	 3.75536e-01
       880	 4.88348e-01	 3.82773e-01
       900	 4.87602e-01	 3.89935e-01
       920	 4.86829e-01	 3.97023e-01
       940	 4.86027e-01	 4.04035e-01
       960	 4.85198e-01	 4.10973e-01
       980	 4.84340e-01	 4.17834e-01
      1000	 4.83454e-01	 4.24620e-01
      1020	 4.82538e-01	 4.31330e-01
      1040	 4.81595e-01	 4.37963e-01
      1060	 4.80622e-01	 4.44520e-01
      1080	 4.79620e-01	 4.50999e-01
      1100	 4.78590e-01	 4.57401e-01
      1120	 4.77530e-01	 4.63726e-01
      1140	 4.76441e-01	 4.69973e-01
      1160	 4.75323e-01	 4.76142e-01
      1180	 4.74176e-01	 4.82232e-01
      1200	 4.72999e-01	 4.88244e-01
      1220	 4.71794e-01	 4.94178e-01
      1240	 4.70559e-01	 5.00032e-01
      1260	 4.69296e-01	 5.05807e-01
      1280	 4.68003e-01	 5.11504e-01
      1300	 4.66681e-01	 5.17120e-01
      1320	 4.65331e-01	 5.22657e-01
      1340	 4.63952e-01	 5.28115e-01
      1360	 4.62544e-01	 5.33492e-01
      1380	 4.61108e-01	 5.38790e-01
      1400	 4.59643e-01	 5.44007e-01
      1420	 4.58151e-01	 5.49144e-01
      1440	 4.56630e-01	 5.54201e-01
      1460	 4.55082e-01	 5.59177e-01
      1480	 4.53505e-01	 5.64072e-01
      1500	 4.51902e-01	 5.68887e-01
      1520	 4.50272e-01	 5.73621e-01
      1540	 4.48614e-01	 5.78275e-01
      1560	 4.46930e-01	 5.82847e-01
      1580	 4.45219e-01	 5.87338e-01
      1600	 4.43483e-01	 5.91749e-01
      1620	 4.41720e-01	 5.96078e-01
      1640	 4.39932e-01	 6.00327e-01
      1660	 4.38119e-01	 6.04494e-01
      1680	 4.36281e-01	 6.08580e-01
      1700	 4.34418e-01	 6.12585e-01
      1720	 4.32531e-01	 6.16509e-01
      1740	 4.30620e-01	 6.20352e-01
      1760	 4.28685e-01	 6.24114e-01
      1780	 4.26727e-01	 6.27795e-01
      1800	 4.24746e-01	 6.31395e-01
      1820	 4.22743e-01	 6.34914e-01
      1840	 4.20718e-01	 6.38352e-01
      1860	 4.18671e-01	 6.41709e-01
      1880	 4.16603e-01	 6.44986e-01
      1900	 4.14514e-01	 6.48182e-01
      1920	 4.12404e-01	 6.51297e-01
      1940	 4.10274e-01	 6.54332e-01
      1960	 4.08125e-01	 6.57286e-01
      1980	 4.05957e-01	 6.60160e-01
      2000	 4.03770e-01	 6.62954e-01
      2020	 4.01565e-01	 6.65668e-01
      2040	 3.99342e-01	 6.68302e-01
      2060	 3.97101e-01	 6.70856e-01
      2080	 3.94844e-01	 6.73330e-01
      2100	 3.92570e-01	 6.75725e-01
      2120	 3.90281e-01	 6.78041e-01
      2140	 3.87976e-01	 6.80277e-01
      2160	 3.85656e-01	 6.82434e-01
      2180	 3.83321e-01	 6.84513e-01
      2200	 3.80973e-01	 6.86512e-01
      2220	 3.78611e-01	 6.88434e-01
      2240	 3.76237e-01	 6.90277e-01
      2260	 3.73849e-01	 6.92042e-01
      2280	 3.71450e-01	 6.93729e-01
      2300	 3.69040e-01	 6.95339e-01
      2320	 3.66618e-01	 6.96871e-01
      2340	 3.64186e-01	 6.98326e-01
      2360	 3.61744e-01	 6.99704e-01
      2380	 3.59293e-01	 7.01006e-01
      2400	 3.56833e-01	 7.02231e-01
      2420	 3.54365e-01	 7.03380e-01
      2440	 3.51889e-01	 7.04453e-01
      2460	 3.49405e-01	 7.05450e-01
      2480	 3.46915e-01	 7.06372e-01
      2500	 3.44418e-01	 7.07219e-01
      2520	 3.41916e-01	 7.07991e-01
      2540	 3.39409e-01	 7.08689e-01
      2560	 3.36896e-01	 7.09312e-01
      2580	 3.34380e-01	 7.09862e-01
      2600	 3.31860e-01	 7.10338e-01
      2620	 3.29337e-01	 7.10741e-01
      2640	 3.26811e-01	 7.11070e-01
      2660	 3.24284e-01	 7.11328e-01
      2680	 3.21754e-01	 7.11513e-01
      2700	 3.19224e-01	 7.11626e-01
      2720	 3.16693e-01	 7.11668e-01
      2740	 3.14162e-01	 7.11638e-01
      2760	 3.11631e-01	 7.11538e-01
      2780	 3.09102e-01	 7.11367e-01
      2800	 3.06574e-01	 7.11126e-01
      2820	 3.04047e-01	 7.10815e-01
      2840	 3.01524e-01	 7.10435e-01
      2860	 2.99003e-01	 7.09986e-01
      2880	 2.96485e-01	 7.09468e-01
      2900	 2.93972e-01	 7.08882e-01
      2920	 2.91463e-01	 7.08228e-01
      2940	 2.88959e-01	 7.07507e-01
      2960	 2.86460e-01	 7.06719e-01
      2980	 2.83967e-01	 7.05864e-01
      3000	 2.81480e-01	 7.04944e-01
      3020	 2.79000e-01	 7.03957e-01
      3040	 2.76527e-01	 7.02905e-01
      3060	 2.74061e-01	 7.01788e-01
      3080	 2.71604e-01	 7.00607e-01
      3100	 2.69155e-01	 6.99362e-01
      3120	 2.66715e-01	 6.98053e-01
      3140	 2.64285e-01	 6.96681e-01
      3160	 2.61864e-01	 6.95247e-01
      3180	 2.59453e-01	 6.93750e-01
      3200	 2.57053e-01	 6.92192e-01
      3220	 2.54664e-01	 6.90572e-01
      3240	 2.52287e-01	 6.88891e-01
      3260	 2.49921e-01	 6.87150e-01
      3280	 2.47567e-01	 6.85350e-01
      3300	 2.45226e-01	 6.83489e-01
      3320	 2.42898e-01	 6.81570e-01
      3340	 2.40583e-01	 6.79593e-01
      3360	 2.38281e-01	 6.77557e-01
      3380	 2.35994e-01	 6.75464e-01
      3400	 2.33721e-01	 6.73314e-01
      3420	 2.31462e-01	 6.71108e-01
      3440	 2.29219e-01	 6.68846e-01
      3460	 2.26991e-01	 6.66528e-01
      3480	 2.24778e-01	 6.64155e-01
      3500	 2.22582e-01	 6.61728e-01
      3520	 2.20401e-01	 6.59247e-01
      3540	 2.18237e-01	 6.56713e-01
      3560	 2.16090e-01	 6.54126e-01
      3580	 2.13960e-01	 6.51486e-01
      3600	 2.11848e-01	 6.48795e-01
      3620	 2.09753e-01	 6.46052e-01
      3640	 2.07676e-01	 6.43258e-01
      3660	 2.05617e-01	 6.40414e-01
      3680	 2.03576e-01	 6.37521e-01
      3700	 2.01554e-01	 6.34578e-01
      3720	 1.99551e-01	 6.31587e-01
      3740	 1.97567e-01	 6.28547e-01
      3760	 1.95602e-01	 6.25460e-01
      3780	 1.93656e-01	 6.22326e-01
      3800	 1.91730e-01	 6.19146e-01
      3820	 1.89824e-01	 6.15920e-01
      3840	 1.87938e-01	 6.12648e-01
      3860	 1.86072e-01	 6.09331e-01
      3880	 1.84227e-01	 6.05971e-01
      3900	 1.82402e-01	 6.02566e-01
      3920	 1.80597e-01	 5.99119e-01
      3940	 1.78813e-01	 5.95628e-01
      3960	 1.77051e-01	 5.92096e-01
      3980	 1.75309e-01	 5.88523e-01
      4000	 1.73588e-01	 5.84908e-01
      4020	 1.71889e-01	 5.81253e-01
      4040	 1.70211e-01	 5.77558e-01
      4060	 1.68554e-01	 5.73825e-01
      4080	 1.66919e-01	 5.70052e-01
      4100	 1.65306e-01	 5.66242e-01
      4120	 1.63714e-01	 5.62394e-01
      4140	 1.62144e-01	 5.58509e-01
      4160	 1.60596e-01	 5.54587e-01
      4180	 1.59069e-01	 5.50630e-01
      4200	 1.57565e-01	 5.46638e-01
      4220	 1.56082e-01	 5.42611e-01
      4240	 1.54622e-01	 5.38550e-01
      4260	 1.53183e-01	 5.34456e-01
      4280	 1.51766e-01	 5.30328e-01
      4300	 1.50371e-01	 5.26168e-01
      4320	 1.48998e-01	 5.21977e-01
      4340	 1.47647e-01	 5.17754e-01
      4360	 1.46318e-01	 5.13501e-01
      4380	 1.45011e-01	 5.09218e-01
      4400	 1.43726e-01	 5.04905e-01
      4420	 1.42463e-01	 5.00564e-01
      4440	 1.41221e-01	 4.96194e-01
      4460	 1.40001e-01	 4.91796e-01
      4480	 1.38803e-01	 4.87372e-01
      4500	 1.37627e-01	 4.82920e-01
      4520	 1.36472e-01	 4.78443e-01
      4540	 1.35338e-01	 4.73940e-01
      4560	 1.34226e-01	 4.69413e-01
      4580	 1.33135e-01	 4.64861e-01
      4600	 1.32066e-01	 4.60286e-01
      4620	 1.31017e-01	 4.55687e-01
      4640	 1.29990e-01	 4.51066e-01
      4660	 1.28983e-01	 4.46423e-01
      4680	 1.27997e-01	 4.41759e-01
      4700	 1.27032e-01	 4.37074e-01
      4720	 1.26087e-01	 4.32368e-01
      4740	 1.25163e-01	 4.27643e-01
      4760	 1.24259e-01	 4.22899e-01
      4780	 1.23375e-01	 4.18136e-01
      4800	 1.22511e-01	 4.13355e-01
      4820	 1.21666e-01	 4.08557e-01
      4840	 1.20842e-01	 4.03742e-01
      4860	 1.20037e-01	 3.98911e-01
      4880	 1.19251e-01	 3.94064e-01
      4900	 1.18484e-01	 3.89202e-01
      4920	 1.17736e-01	 3.84325e-01
      4940	 1.17007e-01	 3.79434e-01
      4960	 1.16297e-01	 3.74530e-01
      4980	 1.15605e-01	 3.69613e-01
      5000	 1.14931e-01	 3.64683e-01
      5020	 1.14275e-01	 3.59742e-01
      5040	 1.13637e-01	 3.54789e-01
      5060	 1.13016e-01	 3.49826e-01
      5080	 1.12413e-01	 3.44853e-01
      5100	 1.11827e-01	 3.39870e-01
      5120	 1.11258e-01	 3.34878e-01
      5140	 1.10706e-01	 3.29877e-01
      5160	 1.10170e-01	 3.24869e-01
      5180	 1.09650e-01	 3.19853e-01
      5200	 1.09147e-01	 3.14830e-01
      5220	 1.08659e-01	 3.09800e-01
      5240	 1.08187e-01	 3.04765e-01
      5260	 1.07730e-01	 2.99725e-01
      5280	 1.07289e-01	 2.94680e-01
      5300	 1.06862e-01	 2.89630e-01
      5320	 1.06450e-01	 2.84577e-01
      5340	 1.06052e-01	 2.79521e-01
      5360	 1.05668e-01	 2.74462e-01
      5380	 1.05299e-01	 2.69401e-01
      5400	 1.04943e-01	 2.64338e-01
      5420	 1.04600e-01	 2.59274e-01
      5440	 1.04270e-01	 2.54209e-01
      5460	 1.03954e-01	 2.49145e-01
      5480	 1.03649e-01	 2.44080e-01
      5500	 1.03358e-01	 2.39017e-01
      5520	 1.03078e-01	 2.33955e-01
      5540	 1.02810e-01	 2.28895e-01
      5560	 1.02554e-01	 2.23837e-01
      5580	 1.02309e-01	 2.18782e-01
      5600	 1.02075e-01	 2.13731e-01
      5620	 1.01852e-01	 2.08684e-01
      5640	 1.01640e-01	 2.03640e-01
      5660	 1.01437e-01	 1.98602e-01
      5680	 1.01245e-01	 1.93569e-01
      5700	 1.01063e-01	 1.88542e-01
      5720	 1.00889e-01	 1.83520e-01
      5740	 1.00726e-01	 1.78506e-01
      5760	 1.00571e-01	 1.73499e-01
      5780	 1.00424e-01	 1.68500e-01
      5800	 1.00287e-01	 1.63508e-01
      5820	 1.00157e-01	 1.58525e-01
      5840	 1.00035e-01	 1.53552e-01
      5860	 9.99210e-02	 1.48587e-01
      5880	 9.98142e-02	 1.43633e-01
      5900	 9.97145e-02	 1.38689e-01
      5920	 9.96217e-02	 1.33756e-01
      5940	 9.95354e-02	 1.28834e-01
      5960	 9.94555e-02	 1.23924e-01
      5980	 9.93817e-02	 1.19026e-01
      6000	 9.93137e-02	 1.14140e-01
      6020	 9.92513e-02	 1.09267e-01
      6040	 9.91941e-02	 1.04408e-01
      6060	 9.91421e-02	 9.95629e-02
      6080	 9.90949e-02	 9.47317e-02
      6100	 9.90522e-02	 8.99152e-02
      6120	 9.90139e-02	 8.51137e-02
      6140	 9.89796e-02	 8.03276e-02
      6160	 9.89492e-02	 7.55575e-02
      6180	 9.89224e-02	 7.08035e-02
      6200	 9.88989e-02	 6.60662e-02
      6220	 9.88786e-02	 6.13459e-02
      6240	 9.88612e-02	 5.66431e-02
      6260	 9.88464e-02	 5.19580e-02
      6280	 9.88340e-02	 4.72911e-02
      6300	 9.88239e-02	 4.26427e-02
      6320	 9.88157e-02	 3.80133e-02
      6340	 9.88093e-02	 3.34032e-02
      6360	 9.88045e-02	 2.88127e-02
      6380	 9.88009e-02	 2.42422e-02
      6400	 9.87985e-02	 1.96921e-02
      6420	 9.87970e-02	 1.51627e-02
      6440	 9.87961e-02	 1.06544e-02
      6460	 9.87958e-02	 6.16750e-03
      6480	 9.87957e-02	 1.70236e-03
      6500	 9.87957e-02	-2.74070e-03
      6520	 9.87955e-02	-7.16133e-03
      6540	 9.87951e-02	-1.15592e-02
      6560	 9.87941e-02	-1.59340e-02
      6580	 9.87925e-02	-2.02854e-02
      6600	 9.87900e-02	-2.46131e-02
      6620	 9.87864e-02	-2.89167e-02
      6640	 9.87816e-02	-3.31960e-02
      6660	 9.87754e-02	-3.74507e-02
      6680	 9.87676e-02	-4.16804e-02
      6700	 9.87580e-02	-4.58848e-02
      6720	 9.87465e-02	-5.00638e-02
      6740	 9.87330e-02	-5.42169e-02
      6760	 9.87171e-02	-5.83438e-02
      6780	 9.86989e-02	-6.24444e-02
      6800	 9.86782e-02	-6.65183e-02
      6820	 9.86547e-02	-7.05653e-02
      6840	 9.86284e-02	-7.45850e-02
      6860	 9.85992e-02	-7.85773e-02
      6880	 9.85668e-02	-8.25418e-02
      6900	 9.85311e-02	-8.64784e-02
      6920	 9.84921e-02	-9.03866e-02
      6940	 9.84495e-02	-9.42664e-02
      6960	 9.84033e-02	-9.81174e-02
      6980	 9.83533e-02	-1.01939e-01
      7000	 9.82995e-02	-1.05732e-01
      7020	 9.82417e-02	-1.09496e-01
      7040	 9.81797e-02	-1.13229e-01
      7060	 9.81136e-02	-1.16933e-01
      7080	 9.80431e-02	-1.20607e-01
      7100	 9.79683e-02	-1.24250e-01
      7120	 9.78889e-02	-1.27863e-01
      7140	 9.78049e-02	-1.31445e-01
      7160	 9.77163e-02	-1.34996e-01
      7180	 9.76229e-02	-1.38515e-01
      7200	 9.75246e-02	-1.42004e-01
      7220	 9.74214e-02	-1.45461e-01
      7240	 9.73132e-02	-1.48886e-01
      7260	 9.72000e-02	-1.52279e-01
      7280	 9.70816e-02	-1.55640e-01
      7300	 9.69580e-02	-1.58969e-01
      7320	 9.68291e-02	-1.62265e-01
      7340	 9.66949e-02	-1.65529e-01
      7360	 9.65554e-02	-1.68760e-01
      7380	 9.64104e-02	-1.71958e-01
      7400	 9.62599e-02	-1.75123e-01
      7420	 9.61040e-02	-1.78254e-01
      7440	 9.59425e-02	-1.81353e-01
      7460	 9.57754e-02	-1.84417e-01
      7480	 9.56027e-02	-1.87448e-01
      7500	 9.54243e-02	-1.90446e-01
      7520	 9.52403e-02	-1.93409e-01
      7540	 9.50506e-02	-1.96338e-01
      7560	 9.48551e-02	-1.99233e-01
      7580	 9.46540e-02	-2.02094e-01
      7600	 9.44471e-02	-2.04920e-01
      7620	 9.42344e-02	-2.07712e-01
      7640	 9.40160e-02	-2.10469e-01
      7660	 9.37918e-02	-2.13191e-01
      7680	 9.35619e-02	-2.15879e-01
      7700	 9.33261e-02	-2.18532e-01
      7720	 9.30847e-02	-2.21149e-01
      7740	 9.28375e-02	-2.23732e-01
      7760	 9.25845e-02	-2.26279e-01
      7780	 9.23258e-02	-2.28791e-01
      7800	 9.20615e-02	-2.31267e-01
      7820	 9.17914e-02	-2.33709e-01
      7840	 9.15157e-02	-2.36114e-01
      7860	 9.12343e-02	-2.38485e-01
      7880	 9.09474e-02	-2.40819e-01
      7900	 9.06548e-02	-2.43118e-01
      7920	 9.03568e-02	-2.45381e-01
      7940	 9.00532e-02	-2.47609e-01
      7960	 8.97441e-02	-2.49800e-01
      7980	 8.94296e-02	-2.51956e-01
      8000	 8.91098e-02	-2.54076e-01
      8020	 8.87846e-02	-2.56160e-01
      8040	 8.84541e-02	-2.58208e-01
      8060	 8.81183e-02	-2.60220e-01
      8080	 8.77774e-02	-2.62196e-01
      8100	 8.74314e-02	-2.64136e-01
      8120	 8.70802e-02	-2.66040e-01
      8140	 8.67241e-02	-2.67908e-01
      8160	 8.63630e-02	-2.69740e-01
      8180	 8.59970e-02	-2.71536e-01
      8200	 8.56262e-02	-2.73296e-01
      8220	 8.52506e-02	-2.75020e-01
      8240	 8.48703e-02	-2.76708e-01
      8260	 8.44855e-02	-2.78359e-01
      8280	 8.40960e-02	-2.79975e-01
      8300	 8.37021e-02	-2.81555e-01
      8320	 8.33038e-02	-2.83099e-01
      8340	 8.29012e-02	-2.84607e-01
      8360	 8.24943e-02	-2.86079e-01
      8380	 8.20833e-02	-2.87515e-01
      8400	 8.16682e-02	-2.88915e-01
      8420	 8.12492e-02	-2.90280e-01
      8440	 8.08262e-02	-2.91608e-01
      8460	 8.03994e-02	-2.92901e-01
      8480	 7.99688e-02	-2.94159e-01
      8500	 7.95346e-02	-2.95380e-01
      8520	 7.90969e-02	-2.96566e-01
      8540	 7.86557e-02	-2.97717e-01
      8560	 7.82111e-02	-2.98832e-01
      8580	 7.77632e-02	-2.99912e-01
      8600	 7.73122e-02	-3.00957e-01
      8620	 7.68580e-02	-3.01966e-01
      8640	 7.64009e-02	-3.02940e-01
      8660	 7.59409e-02	-3.03879e-01
      8680	 7.54780e-02	-3.04783e-01
      8700	 7.50125e-02	-3.05652e-01
      8720	 7.45444e-02	-3.06487e-01
      8740	 7.40737e-02	-3.07286e-01
      8760	 7.36007e-02	-3.08051e-01
      8780	 7.31253e-02	-3.08782e-01
      8800	 7.26478e-02	-3.09477e-01
      8820	 7.21681e-02	-3.10139e-01
      8840	 7.16865e-02	-3.10766e-01
      8860	 7.12029e-02	-3.11360e-01
      8880	 7.07176e-02	-3.11919e-01
      8900	 7.02306e-02	-3.12444e-01
      8920	 6.97420e-02	-3.12936e-01
      8940	 6.92518e-02	-3.13394e-01
      8960	 6.87604e-02	-3.13818e-01
      8980	 6.82676e-02	-3.14209e-01
      9000	 6.77736e-02	-3.14566e-01
      9020	 6.72786e-02	-3.14891e-01
      9040	 6.67826e-02	-3.15182e-01
      9060	 6.62858e-02	-3.15441e-01
      9080	 6.57882e-02	-3.15666e-01
      9100	 6.52899e-02	-3.15860e-01
      9120	 6.47910e-02	-3.16020e-01
      9140	 6.42917e-02	-3.16149e-01
      9160	 6.37921e-02	-3.16245e-01
      9180	 6.32922e-02	-3.16309e-01
      9200	 6.27921e-02	-3.16341e-01
      9220	 6.22920e-02	-3.16342e-01
      9240	 6.17919e-02	-3.16311e-01
      9260	 6.12920e-02	-3.16248e-01
      9280	 6.07923e-02	-3.16154e-01
      9300	 6.02930e-02	-3.16030e-01
      9320	 5.97941e-02	-3.15874e-01
      9340	 5.92957e-02	-3.15688e-01
      9360	 5.87980e-02	-3.15471e-01
      9380	 5.83010e-02	-3.15223e-01
      9400	 5.78049e-02	-3.14946e-01
      9420	 5.73096e-02	-3.14638e-01
      9440	 5.68154e-02	-3.14301e-01
      9460	 5.63223e-02	-3.13934e-01
      9480	 5.58303e-02	-3.13537e-01
      9500	 5.53397e-02	-3.13111e-01
      9520	 5.48504e-02	-3.12656e-01
      9540	 5.43626e-02	-3.12172e-01
      9560	 5.38764e-02	-3.11659e-01
      9580	 5.33918e-02	-3.11118e-01
      9600	 5.29089e-02	-3.10549e-01
      9620	 5.24279e-02	-3.09951e-01
      9640	 5.19487e-02	-3.09325e-01
      9660	 5.14715e-02	-3.08672e-01
      9680	 5.09964e-02	-3.07991e-01
      9700	 5.05234e-02	-3.07283e-01
      9720	 5.00526e-02	-3.06547e-01
      9740	 4.95841e-02	-3.05785e-01
      9760	 4.91180e-02	-3.04996e-01
      9780	 4.86543e-02	-3.04180e-01
      9800	 4.81931e-02	-3.03339e-01
      9820	 4.77346e-02	-3.02471e-01
      9840	 4.72787e-02	-3.01577e-01
      9860	 4.68255e-02	-3.00658e-01
      9880	 4.63751e-02	-2.99713e-01
      9900	 4.59276e-02	-2.98743e-01
      9920	 4.54830e-02	-2.97748e-01
      9940	 4.50415e-02	-2.96729e-01
      9960	 4.46029e-02	-2.95685e-01
      9980	 4.41675e-02	-2.94616e-01
     10000	 4.37353e-02	-2.93524e-01
     10020	 4.33064e-02	-2.92407e-01
     10040	 4.28807e-02	-2.91267e-01
     10060	 4.24583e-02	-2.90104e-01
     10080	 4.20394e-02	-2.88918e-01
     10100	 4.16240e-02	-2.87708e-01
     10120	 4.12120e-02	-2.86476e-01
     10140	 4.08036e-02	-2.85222e-01
     10160	 4.03988e-02	-2.83945e-01
     10180	 3.99977e-02	-2.82646e-01
     10200	 3.96003e-02	-2.81326e-01
     10220	 3.92066e-02	-2.79984e-01
     10240	 3.88167e-02	-2.78621e-01
     10260	 3.84306e-02	-2.77237e-01
     10280	 3.80484e-02	-2.75832e-01
     10300	 3.76700e-02	-2.74407e-01
     10320	 3.72957e-02	-2.72961e-01
     10340	 3.69252e-02	-2.71496e-01
     10360	 3.65588e-02	-2.70010e-01
     10380	 3.61965e-02	-2.68505e-01
     10400	 3.58382e-02	-2.66981e-01
     10420	 3.54839e-02	-2.65438e-01
     10440	 3.51338e-02	-2.63876e-01
     10460	 3.47879e-02	-2.62295e-01
     10480	 3.44461e-02	-2.60696e-01
     10500	 3.41085e-02	-2.59079e-01
     10520	 3.37751e-02	-2.57444e-01
     10540	 3.34460e-02	-2.55792e-01
     10560	 3.31210e-02	-2.54123e-01
     10580	 3.28004e-02	-2.52436e-01
     10600	 3.24840e-02	-2.50733e-01
     10620	 3.21719e-02	-2.49013e-01
     10640	 3.18642e-02	-2.47277e-01
     10660	 3.15607e-02	-2.45525e-01
     10680	 3.12615e-02	-2.43757e-01
     10700	 3.09667e-02	-2.41973e-01
     10720	 3.06762e-02	-2.40175e-01
     10740	 3.03900e-02	-2.38361e-01
     10760	 3.01082e-02	-2.36533e-01
     10780	 2.98307e-02	-2.34690e-01
     10800	 2.95576e-02	-2.32833e-01
     10820	 2.92888e-02	-2.30962e-01
     10840	 2.90243e-02	-2.29077e-01
     10860	 2.87642e-02	-2.27179e-01
     10880	 2.85084e-02	-2.25268e-01
     10900	 2.82569e-02	-2.23343e-01
     10920	 2.80097e-02	-2.21406e-01
     10940	 2.77668e-02	-2.19457e-01
     10960	 2.75282e-02	-2.17495e-01
     10980	 2.72939e-02	-2.15521e-01
     11000	 2.70638e-02	-2.13536e-01
     11020	 2.68380e-02	-2.11540e-01
     11040	 2.66164e-02	-2.09532e-01
     11060	 2.63991e-02	-2.07513e-01
     11080	 2.61859e-02	-2.05484e-01
     11100	 2.59769e-02	-2.03444e-01
     11120	 2.57721e-02	-2.01394e-01
     11140	 2.55714e-02	-1.99335e-01
     11160	 2.53749e-02	-1.97265e-01
     11180	 2.51824e-02	-1.95187e-01
     11200	 2.49940e-02	-1.93099e-01
     11220	 2.48096e-02	-1.91002e-01
     11240	 2.46292e-02	-1.88897e-01
     11260	 2.44528e-02	-1.86783e-01
     11280	 2.42804e-02	-1.84662e-01
     11300	 2.41119e-02	-1.82532e-01
     11320	 2.39473e-02	-1.80395e-01
     11340	 2.37865e-02	-1.78251e-01
     11360	 2.36296e-02	-1.76099e-01
     11380	 2.34765e-02	-1.73941e-01
     11400	 2.33271e-02	-1.71776e-01
     11420	 2.31815e-02	-1.69604e-01
     11440	 2.30395e-02	-1.67427e-01
     11460	 2.29012e-02	-1.65244e-01
     11480	 2.27665e-02	-1.63055e-01
     11500	 2.26353e-02	-1.60861e-01
     11520	 2.25077e-02	-1.58661e-01
     11540	 2.23836e-02	-1.56457e-01
     11560	 2.22630e-02	-1.54248e-01
     11580	 2.21457e-02	-1.52035e-01
     11600	 2.20318e-02	-1.49818e-01
     11620	 2.19213e-02	-1.47596e-01
     11640	 2.18140e-02	-1.45372e-01
     11660	 2.17100e-02	-1.43143e-01
     11680	 2.16091e-02	-1.40912e-01
     11700	 2.15114e-02	-1.38678e-01
     11720	 2.14168e-02	-1.36440e-01
     11740	 2.13252e-02	-1.34201e-01
     11760	 2.12367e-02	-1.31959e-01
     11780	 2.11511e-02	-1.29715e-01
     11800	 2.10684e-02	-1.27470e-01
     11820	 2.09886e-02	-1.25223e-01
     11840	 2.09116e-02	-1.22975e-01
     11860	 2.08374e-02	-1.20725e-01
     11880	 2.07659e-02	-1.18475e-01
     11900	 2.06970e-02	-1.16224e-01
     11920	 2.06308e-02	-1.13973e-01
     11940	 2.05671e-02	-1.11722e-01
     11960	 2.05059e-02	-1.09471e-01
     11980	 2.04472e-02	-1.07220e-01
     12000	 2.03910e-02	-1.04969e-01
     12020	 2.03370e-02	-1.02719e-01
     12040	 2.02854e-02	-1.00471e-01
     12060	 2.02361e-02	-9.82233e-02
     12080	 2.01889e-02	-9.59772e-02
     12100	 2.01439e-02	-9.37327e-02
     12120	 2.01010e-02	-9.14901e-02
     12140	 2.00602e-02	-8.92495e-02
     12160	 2.00213e-02	-8.70112e-02
     12180	 1.99845e-02	-8.47754e-02
     12200	 1.99494e-02	-8.25422e-02
     12220	 1.99163e-02	-8.03120e-02
     12240	 1.98849e-02	-7.80848e-02
     12260	 1.98553e-02	-7.58610e-02
     12280	 1.98273e-02	-7.36407e-02
     12300	 1.98010e-02	-7.14241e-02
     12320	 1.97763e-02	-6.92115e-02
     12340	 1.97531e-02	-6.70029e-02
     12360	 1.97314e-02	-6.47987e-02
     12380	 1.97111e-02	-6.25991e-02
     12400	 1.96922e-02	-6.04041e-02
     12420	 1.96746e-02	-5.82141e-02
     12440	 1.96582e-02	-5.60291e-02
     12460	 1.96431e-02	-5.38495e-02
     12480	 1.96292e-02	-5.16754e-02
     12500	 1.96164e-02	-4.95069e-02
     12520	 1.96047e-02	-4.73443e-02
     12540	 1.95939e-02	-4.51878e-02
     12560	 1.95842e-02	-4.30376e-02
     12580	 1.95754e-02	-4.08937e-02
     12600	 1.95675e-02	-3.87565e-02
     12620	 1.95603e-02	-3.66260e-02
     12640	 1.95540e-02	-3.45026e-02
     12660	 1.95484e-02	-3.23862e-02
     12680	 1.95435e-02	-3.02772e-02
     12700	 1.95392e-02	-2.81757e-02
     12720	 1.95355e-02	-2.60818e-02
     12740	 1.95324e-02	-2.39958e-02
     12760	 1.95298e-02	-2.19178e-02
     12780	 1.95276e-02	-1.98480e-02
     12800	 1.95258e-02	-1.77865e-02
     12820	 1.95244e-02	-1.57335e-02
     12840	 1.95233e-02	-1.36892e-02
     12860	 1.95225e-02	-1.16537e-02
     12880	 1.95219e-02	-9.62715e-03
     12900	 1.95215e-02	-7.60978e-03
     12920	 1.95213e-02	-5.60170e-03
     12940	 1.95212e-02	-3.60309e-03
     12960	 1.95212e-02	-1.61407e-03
     12980	 1.95212e-02	 3.65189e-04
     13000	 1.95212e-02	 2.33454e-03
     13020	 1.95211e-02	 4.29385e-03
     13040	 1.95210e-02	 6.24295e-03
     13060	 1.95207e-02	 8.18172e-03
     13080	 1.95203e-02	 1.01100e-02
     13100	 1.95197e-02	 1.20277e-02
     13120	 1.95188e-02	 1.39346e-02
     13140	 1.95177e-02	 1.58306e-02
     13160	 1.95163e-02	 1.77155e-02
     13180	 1.95146e-02	 1.95893e-02
     13200	 1.95125e-02	 2.14519e-02
     13220	 1.95100e-02	 2.33029e-02
     13240	 1.95071e-02	 2.51425e-02
     13260	 1.95037e-02	 2.69703e-02
     13280	 1.94998e-02	 2.87864e-02
     13300	 1.94954e-02	 3.05905e-02
     13320	 1.94904e-02	 3.23826e-02
     13340	 1.94849e-02	 3.41625e-02
     13360	 1.94788e-02	 3.59301e-02
     13380	 1.94720e-02	 3.76853e-02
     13400	 1.94646e-02	 3.94281e-02
     13420	 1.94565e-02	 4.11582e-02
     13440	 1.94477e-02	 4.28755e-02
     13460	 1.94381e-02	 4.45800e-02
     13480	 1.94278e-02	 4.62716e-02
     13500	 1.94167e-02	 4.79502e-02
     13520	 1.94049e-02	 4.96155e-02
     13540	 1.93921e-02	 5.12677e-02
     13560	 1.93786e-02	 5.29064e-02
     13580	 1.93642e-02	 5.45318e-02
     13600	 1.93489e-02	 5.61435e-02
     13620	 1.93327e-02	 5.77417e-02
     13640	 1.93156e-02	 5.93261e-02
     13660	 1.92975e-02	 6.08967e-02
     13680	 1.92785e-02	 6.24534e-02
     13700	 1.92586e-02	 6.39961e-02
     13720	 1.92376e-02	 6.55247e-02
     13740	 1.92157e-02	 6.70392e-02
     13760	 1.91927e-02	 6.85394e-02
     13780	 1.91687e-02	 7.00253e-02
     13800	 1.91437e-02	 7.14969e-02
     13820	 1.91177e-02	 7.29539e-02
     13840	 1.90906e-02	 7.43964e-02
     13860	 1.90624e-02	 7.58243e-02
     13880	 1.90331e-02	 7.72375e-02
     13900	 1.90028e-02	 7.86360e-02
     13920	 1.89713e-02	 8.00196e-02
     13940	 1.89388e-02	 8.13884e-02
     13960	 1.89052e-02	 8.27422e-02
     13980	 1.88704e-02	 8.40810e-02
     14000	 1.88345e-02	 8.54048e-02
     14020	 1.87975e-02	 8.67134e-02
     14040	 1.87594e-02	 8.80068e-02
     14060	 1.87201e-02	 8.92851e-02
     14080	 1.86797e-02	 9.05480e-02
     14100	 1.86382e-02	 9.17956e-02
     14120	 1.85956e-02	 9.30279e-02
     14140	 1.85517e-02	 9.42447e-02
     14160	 1.85068e-02	 9.54460e-02
     14180	 1.84607e-02	 9.66319e-02
     14200	 1.84135e-02	 9.78021e-02
     14220	 1.83651e-02	 9.89568e-02
     14240	 1.83157e-02	 1.00096e-01
     14260	 1.82650e-02	 1.01219e-01
     14280	 1.82133e-02	 1.02327e-01
     14300	 1.81604e-02	 1.03419e-01
     14320	 1.81064e-02	 1.04495e-01
     14340	 1.80513e-02	 1.05556e-01
     14360	 1.79951e-02	 1.06600e-01
     14380	 1.79378e-02	 1.07629e-01
     14400	 1.78793e-02	 1.08642e-01
     14420	 1.78198e-02	 1.09639e-01
     14440	 1.77592e-02	 1.10620e-01
     14460	 1.76975e-02	 1.11585e-01
     14480	 1.76348e-02	 1.12534e-01
     14500	 1.75710e-02	 1.13468e-01
     14520	 1.75061e-02	 1.14385e-01
     14540	 1.74402e-02	 1.15286e-01
     14560	 1.73733e-02	 1.16171e-01
     14580	 1.73054e-02	 1.17041e-01
     14600	 1.72364e-02	 1.17894e-01
     14620	 1.71665e-02	 1.18731e-01
     14640	 1.70956e-02	 1.19553e-01
     14660	 1.70237e-02	 1.20358e-01
     14680	 1.69508e-02	 1.21147e-01
     14700	 1.68770e-02	 1.21920e-01
     14720	 1.68023e-02	 1.22677e-01
     14740	 1.67266e-02	 1.23419e-01
     14760	 1.66500e-02	 1.24144e-01
     14780	 1.65726e-02	 1.24853e-01
     14800	 1.64943e-02	 1.25546e-01
     14820	 1.64151e-02	 1.26223e-01
     14840	 1.63350e-02	 1.26884e-01
     14860	 1.62542e-02	 1.27530e-01
     14880	 1.61725e-02	 1.28159e-01
     14900	 1.60900e-02	 1.28772e-01
     14920	 1.60068e-02	 1.29370e-01
     14940	 1.59228e-02	 1.29952e-01
     14960	 1.58380e-02	 1.30517e-01
     14980	 1.57525e-02	 1.31067e-01
     15000	 1.56664e-02	 1.31601e-01
     15020	 1.55795e-02	 1.32120e-01
     15040	 1.54919e-02	 1.32622e-01
     15060	 1.54037e-02	 1.33109e-01
     15080	 1.53148e-02	 1.33580e-01
     15100	 1.52254e-02	 1.34035e-01
     15120	 1.51353e-02	 1.34475e-01
     15140	 1.50446e-02	 1.34899e-01
     15160	 1.49534e-02	 1.35308e-01
     15180	 1.48617e-02	 1.35701e-01
     15200	 1.47694e-02	 1.36079e-01
     15220	 1.46766e-02	 1.36441e-01
     15240	 1.45833e-02	 1.36787e-01
     15260	 1.44896e-02	 1.37119e-01
     15280	 1.43954e-02	 1.37435e-01
     15300	 1.43008e-02	 1.37735e-01
     15320	 1.42058e-02	 1.38021e-01
     15340	 1.41105e-02	 1.38291e-01
     15360	 1.40147e-02	 1.38546e-01
     15380	 1.39186e-02	 1.38786e-01
     15400	 1.38222e-02	 1.39011e-01
     15420	 1.37255e-02	 1.39221e-01
     15440	 1.36285e-02	 1.39416e-01
     15460	 1.35312e-02	 1.39596e-01
     15480	 1.34337e-02	 1.39762e-01
     15500	 1.33360e-02	 1.39912e-01
     15520	 1.32381e-02	 1.40048e-01
     15540	 1.31400e-02	 1.40169e-01
     15560	 1.30417e-02	 1.40276e-01
     15580	 1.29433e-02	 1.40368e-01
     15600	 1.28448e-02	 1.40446e-01
     15620	 1.27462e-02	 1.40509e-01
     15640	 1.26475e-02	 1.40558e-01
     15660	 1.25487e-02	 1.40593e-01
     15680	 1.24499e-02	 1.40613e-01
     15700	 1.23511e-02	 1.40619e-01
     15720	 1.22523e-02	 1.40612e-01
     15740	 1.21535e-02	 1.40590e-01
     15760	 1.20547e-02	 1.40554e-01
     15780	 1.19560e-02	 1.40505e-01
     15800	 1.18574e-02	 1.40442e-01
     15820	 1.17589e-02	 1.40365e-01
     15840	 1.16605e-02	 1.40274e-01
     15860	 1.15622e-02	 1.40170e-01
     15880	 1.14641e-02	 1.40052e-01
     15900	 1.13662e-02	 1.39921e-01
     15920	 1.12684e-02	 1.39777e-01
     15940	 1.11709e-02	 1.39620e-01
     15960	 1.10736e-02	 1.39449e-01
     15980	 1.09765e-02	 1.39265e-01
     16000	 1.08798e-02	 1.39069e-01
     16020	 1.07832e-02	 1.38859e-01
     16040	 1.06870e-02	 1.38637e-01
     16060	 1.05911e-02	 1.38401e-01
     16080	 1.04956e-02	 1.38154e-01
     16100	 1.04004e-02	 1.37893e-01
     16120	 1.03055e-02	 1.37621e-01
     16140	 1.02111e-02	 1.37336e-01
     16160	 1.01170e-02	 1.37038e-01
     16180	 1.00234e-02	 1.36729e-01
     16200	 9.93014e-03	 1.36407e-01
     16220	 9.83737e-03	 1.36073e-01
     16240	 9.74507e-03	 1.35728e-01
     16260	 9.65324e-03	 1.35370e-01
     16280	 9.56190e-03	 1.35001e-01
     16300	 9.47107e-03	 1.34620e-01
     16320	 9.38076e-03	 1.34228e-01
     16340	 9.29098e-03	 1.33824e-01
     16360	 9.20175e-03	 1.33409e-01
     16380	 9.11308e-03	 1.32983e-01
     16400	 9.02498e-03	 1.32546e-01
     16420	 8.93747e-03	 1.32097e-01
     16440	 8.85056e-03	 1.31638e-01
     16460	 8.76426e-03	 1.31167e-01
     16480	 8.67859e-03	 1.30686e-01
     16500	 8.59355e-03	 1.30195e-01
     16520	 8.50915e-03	 1.29692e-01
     16540	 8.42542e-03	 1.29180e-01
     16560	 8.34235e-03	 1.28657e-01
     16580	 8.25996e-03	 1.28124e-01
     16600	 8.17826e-03	 1.27580e-01
     16620	 8.09726e-03	 1.27027e-01
     16640	 8.01697e-03	 1.26464e-01
     16660	 7.93739e-03	 1.25891e-01
     16680	 7.85855e-03	 1.25308e-01
     16700	 7.78044e-03	 1.24716e-01
     16720	 7.70307e-03	 1.24114e-01
     16740	 7.62645e-03	 1.23503e-01
     16760	 7.55060e-03	 1.22882e-01
     16780	 7.47551e-03	 1.22252e-01
     16800	 7.40120e-03	 1.21614e-01
     16820	 7.32767e-03	 1.20966e-01
     16840	 7.25493e-03	 1.20310e-01
     16860	 7.18298e-03	 1.19644e-01
     16880	 7.11183e-03	 1.18970e-01
     16900	 7.04149e-03	 1.18288e-01
     16920	 6.97196e-03	 1.17597e-01
     16940	 6.90325e-03	 1.16898e-01
     16960	 6.83536e-03	 1.16191e-01
     16980	 6.76830e-03	 1.15476e-01
     17000	 6.70206e-03	 1.14753e-01
     17020	 6.63666e-03	 1.14021e-01
     17040	 6.57210e-03	 1.13283e-01
     17060	 6.50838e-03	 1.12536e-01
     17080	 6.44550e-03	 1.11782e-01
     17100	 6.38347e-03	 1.11021e-01
     17120	 6.32228e-03	 1.10252e-01
     17140	 6.26195e-03	 1.09477e-01
     17160	 6.20247e-03	 1.08694e-01
     17180	 6.14385e-03	 1.07904e-01
     17200	 6.08608e-03	 1.07107e-01
     17220	 6.02916e-03	 1.06304e-01
     17240	 5.97310e-03	 1.05494e-01
     17260	 5.91791e-03	 1.04678e-01
     17280	 5.86356e-03	 1.03855e-01
     17300	 5.81008e-03	 1.03026e-01
     17320	 5.75745e-03	 1.02191e-01
     17340	 5.70568e-03	 1.01350e-01
     17360	 5.65476e-03	 1.00502e-01
     17380	 5.60470e-03	 9.96495e-02
     17400	 5.55549e-03	 9.87909e-02
     17420	 5.50713e-03	 9.79267e-02
     17440	 5.45962e-03	 9.70571e-02
     17460	 5.41296e-03	 9.61821e-02
     17480	 5.36714e-03	 9.53018e-02
     17500	 5.32216e-03	 9.44165e-02
     17520	 5.27801e-03	 9.35261e-02
     17540	 5.23471e-03	 9.26309e-02
     17560	 5.19223e-03	 9.17309e-02
     17580	 5.15058e-03	 9.08262e-02
     17600	 5.10975e-03	 8.99170e-02
     17620	 5.06975e-03	 8.90033e-02
     17640	 5.03056e-03	 8.80853e-02
     17660	 4.99217e-03	 8.71631e-02
     17680	 4.95460e-03	 8.62368e-02
     17700	 4.91782e-03	 8.53065e-02
     17720	 4.88184e-03	 8.43723e-02
     17740	 4.84665e-03	 8.34344e-02
     17760	 4.81224e-03	 8.24928e-02
     17780	 4.77861e-03	 8.15477e-02
     17800	 4.74575e-03	 8.05992e-02
     17820	 4.71366e-03	 7.96473e-02
     17840	 4.68233e-03	 7.86923e-02
     17860	 4.65175e-03	 7.77342e-02
     17880	 4.62191e-03	 7.67730e-02
     17900	 4.59281e-03	 7.58091e-02
     17920	 4.56445e-03	 7.48423e-02
     17940	 4.53681e-03	 7.38730e-02
     17960	 4.50988e-03	 7.29010e-02
     17980	 4.48367e-03	 7.19267e-02
     18000	 4.45815e-03	 7.09500e-02
     18020	 4.43333e-03	 6.99712e-02
     18040	 4.40920e-03	 6.89902e-02
     18060	 4.38574e-03	 6.80072e-02
     18080	 4.36295e-03	 6.70224e-02
     18100	 4.34082e-03	 6.60358e-02
     18120	 4.31935e-03	 6.50475e-02
     18140	 4.29852e-03	 6.40576e-02
     18160	 4.27832e-03	 6.30663e-02
     18180	 4.25874e-03	 6.20737e-02
     18200	 4.23979e-03	 6.10798e-02
     18220	 4.22144e-03	 6.00847e-02
     18240	 4.20368e-03	 5.90886e-02
     18260	 4.18652e-03	 5.80916e-02
     18280	 4.16994e-03	 5.70938e-02
     18300	 4.15392e-03	 5.60953e-02
     18320	 4.13847e-03	 5.50961e-02
     18340	 4.12356e-03	 5.40964e-02
     18360	 4.10920e-03	 5.30963e-02
     18380	 4.09537e-03	 5.20959e-02
     18400	 4.08206e-03	 5.10953e-02
     18420	 4.06926e-03	 5.00946e-02
     18440	 4.05696e-03	 4.90939e-02
     18460	 4.04515e-03	 4.80932e-02
     18480	 4.03383e-03	 4.70928e-02
     18500	 4.02297e-03	 4.60926e-02
     18520	 4.01258e-03	 4.50928e-02
     18540	 4.00263e-03	 4.40936e-02
     18560	 3.99313e-03	 4.30949e-02
     18580	 3.98406e-03	 4.20968e-02
     18600	 3.97540e-03	 4.10996e-02
     18620	 3.96716e-03	 4.01032e-02
     18640	 3.95932e-03	 3.91078e-02
     18660	 3.95186e-03	 3.81135e-02
     18680	 3.94478e-03	 3.71203e-02
     18700	 3.93808e-03	 3.61283e-02
     18720	 3.93173e-03	 3.51377e-02
     18740	 3.92572e-03	 3.41486e-02
     18760	 3.92006e-03	 3.31609e-02
     18780	 3.91472e-03	 3.21749e-02
     18800	 3.90970e-03	 3.11906e-02
     18820	 3.90499e-03	 3.02081e-02
     18840	 3.90057e-03	 2.92274e-02
     18860	 3.89644e-03	 2.82488e-02
     18880	 3.89258e-03	 2.72722e-02
     18900	 3.88899e-03	 2.62977e-02
     18920	 3.88566e-03	 2.53255e-02
     18940	 3.88257e-03	 2.43556e-02
     18960	 3.87972e-03	 2.33881e-02
     18980	 3.87710e-03	 2.24231e-02
     19000	 3.87469e-03	 2.14606e-02
     19020	 3.87249e-03	 2.05009e-02
     19040	 3.87048e-03	 1.95438e-02
     19060	 3.86866e-03	 1.85896e-02
     19080	 3.86702e-03	 1.76383e-02
     19100	 3.86554e-03	 1.66900e-02
     19120	 3.86423e-03	 1.57447e-02
     19140	 3.86306e-03	 1.48026e-02
     19160	 3.86203e-03	 1.38637e-02
     19180	 3.86113e-03	 1.29281e-02
     19200	 3.86035e-03	 1.19959e-02
     19220	 3.85969e-03	 1.10671e-02
     19240	 3.85912e-03	 1.01419e-02
     19260	 3.85865e-03	 9.22021e-03
     19280	 3.85827e-03	 8.30223e-03
     19300	 3.85796e-03	 7.38801e-03
     19320	 3.85772e-03	 6.47760e-03
     19340	 3.85754e-03	 5.57109e-03
     19360	 3.85740e-03	 4.66855e-03
     19380	 3.85731e-03	 3.77003e-03
     19400	 3.85726e-03	 2.87562e-03
     19420	 3.85723e-03	 1.98539e-03
     19440	 3.85722e-03	 1.09939e-03
     19460	 3.85721e-03	 2.17700e-04
     19480	 3.85721e-03	-6.59615e-04
     19500	 3.85721e-03	-1.53249e-03
     19520	 3.85719e-03	-2.40086e-03
     19540	 3.85715e-03	-3.26466e-03
     19560	 3.85708e-03	-4.12383e-03
     19580	 3.85698e-03	-4.97831e-03
     19600	 3.85683e-03	-5.82803e-03
     19620	 3.85664e-03	-6.67293e-03
     19640	 3.85638e-03	-7.51295e-03
     19660	 3.85607e-03	-8.34803e-03
     19680	 3.85569e-03	-9.17812e-03
     19700	 3.85523e-03	-1.00032e-02
     19720	 3.85469e-03	-1.08231e-02
     19740	 3.85406e-03	-1.16378e-02
     19760	 3.85333e-03	-1.24474e-02
     19780	 3.85251e-03	-1.32516e-02
     19800	 3.85158e-03	-1.40505e-02
     19820	 3.85054e-03	-1.48441e-02
     19840	 3.84938e-03	-1.56322e-02
     19860	 3.84810e-03	-1.64148e-02
     19880	 3.84669e-03	-1.71919e-02
     19900	 3.84514e-03	-1.79633e-02
     19920	 3.84346e-03	-1.87292e-02
     19940	 3.84164e-03	-1.94893e-02
     19960	 3.83967e-03	-2.02438e-02
     19980	 3.83755e-03	-2.09924e-02
     20000	 3.83527e-03	-2.17352e-02
