         0	 5.00000e-01	 1.00000e+00	-1.00000e-03
         1	 5.00000e-01	 9.99998e-01	-2.00000e-03
         2	 5.00000e-01	 9.99996e-01	-3.00000e-03
         3	 5.00000e-01	 9.99992e-01	-3.99999e-03
         4	 5.00000e-01	 9.99988e-01	-4.99998e-03
         5	 5.00000e-01	 9.99982e-01	-5.99996e-03
         6	 5.00000e-01	 9.99976e-01	-6.99994e-03
         7	 5.00000e-01	 9.99968e-01	-7.99991e-03
         8	 5.00000e-01	 9.99960e-01	-8.99988e-03
         9	 5.00000e-01	 9.99950e-01	-9.99983e-03
        10	 5.00000e-01	 9.99940e-01	-1.09998e-02
        11	 5.00000e-01	 9.99928e-01	-1.19997e-02
        12	 5.00000e-01	 9.99916e-01	-1.29996e-02
        13	 5.00000e-01	 9.99902e-01	-1.39995e-02
        14	 5.00000e-01	 9.99888e-01	-1.49994e-02
        15	 5.00000e-01	 9.99872e-01	-1.59993e-02
        16	 5.00000e-01	 9.99856e-01	-1.69992e-02
        17	 5.00000e-01	 9.99838e-01	-1.79990e-02
        18	 5.00000e-01	 9.99820e-01	-1.89989e-02
        19	 5.00000e-01	 9.99800e-01	-1.99987e-02
        20	 5.00000e-01	 9.99780e-01	-2.09985e-02
        21	 5.00000e-01	 9.99758e-01	-2.19982e-02
        22	 5.00000e-01	 9.99736e-01	-2.29980e-02
        23	 5.00000e-01	 9.99712e-01	-2.39977e-02
        24	 5.00000e-01	 9.99688e-01	-2.49974e-02
        25	 5.00000e-01	 9.99662e-01	-2.59971e-02
        26	 5.00000e-01	 9.99636e-01	-2.69967e-02
        27	 5.00000e-01	 9.99608e-01	-2.79963e-02
        28	 5.00000e-01	 9.99580e-01	-2.89959e-02
        29	 5.00000e-01	 9.99550e-01	-2.99955e-02
        30	 5.00000e-01	 9.99520e-01	-3.09950e-02
        31	 5.00000e-01	 9.99488e-01	-3.19945e-02
        32	 5.00000e-01	 9.99456e-01	-3.29940e-02
        33	 5.00000e-01	 9.99422e-01	-3.39934e-02
        34	 5.00000e-01	 9.99388e-01	-3.49929e-02
        35	 5.00000e-01	 9.99352e-01	-3.59922e-02
        36	 5.00000e-01	 9.99316e-01	-3.69916e-02
        37	 5.00000e-01	 9.99278e-01	-3.79909e-02
        38	 5.00000e-01	 9.99240e-01	-3.89901e-02
        39	 5.00000e-01	 9.99200e-01	-3.99893e-02
        40	 5.00000e-01	 9.99160e-01	-4.09885e-02
        41	 5.00000e-01	 9.99118e-01	-4.19876e-02
        42	 5.00000e-01	 9.99076e-01	-4.29867e-02
        43	 5.00000e-01	 9.99032e-01	-4.39858e-02
        44	 5.00000e-01	 9.98988e-01	-4.49848e-02
        45	 5.00000e-01	 9.98942e-01	-4.59838e-02
        46	 5.00000e-01	 9.98896e-01	-4.69827e-02
        47	 5.00000e-01	 9.98848e-01	-4.79816e-02
        48	 5.00000e-01	 9.98800e-01	-4.89804e-02
        49	 5.00000e-01	 9.98750e-01	-4.99792e-02
        50	 5.00000e-01	 9.98700e-01	-5.09779e-02
        51	 5.00000e-01	 9.98648e-01	-5.19766e-02
        52	 5.00000e-01	 9.98596e-01	-5.29752e-02
        53	 5.00000e-01	 9.98542e-01	-5.39738e-02
        54	 5.00000e-01	 9.98488e-01	-5.49723e-02
        55	 5.00000e-01	 9.98432e-01	-5.59707e-02
        56	 5.00000e-01	 9.98376e-01	-5.69691e-02
        57	 5.00000e-01	 9.98318e-01	-5.79675e-02
        58	 5.00000e-01	 9.98260e-01	-5.89658e-02
        59	 5.00000e-01	 9.98201e-01	-5.99640e-02
        60	 5.00000e-01	 9.98140e-01	-6.09622e-02
        61	 5.00000e-01	 9.98079e-01	-6.19603e-02
        62	 5.00000e-01	 9.98016e-01	-6.29583e-02
        63	 5.00000e-01	 9.97953e-01	-6.39563e-02
        64	 5.00000e-01	 9.97888e-01	-6.49542e-02
        65	 5.00000e-01	 9.97823e-01	-6.59521e-02
        66	 5.00000e-01	 9.97756e-01	-6.69499e-02
        67	 5.00000e-01	 9.97689e-01	-6.79476e-02
        68	 5.00000e-01	 9.97620e-01	-6.89453e-02
        69	 5.00000e-01	 9.97551e-01	-6.99428e-02
        70	 5.00000e-01	 9.97481e-01	-7.09404e-02
        71	 5.00000e-01	 9.97409e-01	-7.19378e-02
        72	 5.00000e-01	 9.97337e-01	-7.29352e-02
        73	 5.00000e-01	 9.97263e-01	-7.39325e-02
        74	 5.00000e-01	 9.97189e-01	-7.49297e-02
        75	 5.00000e-01	 9.97113e-01	-7.59269e-02
        76	 5.00000e-01	 9.97037e-01	-7.69239e-02
        77	 5.00000e-01	 9.96960e-01	-7.79209e-02
        78	 5.00000e-01	 9.96881e-01	-7.89178e-02
        79	 5.00000e-01	 9.96802e-01	-7.99147e-02
        80	 5.00000e-01	 9.96721e-01	-8.09114e-02
        81	 5.00000e-01	 9.96640e-01	-8.19081e-02
        82	 5.00000e-01	 9.96557e-01	-8.29047e-02
        83	 5.00000e-01	 9.96474e-01	-8.39012e-02
        84	 5.00000e-01	 9.96390e-01	-8.48977e-02
        85	 5.00000e-01	 9.96304e-01	-8.58940e-02
        86	 5.00000e-01	 9.96218e-01	-8.68903e-02
        87	 5.00000e-01	 9.96130e-01	-8.78865e-02
        88	 5.00000e-01	 9.96042e-01	-8.88825e-02
        89	 5.00000e-01	 9.95953e-01	-8.98785e-02
        90	 5.00000e-01	 9.95862e-01	-9.08744e-02
        91	 5.00000e-01	 9.95771e-01	-9.18703e-02
        92	 5.00000e-01	 9.95679e-01	-9.28660e-02
        93	 5.00000e-01	 9.95585e-01	-9.38616e-02
        94	 5.00000e-01	 9.95491e-01	-9.48572e-02
        95	 5.00000e-01	 9.95396e-01	-9.58526e-02
        96	 5.00000e-01	 9.95299e-01	-9.68480e-02
        97	 5.00000e-01	 9.95202e-01	-9.78432e-02
        98	 5.00000e-01	 9.95104e-01	-9.88384e-02
        99	 5.00000e-01	 9.95004e-01	-9.98334e-02
       100	 5.00000e-01	 9.94904e-01	-1.00828e-01
       101	 5.00000e-01	 9.94803e-01	-1.01823e-01
       102	 5.00000e-01	 9.94700e-01	-1.02818e-01
       103	 5.00000e-01	 9.94597e-01	-1.03813e-01
       104	 5.00000e-01	 9.94493e-01	-1.04807e-01
       105	 5.00000e-01	 9.94387e-01	-1.05802e-01
       106	 5.00000e-01	 9.94281e-01	-1.06796e-01
       107	 5.00000e-01	 9.94174e-01	-1.07790e-01
       108	 5.00000e-01	 9.94065e-01	-1.08784e-01
       109	 5.00000e-01	 9.93956e-01	-1.09778e-01
       110	 5.00000e-01	 9.93846e-01	-1.10772e-01
       111	 5.00000e-01	 9.93735e-01	-1.11766e-01
       112	 5.00000e-01	 9.93622e-01	-1.12760e-01
       113	 5.00000e-01	 9.93509e-01	-1.13753e-01
       114	 5.00000e-01	 9.93395e-01	-1.14747e-01
       115	 5.00000e-01	 9.93280e-01	-1.15740e-01
       116	 5.00000e-01	 9.93163e-01	-1.16733e-01
       117	 5.00000e-01	 9.93046e-01	-1.17726e-01
       118	 5.00000e-01	 9.92928e-01	-1.18719e-01
       119	 5.00000e-01	 9.92809e-01	-1.19712e-01
       120	 5.00000e-01	 9.92688e-01	-1.20705e-01
       121	 5.00000e-01	 9.92567e-01	-1.21698e-01
       122	 5.00000e-01	 9.92445e-01	-1.22690e-01
       123	 5.00000e-01	 9.92322e-01	-1.23682e-01
       124	 5.00000e-01	 9.92198e-01	-1.24675e-01
       125	 5.00000e-01	 9.92072e-01	-1.25667e-01
       126	 5.00000e-01	 9.91946e-01	-1.26659e-01
       127	 5.00000e-01	 9.91819e-01	-1.27651e-01
       128	 5.00000e-01	 9.91691e-01	-1.28643e-01
       129	 5.00000e-01	 9.91562e-01	-1.29634e-01
       130	 5.00000e-01	 9.91432e-01	-1.30626e-01
       131	 5.00000e-01	 9.91301e-01	-1.31617e-01
       132	 5.00000e-01	 9.91169e-01	-1.32608e-01
       133	 5.00000e-01	 9.91035e-01	-1.33599e-01
       134	 5.00000e-01	 9.90901e-01	-1.34590e-01
       135	 5.00000e-01	 9.90766e-01	-1.35581e-01
       136	 5.00000e-01	 9.90630e-01	-1.36572e-01
       137	 5.00000e-01	 9.90493e-01	-1.37562e-01
       138	 5.00000e-01	 9.90355e-01	-1.38553e-01
       139	 5.00000e-01	 9.90216e-01	-1.39543e-01
       140	 5.00000e-01	 9.90076e-01	-1.40533e-01
       141	 5.00000e-01	 9.89935e-01	-1.41523e-01
       142	 5.00000e-01	 9.89793e-01	-1.42513e-01
       143	 5.00000e-01	 9.89650e-01	-1.43503e-01
       144	 5.00000e-01	 9.89506e-01	-1.44492e-01
       145	 5.00000e-01	 9.89361e-01	-1.45482e-01
       146	 5.00000e-01	 9.89215e-01	-1.46471e-01
       147	 5.00000e-01	 9.89068e-01	-1.47460e-01
       148	 5.00000e-01	 9.88920e-01	-1.48449e-01
       149	 5.00000e-01	 9.88771e-01	-1.49438e-01
       150	 5.00000e-01	 9.88621e-01	-1.50427e-01
       151	 5.00000e-01	 9.88470e-01	-1.51415e-01
       152	 5.00000e-01	 9.88318e-01	-1.52404e-01
       153	 5.00000e-01	 9.88165e-01	-1.53392e-01
       154	 5.00000e-01	 9.88012e-01	-1.54380e-01
       155	 5.00000e-01	 9.87857e-01	-1.55368e-01
       156	 5.00000e-01	 9.87701e-01	-1.56356e-01
       157	 5.00000e-01	 9.87544e-01	-1.57343e-01
       158	 5.00000e-01	 9.87386e-01	-1.58331e-01
       159	 5.00000e-01	 9.87227e-01	-1.59318e-01
       160	 5.00000e-01	 9.87067e-01	-1.60305e-01
       161	 5.00000e-01	 9.86907e-01	-1.61292e-01
       162	 5.00000e-01	 9.86745e-01	-1.62279e-01
       163	 5.00000e-01	 9.86582e-01	-1.63266e-01
       164	 5.00000e-01	 9.86418e-01	-1.64252e-01
       165	 5.00000e-01	 9.86254e-01	-1.65239e-01
       166	 5.00000e-01	 9.86088e-01	-1.66225e-01
       167	 5.00000e-01	 9.85921e-01	-1.67211e-01
       168	 5.00000e-01	 9.85753e-01	-1.68197e-01
       169	 5.00000e-01	 9.85585e-01	-1.69182e-01
       170	 5.00000e-01	 9.85415e-01	-1.70168e-01
       171	 5.00000e-01	 9.85244e-01	-1.71153e-01
       172	 5.00000e-01	 9.85073e-01	-1.72138e-01
       173	 5.00000e-01	 9.84900e-01	-1.73123e-01
       174	 5.00000e-01	 9.84727e-01	-1.74108e-01
       175	 5.00000e-01	 9.84552e-01	-1.75093e-01
       176	 5.00000e-01	 9.84376e-01	-1.76077e-01
       177	 5.00000e-01	 9.84200e-01	-1.77062e-01
       178	 5.00000e-01	 9.84022e-01	-1.78046e-01
       179	 5.00000e-01	 9.83844e-01	-1.79030e-01
       180	 5.00000e-01	 9.83664e-01	-1.80013e-01
       181	 5.00000e-01	 9.83484e-01	-1.80997e-01
       182	 5.00000e-01	 9.83302e-01	-1.81980e-01
       183	 5.00000e-01	 9.83120e-01	-1.82963e-01
       184	 5.00000e-01	 9.82936e-01	-1.83947e-01
       185	 5.00000e-01	 9.82752e-01	-1.84929e-01
       186	 5.00000e-01	 9.82566e-01	-1.85912e-01
       187	 5.00000e-01	 9.82380e-01	-1.86894e-01
       188	 5.00000e-01	 9.82193e-01	-1.87877e-01
       189	 5.00000e-01	 9.82004e-01	-1.88859e-01
       190	 5.00000e-01	 9.81815e-01	-1.89841e-01
       191	 5.00000e-01	 9.81625e-01	-1.90823e-01
       192	 5.00000e-01	 9.81433e-01	-1.91804e-01
       193	 5.00000e-01	 9.81241e-01	-1.92785e-01
       194	 5.00000e-01	 9.81048e-01	-1.93767e-01
       195	 5.00000e-01	 9.80853e-01	-1.94747e-01
       196	 5.00000e-01	 9.80658e-01	-1.95728e-01
       197	 5.00000e-01	 9.80462e-01	-1.96709e-01
       198	 5.00000e-01	 9.80265e-01	-1.97689e-01
       199	 5.00000e-01	 9.80067e-01	-1.98669e-01
       200	 5.00000e-01	 9.79867e-01	-1.99649e-01
       201	 5.00000e-01	 9.79667e-01	-2.00629e-01
       202	 5.00000e-01	 9.79466e-01	-2.01609e-01
       203	 5.00000e-01	 9.79264e-01	-2.02588e-01
       204	 5.00000e-01	 9.79061e-01	-2.03567e-01
       205	 5.00000e-01	 9.78857e-01	-2.04546e-01
       206	 5.00000e-01	 9.78652e-01	-2.05525e-01
       207	 5.00000e-01	 9.78446e-01	-2.06503e-01
       208	 5.00000e-01	 9.78239e-01	-2.07482e-01
       209	 5.00000e-01	 9.78031e-01	-2.08460e-01
       210	 5.00000e-01	 9.77822e-01	-2.09438e-01
       211	 5.00000e-01	 9.77612e-01	-2.10416e-01
       212	 5.00000e-01	 9.77401e-01	-2.11393e-01
       213	 5.00000e-01	 9.77189e-01	-2.12370e-01
       214	 5.00000e-01	 9.76976e-01	-2.13347e-01
       215	 5.00000e-01	 9.76763e-01	-2.14324e-01
       216	 5.00000e-01	 9.76548e-01	-2.15301e-01
       217	 5.00000e-01	 9.76332e-01	-2.16277e-01
       218	 5.00000e-01	 9.76115e-01	-2.17254e-01
       219	 5.00000e-01	 9.75897e-01	-2.18230e-01
       220	 5.00000e-01	 9.75679e-01	-2.19205e-01
       221	 5.00000e-01	 9.75459e-01	-2.20181e-01
       222	 5.00000e-01	 9.75238e-01	-2.21156e-01
       223	 5.00000e-01	 9.75017e-01	-2.22131e-01
       224	 5.00000e-01	 9.74794e-01	-2.23106e-01
       225	 5.00000e-01	 9.74571e-01	-2.24081e-01
       226	 5.00000e-01	 9.74346e-01	-2.25055e-01
       227	 5.00000e-01	 9.74120e-01	-2.26030e-01
       228	 5.00000e-01	 9.73894e-01	-2.27004e-01
       229	 5.00000e-01	 9.73666e-01	-2.27978e-01
       230	 5.00000e-01	 9.73438e-01	-2.28951e-01
       231	 5.00000e-01	 9.73208e-01	-2.29924e-01
       232	 5.00000e-01	 9.72978e-01	-2.30897e-01
       233	 5.00000e-01	 9.72747e-01	-2.31870e-01
       234	 5.00000e-01	 9.72514e-01	-2.32843e-01
       235	 5.00000e-01	 9.72281e-01	-2.33815e-01
       236	 5.00000e-01	 9.72047e-01	-2.34788e-01
       237	 5.00000e-01	 9.71811e-01	-2.35759e-01
       238	 5.00000e-01	 9.71575e-01	-2.36731e-01
       239	 5.00000e-01	 9.71338e-01	-2.37703e-01
       240	 5.00000e-01	 9.71100e-01	-2.38674e-01
       241	 5.00000e-01	 9.70861e-01	-2.39645e-01
       242	 5.00000e-01	 9.70620e-01	-2.40616e-01
       243	 5.00000e-01	 9.70379e-01	-2.41586e-01
       244	 5.00000e-01	 9.70137e-01	-2.42556e-01
       245	 5.00000e-01	 9.69894e-01	-2.43526e-01
       246	 5.00000e-01	 9.69650e-01	-2.44496e-01
       247	 5.00000e-01	 9.69405e-01	-2.45466e-01
       248	 5.00000e-01	 9.69159e-01	-2.46435e-01
       249	 5.00000e-01	 9.68912e-01	-2.47404e-01
       250	 5.00000e-01	 9.68665e-01	-2.48373e-01
       251	 5.00000e-01	 9.68416e-01	-2.49341e-01
       252	 5.00000e-01	 9.68166e-01	-2.50310e-01
       253	 5.00000e-01	 9.67915e-01	-2.51278e-01
       254	 5.00000e-01	 9.67663e-01	-2.52245e-01
       255	 5.00000e-01	 9.67411e-01	-2.53213e-01
       256	 5.00000e-01	 9.67157e-01	-2.54180e-01
       257	 5.00000e-01	 9.66902e-01	-2.55147e-01
       258	 5.00000e-01	 9.66647e-01	-2.56114e-01
       259	 5.00000e-01	 9.66390e-01	-2.57081e-01
       260	 5.00000e-01	 9.66132e-01	-2.58047e-01
       261	 5.00000e-01	 9.65874e-01	-2.59013e-01
       262	 5.00000e-01	 9.65614e-01	-2.59979e-01
       263	 5.00000e-01	 9.65354e-01	-2.60944e-01
       264	 5.00000e-01	 9.65092e-01	-2.61909e-01
       265	 5.00000e-01	 9.64830e-01	-2.62874e-01
       266	 5.00000e-01	 9.64567e-01	-2.63839e-01
       267	 5.00000e-01	 9.64302e-01	-2.64803e-01
       268	 5.00000e-01	 9.64037e-01	-2.65768e-01
       269	 5.00000e-01	 9.63771e-01	-2.66731e-01
       270	 5.00000e-01	 9.63504e-01	-2.67695e-01
       271	 5.00000e-01	 9.63236e-01	-2.68658e-01
       272	 5.00000e-01	 9.62966e-01	-2.69622e-01
       273	 5.00000e-01	 9.62696e-01	-2.70584e-01
       274	 5.00000e-01	 9.62425e-01	-2.71547e-01
       275	 5.00000e-01	 9.62153e-01	-2.72509e-01
       276	 5.00000e-01	 9.61880e-01	-2.73471e-01
       277	 5.00000e-01	 9.61606e-01	-2.74433e-01
       278	 5.00000e-01	 9.61331e-01	-2.75394e-01
       279	 5.00000e-01	 9.61055e-01	-2.76356e-01
       280	 5.00000e-01	 9.60779e-01	-2.77317e-01
       281	 5.00000e-01	 9.60501e-01	-2.78277e-01
       282	 5.00000e-01	 9.60222e-01	-2.79238e-01
       283	 5.00000e-01	 9.59942e-01	-2.80198e-01
       284	 5.00000e-01	 9.59662e-01	-2.81157e-01
       285	 5.00000e-01	 9.59380e-01	-2.82117e-01
       286	 5.00000e-01	 9.59097e-01	-2.83076e-01
       287	 5.00000e-01	 9.58814e-01	-2.84035e-01
       288	 5.00000e-01	 9.58529e-01	-2.84994e-01
       289	 5.00000e-01	 9.58244e-01	-2.85952e-01
       290	 5.00000e-01	 9.57957e-01	-2.86910e-01
       291	 5.00000e-01	 9.57670e-01	-2.87868e-01
       292	 5.00000e-01	 9.57382e-01	-2.88826e-01
       293	 5.00000e-01	 9.57092e-01	-2.89783e-01
       294	 5.00000e-01	 9.56802e-01	-2.90740e-01
       295	 5.00000e-01	 9.56511e-01	-2.91696e-01
       296	 5.00000e-01	 9.56219e-01	-2.92653e-01
       297	 5.00000e-01	 9.55926e-01	-2.93609e-01
       298	 5.00000e-01	 9.55632e-01	-2.94565e-01
       299	 5.00000e-01	 9.55336e-01	-2.95520e-01
       300	 5.00000e-01	 9.55040e-01	-2.96475e-01
       301	 5.00000e-01	 9.54744e-01	-2.97430e-01
       302	 5.00000e-01	 9.54446e-01	-2.98385e-01
       303	 5.00000e-01	 9.54147e-01	-2.99339e-01
       304	 5.00000e-01	 9.53847e-01	-3.00293e-01
       305	 5.00000e-01	 9.53546e-01	-3.01247e-01
       306	 5.00000e-01	 9.53244e-01	-3.02200e-01
       307	 5.00000e-01	 9.52942e-01	-3.03153e-01
       308	 5.00000e-01	 9.52638e-01	-3.04106e-01
       309	 5.00000e-01	 9.52334e-01	-3.05059e-01
       310	 5.00000e-01	 9.52028e-01	-3.06011e-01
       311	 5.00000e-01	 9.51722e-01	-3.06963e-01
       312	 5.00000e-01	 9.51414e-01	-3.07914e-01
       313	 5.00000e-01	 9.51106e-01	-3.08865e-01
       314	 5.00000e-01	 9.50796e-01	-3.09816e-01
       315	 5.00000e-01	 9.50486e-01	-3.10767e-01
       316	 5.00000e-01	 9.50175e-01	-3.11717e-01
       317	 5.00000e-01	 9.49863e-01	-3.12667e-01
       318	 5.00000e-01	 9.49550e-01	-3.13617e-01
       319	 5.00000e-01	 9.49235e-01	-3.14567e-01
       320	 5.00000e-01	 9.48920e-01	-3.15516e-01
       321	 5.00000e-01	 9.48604e-01	-3.16464e-01
       322	 5.00000e-01	 9.48287e-01	-3.17413e-01
       323	 5.00000e-01	 9.47970e-01	-3.18361e-01
       324	 5.00000e-01	 9.47651e-01	-3.19309e-01
       325	 5.00000e-01	 9.47331e-01	-3.20256e-01
       326	 5.00000e-01	 9.47010e-01	-3.21203e-01
       327	 5.00000e-01	 9.46689e-01	-3.22150e-01
       328	 5.00000e-01	 9.46366e-01	-3.23097e-01
       329	 5.00000e-01	 9.46042e-01	-3.24043e-01
       330	 5.00000e-01	 9.45718e-01	-3.24989e-01
       331	 5.00000e-01	 9.45392e-01	-3.25934e-01
       332	 5.00000e-01	 9.45066e-01	-3.26880e-01
       333	 5.00000e-01	 9.44739e-01	-3.27825e-01
       334	 5.00000e-01	 9.44410e-01	-3.28769e-01
       335	 5.00000e-01	 9.44081e-01	-3.29713e-01
       336	 5.00000e-01	 9.43751e-01	-3.30657e-01
       337	 5.00000e-01	 9.43420e-01	-3.31601e-01
       338	 5.00000e-01	 9.43088e-01	-3.32544e-01
       339	 5.00000e-01	 9.42755e-01	-3.33487e-01
       340	 5.00000e-01	 9.42421e-01	-3.34430e-01
       341	 5.00000e-01	 9.42086e-01	-3.35372e-01
       342	 5.00000e-01	 9.41750e-01	-3.36314e-01
       343	 5.00000e-01	 9.41413e-01	-3.37255e-01
       344	 5.00000e-01	 9.41075e-01	-3.38197e-01
       345	 5.00000e-01	 9.40737e-01	-3.39138e-01
       346	 5.00000e-01	 9.40397e-01	-3.40078e-01
       347	 5.00000e-01	 9.40057e-01	-3.41018e-01
       348	 5.00000e-01	 9.39715e-01	-3.41958e-01
       349	 5.00000e-01	 9.39373e-01	-3.42898e-01
       350	 5.00000e-01	 9.39029e-01	-3.43837e-01
       351	 5.00000e-01	 9.38685e-01	-3.44776e-01
       352	 5.00000e-01	 9.38340e-01	-3.45714e-01
       353	 5.00000e-01	 9.37994e-01	-3.46653e-01
       354	 5.00000e-01	 9.37646e-01	-3.47590e-01
       355	 5.00000e-01	 9.37298e-01	-3.48528e-01
       356	 5.00000e-01	 9.36949e-01	-3.49465e-01
       357	 5.00000e-01	 9.36599e-01	-3.50402e-01
       358	 5.00000e-01	 9.36249e-01	-3.51338e-01
       359	 5.00000e-01	 9.35897e-01	-3.52274e-01
       360	 5.00000e-01	 9.35544e-01	-3.53210e-01
       361	 5.00000e-01	 9.35190e-01	-3.54145e-01
       362	 5.00000e-01	 9.34836e-01	-3.55080e-01
       363	 5.00000e-01	 9.34480e-01	-3.56015e-01
       364	 5.00000e-01	 9.34124e-01	-3.56949e-01
       365	 5.00000e-01	 9.33766e-01	-3.57883e-01
       366	 5.00000e-01	 9.33408e-01	-3.58817e-01
       367	 5.00000e-01	 9.33049e-01	-3.59750e-01
       368	 5.00000e-01	 9.32688e-01	-3.60683e-01
       369	 5.00000e-01	 9.32327e-01	-3.61615e-01
       370	 5.00000e-01	 9.31965e-01	-3.62548e-01
       371	 5.00000e-01	 9.31602e-01	-3.63479e-01
       372	 5.00000e-01	 9.31238e-01	-3.64411e-01
       373	 5.00000e-01	 9.30873e-01	-3.65342e-01
       374	 5.00000e-01	 9.30508e-01	-3.66272e-01
       375	 5.00000e-01	 9.30141e-01	-3.67203e-01
       376	 5.00000e-01	 9.29773e-01	-3.68133e-01
       377	 5.00000e-01	 9.29405e-01	-3.69062e-01
       378	 5.00000e-01	 9.29035e-01	-3.69992e-01
       379	 5.00000e-01	 9.28665e-01	-3.70920e-01
       380	 5.00000e-01	 9.28293e-01	-3.71849e-01
       381	 5.00000e-01	 9.27921e-01	-3.72777e-01
       382	 5.00000e-01	 9.27548e-01	-3.73705e-01
       383	 5.00000e-01	 9.27174e-01	-3.74632e-01
       384	 5.00000e-01	 9.26798e-01	-3.75559e-01
       385	 5.00000e-01	 9.26422e-01	-3.76486e-01
       386	 5.00000e-01	 9.26045e-01	-3.77412e-01
       387	 5.00000e-01	 9.25668e-01	-3.78338e-01
       388	 5.00000e-01	 9.25289e-01	-3.79263e-01
       389	 5.00000e-01	 9.24909e-01	-3.80188e-01
       390	 5.00000e-01	 9.24528e-01	-3.81113e-01
       391	 5.00000e-01	 9.24147e-01	-3.82037e-01
       392	 5.00000e-01	 9.23764e-01	-3.82961e-01
       393	 5.00000e-01	 9.23381e-01	-3.83885e-01
       394	 5.00000e-01	 9.22997e-01	-3.84808e-01
       395	 5.00000e-01	 9.22611e-01	-3.85731e-01
       396	 5.00000e-01	 9.22225e-01	-3.86653e-01
       397	 5.00000e-01	 9.21838e-01	-3.87575e-01
       398	 5.00000e-01	 9.21450e-01	-3.88497e-01
       399	 5.00000e-01	 9.21061e-01	-3.89418e-01
       400	 5.00000e-01	 9.20671e-01	-3.90339e-01
       401	 5.00000e-01	 9.20280e-01	-3.91260e-01
       402	 5.00000e-01	 9.19889e-01	-3.92180e-01
       403	 5.00000e-01	 9.19496e-01	-3.93099e-01
       404	 5.00000e-01	 9.19102e-01	-3.94019e-01
       405	 5.00000e-01	 9.18708e-01	-3.94938e-01
       406	 5.00000e-01	 9.18313e-01	-3.95856e-01
       407	 5.00000e-01	 9.17916e-01	-3.96774e-01
       408	 5.00000e-01	 9.17519e-01	-3.97692e-01
       409	 5.00000e-01	 9.17121e-01	-3.98609e-01
       410	 5.00000e-01	 9.16722e-01	-3.99526e-01
       411	 5.00000e-01	 9.16322e-01	-4.00443e-01
       412	 5.00000e-01	 9.15921e-01	-4.01359e-01
       413	 5.00000e-01	 9.15519e-01	-4.02275e-01
       414	 5.00000e-01	 9.15116e-01	-4.03190e-01
       415	 5.00000e-01	 9.14713e-01	-4.04105e-01
       416	 5.00000e-01	 9.14308e-01	-4.05019e-01
       417	 5.00000e-01	 9.13903e-01	-4.05933e-01
       418	 5.00000e-01	 9.13496e-01	-4.06847e-01
       419	 5.00000e-01	 9.13089e-01	-4.07760e-01
       420	 5.00000e-01	 9.12681e-01	-4.08673e-01
       421	 5.00000e-01	 9.12272e-01	-4.09586e-01
       422	 5.00000e-01	 9.11862e-01	-4.10498e-01
       423	 5.00000e-01	 9.11451e-01	-4.11410e-01
       424	 5.00000e-01	 9.11039e-01	-4.12321e-01
       425	 5.00000e-01	 9.10626e-01	-4.13232e-01
       426	 5.00000e-01	 9.10212e-01	-4.14142e-01
       427	 5.00000e-01	 9.09798e-01	-4.15052e-01
       428	 5.00000e-01	 9.09382e-01	-4.15962e-01
       429	 5.00000e-01	 9.08966e-01	-4.16871e-01
       430	 5.00000e-01	 9.08548e-01	-4.17780e-01
       431	 5.00000e-01	 9.08130e-01	-4.18688e-01
       432	 5.00000e-01	 9.07711e-01	-4.19596e-01
       433	 5.00000e-01	 9.07291e-01	-4.20503e-01
       434	 5.00000e-01	 9.06870e-01	-4.21410e-01
       435	 5.00000e-01	 9.06448e-01	-4.22317e-01
       436	 5.00000e-01	 9.06025e-01	-4.23223e-01
       437	 5.00000e-01	 9.05602e-01	-4.24129e-01
       438	 5.00000e-01	 9.05177e-01	-4.25034e-01
       439	 5.00000e-01	 9.04752e-01	-4.25939e-01
       440	 5.00000e-01	 9.04325e-01	-4.26844e-01
       441	 5.00000e-01	 9.03898e-01	-4.27748e-01
       442	 5.00000e-01	 9.03470e-01	-4.28652e-01
       443	 5.00000e-01	 9.03041e-01	-4.29555e-01
       444	 5.00000e-01	 9.02611e-01	-4.30458e-01
       445	 5.00000e-01	 9.02180e-01	-4.31360e-01
       446	 5.00000e-01	 9.01748e-01	-4.32262e-01
       447	 5.00000e-01	 9.01315e-01	-4.33164e-01
       448	 5.00000e-01	 9.00882e-01	-4.34065e-01
       449	 5.00000e-01	 9.00447e-01	-4.34965e-01
       450	 5.00000e-01	 9.00012e-01	-4.35866e-01
       451	 5.00000e-01	 8.99575e-01	-4.36766e-01
       452	 5.00000e-01	 8.99138e-01	-4.37665e-01
       453	 5.00000e-01	 8.98700e-01	-4.38564e-01
       454	 5.00000e-01	 8.98261e-01	-4.39462e-01
       455	 5.00000e-01	 8.97821e-01	-4.40360e-01
       456	 5.00000e-01	 8.97380e-01	-4.41258e-01
       457	 5.00000e-01	 8.96939e-01	-4.42155e-01
       458	 5.00000e-01	 8.96496e-01	-4.43052e-01
       459	 5.00000e-01	 8.96052e-01	-4.43948e-01
       460	 5.00000e-01	 8.95608e-01	-4.44844e-01
       461	 5.00000e-01	 8.95163e-01	-4.45739e-01
       462	 5.00000e-01	 8.94717e-01	-4.46634e-01
       463	 5.00000e-01	 8.94270e-01	-4.47529e-01
       464	 5.00000e-01	 8.93822e-01	-4.48423e-01
       465	 5.00000e-01	 8.93373e-01	-4.49316e-01
       466	 5.00000e-01	 8.92923e-01	-4.50210e-01
       467	 5.00000e-01	 8.92472e-01	-4.51102e-01
       468	 5.00000e-01	 8.92021e-01	-4.51994e-01
       469	 5.00000e-01	 8.91568e-01	-4.52886e-01
       470	 5.00000e-01	 8.91115e-01	-4.53778e-01
       471	 5.00000e-01	 8.90661e-01	-4.54668e-01
       472	 5.00000e-01	 8.90206e-01	-4.55559e-01
       473	 5.00000e-01	 8.89750e-01	-4.56449e-01
       474	 5.00000e-01	 8.89293e-01	-4.57338e-01
       475	 5.00000e-01	 8.88835e-01	-4.58227e-01
       476	 5.00000e-01	 8.88376e-01	-4.59116e-01
       477	 5.00000e-01	 8.87917e-01	-4.60004e-01
       478	 5.00000e-01	 8.87456e-01	-4.60892e-01
       479	 5.00000e-01	 8.86995e-01	-4.61779e-01
       480	 5.00000e-01	 8.86533e-01	-4.62666e-01
       481	 5.00000e-01	 8.86070e-01	-4.63552e-01
       482	 5.00000e-01	 8.85606e-01	-4.64438e-01
       483	 5.00000e-01	 8.85141e-01	-4.65323e-01
       484	 5.00000e-01	 8.84675e-01	-4.66208e-01
       485	 5.00000e-01	 8.84208e-01	-4.67093e-01
       486	 5.00000e-01	 8.83741e-01	-4.67977e-01
       487	 5.00000e-01	 8.83272e-01	-4.68860e-01
       488	 5.00000e-01	 8.82803e-01	-4.69743e-01
       489	 5.00000e-01	 8.82333e-01	-4.70626e-01
       490	 5.00000e-01	 8.81862e-01	-4.71508e-01
       491	 5.00000e-01	 8.81390e-01	-4.72390e-01
       492	 5.00000e-01	 8.80917e-01	-4.73271e-01
       493	 5.00000e-01	 8.80443e-01	-4.74151e-01
       494	 5.00000e-01	 8.79969e-01	-4.75032e-01
       495	 5.00000e-01	 8.79493e-01	-4.75911e-01
       496	 5.00000e-01	 8.79017e-01	-4.76791e-01
       497	 5.00000e-01	 8.78540e-01	-4.77669e-01
       498	 5.00000e-01	 8.78062e-01	-4.78548e-01
       499	 5.00000e-01	 8.77583e-01	-4.79425e-01
       500	 5.00000e-01	 8.77103e-01	-4.80303e-01
       501	 5.00000e-01	 8.76622e-01	-4.81180e-01
       502	 5.00000e-01	 8.76140e-01	-4.82056e-01
       503	 5.00000e-01	 8.75658e-01	-4.82932e-01
       504	 5.00000e-01	 8.75174e-01	-4.83807e-01
       505	 5.00000e-01	 8.74690e-01	-4.84682e-01
       506	 5.00000e-01	 8.74205e-01	-4.85557e-01
       507	 5.00000e-01	 8.73719e-01	-4.86431e-01
       508	 5.00000e-01	 8.73232e-01	-4.87304e-01
       509	 5.00000e-01	 8.72744e-01	-4.88177e-01
       510	 5.00000e-01	 8.72256e-01	-4.89050e-01
       511	 5.00000e-01	 8.71766e-01	-4.89922e-01
       512	 5.00000e-01	 8.71276e-01	-4.90793e-01
       513	 5.00000e-01	 8.70785e-01	-4.91664e-01
       514	 5.00000e-01	 8.70293e-01	-4.92535e-01
       515	 5.00000e-01	 8.69800e-01	-4.93405e-01
       516	 5.00000e-01	 8.69306e-01	-4.94274e-01
       517	 5.00000e-01	 8.68811e-01	-4.95143e-01
       518	 5.00000e-01	 8.68316e-01	-4.96012e-01
       519	 5.00000e-01	 8.67819e-01	-4.96880e-01
       520	 5.00000e-01	 8.67322e-01	-4.97748e-01
       521	 5.00000e-01	 8.66824e-01	-4.98615e-01
       522	 5.00000e-01	 8.66325e-01	-4.99481e-01
       523	 5.00000e-01	 8.65825e-01	-5.00347e-01
       524	 5.00000e-01	 8.65324e-01	-5.01213e-01
       525	 5.00000e-01	 8.64822e-01	-5.02078e-01
       526	 5.00000e-01	 8.64320e-01	-5.02943e-01
       527	 5.00000e-01	 8.63816e-01	-5.03807e-01
       528	 5.00000e-01	 8.63312e-01	-5.04670e-01
       529	 5.00000e-01	 8.62807e-01	-5.05533e-01
       530	 5.00000e-01	 8.62301e-01	-5.06396e-01
       531	 5.00000e-01	 8.61794e-01	-5.07258e-01
       532	 5.00000e-01	 8.61287e-01	-5.08119e-01
       533	 5.00000e-01	 8.60778e-01	-5.08980e-01
       534	 5.00000e-01	 8.60269e-01	-5.09841e-01
       535	 5.00000e-01	 8.59758e-01	-5.10701e-01
       536	 5.00000e-01	 8.59247e-01	-5.11561e-01
       537	 5.00000e-01	 8.58735e-01	-5.12420e-01
       538	 5.00000e-01	 8.58222e-01	-5.13278e-01
       539	 5.00000e-01	 8.57709e-01	-5.14136e-01
       540	 5.00000e-01	 8.57194e-01	-5.14993e-01
       541	 5.00000e-01	 8.56679e-01	-5.15850e-01
       542	 5.00000e-01	 8.56162e-01	-5.16707e-01
       543	 5.00000e-01	 8.55645e-01	-5.17563e-01
       544	 5.00000e-01	 8.55127e-01	-5.18418e-01
       545	 5.00000e-01	 8.54608e-01	-5.19273e-01
       546	 5.00000e-01	 8.54089e-01	-5.20127e-01
       547	 5.00000e-01	 8.53568e-01	-5.20981e-01
       548	 5.00000e-01	 8.53047e-01	-5.21834e-01
       549	 5.00000e-01	 8.52525e-01	-5.22687e-01
       550	 5.00000e-01	 8.52001e-01	-5.23539e-01
       551	 5.00000e-01	 8.51477e-01	-5.24391e-01
       552	 5.00000e-01	 8.50953e-01	-5.25242e-01
       553	 5.00000e-01	 8.50427e-01	-5.26093e-01
       554	 5.00000e-01	 8.49900e-01	-5.26943e-01
       555	 5.00000e-01	 8.49373e-01	-5.27793e-01
       556	 5.00000e-01	 8.48845e-01	-5.28642e-01
       557	 5.00000e-01	 8.48316e-01	-5.29491e-01
       558	 5.00000e-01	 8.47786e-01	-5.30339e-01
       559	 5.00000e-01	 8.47255e-01	-5.31186e-01
       560	 5.00000e-01	 8.46723e-01	-5.32033e-01
       561	 5.00000e-01	 8.46191e-01	-5.32880e-01
       562	 5.00000e-01	 8.45658e-01	-5.33726e-01
       563	 5.00000e-01	 8.45124e-01	-5.34571e-01
       564	 5.00000e-01	 8.44589e-01	-5.35416e-01
       565	 5.00000e-01	 8.44053e-01	-5.36260e-01
       566	 5.00000e-01	 8.43516e-01	-5.37104e-01
       567	 5.00000e-01	 8.42979e-01	-5.37947e-01
       568	 5.00000e-01	 8.42440e-01	-5.38790e-01
       569	 5.00000e-01	 8.41901e-01	-5.39632e-01
       570	 5.00000e-01	 8.41361e-01	-5.40474e-01
       571	 5.00000e-01	 8.40820e-01	-5.41315e-01
       572	 5.00000e-01	 8.40278e-01	-5.42155e-01
       573	 5.00000e-01	 8.39736e-01	-5.42995e-01
       574	 5.00000e-01	 8.39192e-01	-5.43835e-01
       575	 5.00000e-01	 8.38648e-01	-5.44674e-01
       576	 5.00000e-01	 8.38103e-01	-5.45512e-01
       577	 5.00000e-01	 8.37557e-01	-5.46350e-01
       578	 5.00000e-01	 8.37010e-01	-5.47187e-01
       579	 5.00000e-01	 8.36463e-01	-5.48024e-01
       580	 5.00000e-01	 8.35914e-01	-5.48860e-01
       581	 5.00000e-01	 8.35365e-01	-5.49696e-01
       582	 5.00000e-01	 8.34815e-01	-5.50531e-01
       583	 5.00000e-01	 8.34264e-01	-5.51365e-01
       584	 5.00000e-01	 8.33712e-01	-5.52199e-01
       585	 5.00000e-01	 8.33159e-01	-5.53033e-01
       586	 5.00000e-01	 8.32606e-01	-5.53866e-01
       587	 5.00000e-01	 8.32052e-01	-5.54698e-01
       588	 5.00000e-01	 8.31497e-01	-5.55530e-01
       589	 5.00000e-01	 8.30941e-01	-5.56361e-01
       590	 5.00000e-01	 8.30384e-01	-5.57192e-01
       591	 5.00000e-01	 8.29826e-01	-5.58022e-01
       592	 5.00000e-01	 8.29268e-01	-5.58851e-01
       593	 5.00000e-01	 8.28709e-01	-5.59680e-01
       594	 5.00000e-01	 8.28148e-01	-5.60509e-01
       595	 5.00000e-01	 8.27588e-01	-5.61337e-01
       596	 5.00000e-01	 8.27026e-01	-5.62164e-01
       597	 5.00000e-01	 8.26463e-01	-5.62991e-01
       598	 5.00000e-01	 8.25900e-01	-5.63817e-01
       599	 5.00000e-01	 8.25336e-01	-5.64642e-01
       600	 5.00000e-01	 8.24771e-01	-5.65467e-01
       601	 5.00000e-01	 8.24205e-01	-5.66292e-01
       602	 5.00000e-01	 8.23638e-01	-5.67116e-01
       603	 5.00000e-01	 8.23070e-01	-5.67939e-01
       604	 5.00000e-01	 8.22502e-01	-5.68762e-01
       605	 5.00000e-01	 8.21933e-01	-5.69584e-01
       606	 5.00000e-01	 8.21363e-01	-5.70406e-01
       607	 5.00000e-01	 8.20792e-01	-5.71227e-01
       608	 5.00000e-01	 8.20220e-01	-5.72047e-01
       609	 5.00000e-01	 8.19648e-01	-5.72867e-01
       610	 5.00000e-01	 8.19075e-01	-5.73687e-01
       611	 5.00000e-01	 8.18501e-01	-5.74506e-01
       612	 5.00000e-01	 8.17926e-01	-5.75324e-01
       613	 5.00000e-01	 8.17350e-01	-5.76141e-01
       614	 5.00000e-01	 8.16773e-01	-5.76958e-01
       615	 5.00000e-01	 8.16196e-01	-5.77775e-01
       616	 5.00000e-01	 8.15618e-01	-5.78591e-01
       617	 5.00000e-01	 8.15039e-01	-5.79406e-01
       618	 5.00000e-01	 8.14459e-01	-5.80221e-01
       619	 5.00000e-01	 8.13878e-01	-5.81035e-01
       620	 5.00000e-01	 8.13297e-01	-5.81849e-01
       621	 5.00000e-01	 8.12715e-01	-5.82662e-01
       622	 5.00000e-01	 8.12132e-01	-5.83474e-01
       623	 5.00000e-01	 8.11548e-01	-5.84286e-01
       624	 5.00000e-01	 8.10963e-01	-5.85097e-01
       625	 5.00000e-01	 8.10378e-01	-5.85908e-01
       626	 5.00000e-01	 8.09791e-01	-5.86718e-01
       627	 5.00000e-01	 8.09204e-01	-5.87527e-01
       628	 5.00000e-01	 8.08616e-01	-5.88336e-01
       629	 5.00000e-01	 8.08027e-01	-5.89145e-01
       630	 5.00000e-01	 8.07438e-01	-5.89952e-01
       631	 5.00000e-01	 8.06848e-01	-5.90760e-01
       632	 5.00000e-01	 8.06256e-01	-5.91566e-01
       633	 5.00000e-01	 8.05664e-01	-5.92372e-01
       634	 5.00000e-01	 8.05072e-01	-5.93177e-01
       635	 5.00000e-01	 8.04478e-01	-5.93982e-01
       636	 5.00000e-01	 8.03884e-01	-5.94786e-01
       637	 5.00000e-01	 8.03289e-01	-5.95590e-01
       638	 5.00000e-01	 8.02693e-01	-5.96393e-01
       639	 5.00000e-01	 8.02096e-01	-5.97195e-01
       640	 5.00000e-01	 8.01498e-01	-5.97997e-01
       641	 5.00000e-01	 8.00900e-01	-5.98798e-01
       642	 5.00000e-01	 8.00301e-01	-5.99599e-01
       643	 5.00000e-01	 7.99701e-01	-6.00399e-01
       644	 5.00000e-01	 7.99100e-01	-6.01198e-01
       645	 5.00000e-01	 7.98498e-01	-6.01997e-01
       646	 5.00000e-01	 7.97896e-01	-6.02795e-01
       647	 5.00000e-01	 7.97293e-01	-6.03593e-01
       648	 5.00000e-01	 7.96689e-01	-6.04390e-01
       649	 5.00000e-01	 7.96084e-01	-6.05186e-01
       650	 5.00000e-01	 7.95478e-01	-6.05982e-01
       651	 5.00000e-01	 7.94872e-01	-6.06777e-01
       652	 5.00000e-01	 7.94265e-01	-6.07572e-01
       653	 5.00000e-01	 7.93657e-01	-6.08366e-01
       654	 5.00000e-01	 7.93048e-01	-6.09159e-01
       655	 5.00000e-01	 7.92438e-01	-6.09952e-01
       656	 5.00000e-01	 7.91828e-01	-6.10744e-01
       657	 5.00000e-01	 7.91217e-01	-6.11536e-01
       658	 5.00000e-01	 7.90605e-01	-6.12326e-01
       659	 5.00000e-01	 7.89992e-01	-6.13117e-01
       660	 5.00000e-01	 7.89379e-01	-6.13906e-01
       661	 5.00000e-01	 7.88764e-01	-6.14696e-01
       662	 5.00000e-01	 7.88149e-01	-6.15484e-01
       663	 5.00000e-01	 7.87533e-01	-6.16272e-01
       664	 5.00000e-01	 7.86917e-01	-6.17059e-01
       665	 5.00000e-01	 7.86299e-01	-6.17846e-01
       666	 5.00000e-01	 7.85681e-01	-6.18632e-01
       667	 5.00000e-01	 7.85062e-01	-6.19417e-01
       668	 5.00000e-01	 7.84442e-01	-6.20202e-01
       669	 5.00000e-01	 7.83822e-01	-6.20986e-01
       670	 5.00000e-01	 7.83200e-01	-6.21769e-01
       671	 5.00000e-01	 7.82578e-01	-6.22552e-01
       672	 5.00000e-01	 7.81955e-01	-6.23335e-01
       673	 5.00000e-01	 7.81331e-01	-6.24116e-01
       674	 5.00000e-01	 7.80707e-01	-6.24897e-01
       675	 5.00000e-01	 7.80082e-01	-6.25678e-01
       676	 5.00000e-01	 7.79456e-01	-6.26457e-01
       677	 5.00000e-01	 7.78829e-01	-6.27237e-01
       678	 5.00000e-01	 7.78201e-01	-6.28015e-01
       679	 5.00000e-01	 7.77573e-01	-6.28793e-01
       680	 5.00000e-01	 7.76944e-01	-6.29570e-01
       681	 5.00000e-01	 7.76314e-01	-6.30347e-01
       682	 5.00000e-01	 7.75683e-01	-6.31123e-01
       683	 5.00000e-01	 7.75051e-01	-6.31898e-01
       684	 5.00000e-01	 7.74419e-01	-6.32673e-01
       685	 5.00000e-01	 7.73786e-01	-6.33447e-01
       686	 5.00000e-01	 7.73152e-01	-6.34221e-01
       687	 5.00000e-01	 7.72518e-01	-6.34993e-01
       688	 5.00000e-01	 7.71882e-01	-6.35766e-01
       689	 5.00000e-01	 7.71246e-01	-6.36537e-01
       690	 5.00000e-01	 7.70609e-01	-6.37308e-01
       691	 5.00000e-01	 7.69971e-01	-6.38078e-01
       692	 5.00000e-01	 7.69333e-01	-6.38848e-01
       693	 5.00000e-01	 7.68694e-01	-6.39617e-01
       694	 5.00000e-01	 7.68054e-01	-6.40385e-01
       695	 5.00000e-01	 7.67413e-01	-6.41153e-01
       696	 5.00000e-01	 7.66771e-01	-6.41920e-01
       697	 5.00000e-01	 7.66129e-01	-6.42687e-01
       698	 5.00000e-01	 7.65486e-01	-6.43452e-01
       699	 5.00000e-01	 7.64842e-01	-6.44218e-01
       700	 5.00000e-01	 7.64198e-01	-6.44982e-01
       701	 5.00000e-01	 7.63552e-01	-6.45746e-01
       702	 5.00000e-01	 7.62906e-01	-6.46509e-01
       703	 5.00000e-01	 7.62259e-01	-6.47272e-01
       704	 5.00000e-01	 7.61612e-01	-6.48034e-01
       705	 5.00000e-01	 7.60963e-01	-6.48795e-01
       706	 5.00000e-01	 7.60314e-01	-6.49556e-01
       707	 5.00000e-01	 7.59664e-01	-6.50316e-01
       708	 5.00000e-01	 7.59013e-01	-6.51075e-01
       709	 5.00000e-01	 7.58362e-01	-6.51834e-01
       710	 5.00000e-01	 7.57710e-01	-6.52592e-01
       711	 5.00000e-01	 7.57057e-01	-6.53349e-01
       712	 5.00000e-01	 7.56403e-01	-6.54106e-01
       713	 5.00000e-01	 7.55748e-01	-6.54862e-01
       714	 5.00000e-01	 7.55093e-01	-6.55617e-01
       715	 5.00000e-01	 7.54437e-01	-6.56372e-01
       716	 5.00000e-01	 7.53780e-01	-6.57126e-01
       717	 5.00000e-01	 7.53123e-01	-6.57880e-01
       718	 5.00000e-01	 7.52465e-01	-6.58632e-01
       719	 5.00000e-01	 7.51806e-01	-6.59385e-01
       720	 5.00000e-01	 7.51146e-01	-6.60136e-01
       721	 5.00000e-01	 7.50485e-01	-6.60887e-01
       722	 5.00000e-01	 7.49824e-01	-6.61637e-01
       723	 5.00000e-01	 7.49162e-01	-6.62387e-01
       724	 5.00000e-01	 7.48499e-01	-6.63135e-01
       725	 5.00000e-01	 7.47836e-01	-6.63884e-01
       726	 5.00000e-01	 7.47172e-01	-6.64631e-01
       727	 5.00000e-01	 7.46507e-01	-6.65378e-01
       728	 5.00000e-01	 7.45841e-01	-6.66124e-01
       729	 5.00000e-01	 7.45174e-01	-6.66870e-01
       730	 5.00000e-01	 7.44507e-01	-6.67614e-01
       731	 5.00000e-01	 7.43839e-01	-6.68359e-01
       732	 5.00000e-01	 7.43170e-01	-6.69102e-01
       733	 5.00000e-01	 7.42501e-01	-6.69845e-01
       734	 5.00000e-01	 7.41831e-01	-6.70587e-01
       735	 5.00000e-01	 7.41160e-01	-6.71329e-01
       736	 5.00000e-01	 7.40488e-01	-6.72069e-01
       737	 5.00000e-01	 7.39816e-01	-6.72810e-01
       738	 5.00000e-01	 7.39142e-01	-6.73549e-01
       739	 5.00000e-01	 7.38469e-01	-6.74288e-01
       740	 5.00000e-01	 7.37794e-01	-6.75026e-01
       741	 5.00000e-01	 7.37118e-01	-6.75763e-01
       742	 5.00000e-01	 7.36442e-01	-6.76500e-01
       743	 5.00000e-01	 7.35765e-01	-6.77236e-01
       744	 5.00000e-01	 7.35088e-01	-6.77972e-01
       745	 5.00000e-01	 7.34410e-01	-6.78706e-01
       746	 5.00000e-01	 7.33730e-01	-6.79441e-01
       747	 5.00000e-01	 7.33051e-01	-6.80174e-01
       748	 5.00000e-01	 7.32370e-01	-6.80907e-01
       749	 5.00000e-01	 7.31689e-01	-6.81639e-01
       750	 5.00000e-01	 7.31007e-01	-6.82370e-01
       751	 5.00000e-01	 7.30324e-01	-6.83101e-01
       752	 5.00000e-01	 7.29641e-01	-6.83831e-01
       753	 5.00000e-01	 7.28956e-01	-6.84560e-01
       754	 5.00000e-01	 7.28272e-01	-6.85289e-01
       755	 5.00000e-01	 7.27586e-01	-6.86017e-01
       756	 5.00000e-01	 7.26899e-01	-6.86744e-01
       757	 5.00000e-01	 7.26212e-01	-6.87470e-01
       758	 5.00000e-01	 7.25525e-01	-6.88196e-01
       759	 5.00000e-01	 7.24836e-01	-6.88921e-01
       760	 5.00000e-01	 7.24147e-01	-6.89646e-01
       761	 5.00000e-01	 7.23457e-01	-6.90370e-01
       762	 5.00000e-01	 7.22766e-01	-6.91093e-01
       763	 5.00000e-01	 7.22075e-01	-6.91815e-01
       764	 5.00000e-01	 7.21382e-01	-6.92537e-01
       765	 5.00000e-01	 7.20689e-01	-6.93258e-01
       766	 5.00000e-01	 7.19996e-01	-6.93978e-01
       767	 5.00000e-01	 7.19301e-01	-6.94698e-01
       768	 5.00000e-01	 7.18606e-01	-6.95417e-01
       769	 5.00000e-01	 7.17911e-01	-6.96135e-01
       770	 5.00000e-01	 7.17214e-01	-6.96853e-01
       771	 5.00000e-01	 7.16517e-01	-6.97570e-01
       772	 5.00000e-01	 7.15819e-01	-6.98286e-01
       773	 5.00000e-01	 7.15120e-01	-6.99001e-01
       774	 5.00000e-01	 7.14421e-01	-6.99716e-01
       775	 5.00000e-01	 7.13721e-01	-7.00430e-01
       776	 5.00000e-01	 7.13020e-01	-7.01143e-01
       777	 5.00000e-01	 7.12319e-01	-7.01856e-01
       778	 5.00000e-01	 7.11616e-01	-7.02568e-01
       779	 5.00000e-01	 7.10914e-01	-7.03279e-01
       780	 5.00000e-01	 7.10210e-01	-7.03990e-01
       781	 5.00000e-01	 7.09506e-01	-7.04700e-01
       782	 5.00000e-01	 7.08800e-01	-7.05409e-01
       783	 5.00000e-01	 7.08095e-01	-7.06117e-01
       784	 5.00000e-01	 7.07388e-01	-7.06825e-01
       785	 5.00000e-01	 7.06681e-01	-7.07532e-01
       786	 5.00000e-01	 7.05973e-01	-7.08238e-01
       787	 5.00000e-01	 7.05265e-01	-7.08944e-01
       788	 5.00000e-01	 7.04555e-01	-7.09649e-01
       789	 5.00000e-01	 7.03845e-01	-7.10353e-01
       790	 5.00000e-01	 7.03135e-01	-7.11057e-01
       791	 5.00000e-01	 7.02423e-01	-7.11759e-01
       792	 5.00000e-01	 7.01711e-01	-7.12462e-01
       793	 5.00000e-01	 7.00998e-01	-7.13163e-01
       794	 5.00000e-01	 7.00285e-01	-7.13864e-01
       795	 5.00000e-01	 6.99571e-01	-7.14563e-01
       796	 5.00000e-01	 6.98856e-01	-7.15263e-01
       797	 5.00000e-01	 6.98140e-01	-7.15961e-01
       798	 5.00000e-01	 6.97424e-01	-7.16659e-01
       799	 5.00000e-01	 6.96707e-01	-7.17356e-01
       800	 5.00000e-01	 6.95989e-01	-7.18052e-01
       801	 5.00000e-01	 6.95271e-01	-7.18748e-01
       802	 5.00000e-01	 6.94551e-01	-7.19443e-01
       803	 5.00000e-01	 6.93832e-01	-7.20137e-01
       804	 5.00000e-01	 6.93111e-01	-7.20831e-01
       805	 5.00000e-01	 6.92390e-01	-7.21523e-01
       806	 5.00000e-01	 6.91668e-01	-7.22215e-01
       807	 5.00000e-01	 6.90946e-01	-7.22907e-01
       808	 5.00000e-01	 6.90222e-01	-7.23597e-01
       809	 5.00000e-01	 6.89498e-01	-7.24287e-01
       810	 5.00000e-01	 6.88774e-01	-7.24976e-01
       811	 5.00000e-01	 6.88048e-01	-7.25665e-01
       812	 5.00000e-01	 6.87322e-01	-7.26352e-01
       813	 5.00000e-01	 6.86596e-01	-7.27039e-01
       814	 5.00000e-01	 6.85868e-01	-7.27726e-01
       815	 5.00000e-01	 6.85140e-01	-7.28411e-01
       816	 5.00000e-01	 6.84412e-01	-7.29096e-01
       817	 5.00000e-01	 6.83682e-01	-7.29780e-01
       818	 5.00000e-01	 6.82952e-01	-7.30463e-01
       819	 5.00000e-01	 6.82221e-01	-7.31146e-01
       820	 5.00000e-01	 6.81490e-01	-7.31828e-01
       821	 5.00000e-01	 6.80758e-01	-7.32509e-01
       822	 5.00000e-01	 6.80025e-01	-7.33189e-01
       823	 5.00000e-01	 6.79291e-01	-7.33869e-01
       824	 5.00000e-01	 6.78557e-01	-7.34548e-01
       825	 5.00000e-01	 6.77822e-01	-7.35226e-01
       826	 5.00000e-01	 6.77086e-01	-7.35903e-01
       827	 5.00000e-01	 6.76350e-01	-7.36580e-01
       828	 5.00000e-01	 6.75613e-01	-7.37256e-01
       829	 5.00000e-01	 6.74876e-01	-7.37931e-01
       830	 5.00000e-01	 6.74137e-01	-7.38606e-01
       831	 5.00000e-01	 6.73399e-01	-7.39280e-01
       832	 5.00000e-01	 6.72659e-01	-7.39953e-01
       833	 5.00000e-01	 6.71919e-01	-7.40625e-01
       834	 5.00000e-01	 6.71178e-01	-7.41296e-01
       835	 5.00000e-01	 6.70436e-01	-7.41967e-01
       836	 5.00000e-01	 6.69694e-01	-7.42637e-01
       837	 5.00000e-01	 6.68951e-01	-7.43307e-01
       838	 5.00000e-01	 6.68207e-01	-7.43975e-01
       839	 5.00000e-01	 6.67463e-01	-7.44643e-01
       840	 5.00000e-01	 6.66718e-01	-7.45310e-01
       841	 5.00000e-01	 6.65972e-01	-7.45976e-01
       842	 5.00000e-01	 6.65226e-01	-7.46642e-01
       843	 5.00000e-01	 6.64479e-01	-7.47307e-01
       844	 5.00000e-01	 6.63731e-01	-7.47971e-01
       845	 5.00000e-01	 6.62983e-01	-7.48634e-01
       846	 5.00000e-01	 6.62234e-01	-7.49297e-01
       847	 5.00000e-01	 6.61484e-01	-7.49959e-01
       848	 5.00000e-01	 6.60734e-01	-7.50620e-01
       849	 5.00000e-01	 6.59983e-01	-7.51280e-01
       850	 5.00000e-01	 6.59232e-01	-7.51940e-01
       851	 5.00000e-01	 6.58479e-01	-7.52599e-01
       852	 5.00000e-01	 6.57726e-01	-7.53257e-01
       853	 5.00000e-01	 6.56973e-01	-7.53914e-01
       854	 5.00000e-01	 6.56218e-01	-7.54571e-01
       855	 5.00000e-01	 6.55464e-01	-7.55227e-01
       856	 5.00000e-01	 6.54708e-01	-7.55882e-01
       857	 5.00000e-01	 6.53952e-01	-7.56536e-01
       858	 5.00000e-01	 6.53195e-01	-7.57190e-01
       859	 5.00000e-01	 6.52437e-01	-7.57842e-01
       860	 5.00000e-01	 6.51679e-01	-7.58495e-01
       861	 5.00000e-01	 6.50920e-01	-7.59146e-01
       862	 5.00000e-01	 6.50161e-01	-7.59796e-01
       863	 5.00000e-01	 6.49401e-01	-7.60446e-01
       864	 5.00000e-01	 6.48640e-01	-7.61095e-01
       865	 5.00000e-01	 6.47879e-01	-7.61743e-01
       866	 5.00000e-01	 6.47117e-01	-7.62391e-01
       867	 5.00000e-01	 6.46354e-01	-7.63038e-01
       868	 5.00000e-01	 6.45591e-01	-7.63684e-01
       869	 5.00000e-01	 6.44827e-01	-7.64329e-01
       870	 5.00000e-01	 6.44062e-01	-7.64973e-01
       871	 5.00000e-01	 6.43297e-01	-7.65617e-01
       872	 5.00000e-01	 6.42531e-01	-7.66260e-01
       873	 5.00000e-01	 6.41764e-01	-7.66902e-01
       874	 5.00000e-01	 6.40997e-01	-7.67543e-01
       875	 5.00000e-01	 6.40229e-01	-7.68184e-01
       876	 5.00000e-01	 6.39460e-01	-7.68824e-01
       877	 5.00000e-01	 6.38691e-01	-7.69463e-01
       878	 5.00000e-01	 6.37922e-01	-7.70101e-01
       879	 5.00000e-01	 6.37151e-01	-7.70739e-01
       880	 5.00000e-01	 6.36380e-01	-7.71376e-01
       881	 5.00000e-01	 6.35608e-01	-7.72012e-01
       882	 5.00000e-01	 6.34836e-01	-7.72647e-01
       883	 5.00000e-01	 6.34063e-01	-7.73281e-01
       884	 5.00000e-01	 6.33289e-01	-7.73915e-01
       885	 5.00000e-01	 6.32515e-01	-7.74548e-01
       886	 5.00000e-01	 6.31740e-01	-7.75180e-01
       887	 5.00000e-01	 6.30965e-01	-7.75811e-01
       888	 5.00000e-01	 6.30189e-01	-7.76442e-01
       889	 5.00000e-01	 6.29412e-01	-7.77072e-01
       890	 5.00000e-01	 6.28635e-01	-7.77701e-01
       891	 5.00000e-01	 6.27857e-01	-7.78329e-01
       892	 5.00000e-01	 6.27078e-01	-7.78956e-01
       893	 5.00000e-01	 6.26299e-01	-7.79583e-01
       894	 5.00000e-01	 6.25519e-01	-7.80209e-01
       895	 5.00000e-01	 6.24738e-01	-7.80834e-01
       896	 5.00000e-01	 6.23957e-01	-7.81458e-01
       897	 5.00000e-01	 6.23175e-01	-7.82082e-01
       898	 5.00000e-01	 6.22393e-01	-7.82705e-01
       899	 5.00000e-01	 6.21610e-01	-7.83327e-01
       900	 5.00000e-01	 6.20826e-01	-7.83948e-01
       901	 5.00000e-01	 6.20042e-01	-7.84568e-01
       902	 5.00000e-01	 6.19257e-01	-7.85188e-01
       903	 5.00000e-01	 6.18472e-01	-7.85807e-01
       904	 5.00000e-01	 6.17686e-01	-7.86425e-01
       905	 5.00000e-01	 6.16899e-01	-7.87042e-01
       906	 5.00000e-01	 6.16111e-01	-7.87659e-01
       907	 5.00000e-01	 6.15323e-01	-7.88275e-01
       908	 5.00000e-01	 6.14535e-01	-7.88890e-01
       909	 5.00000e-01	 6.13746e-01	-7.89504e-01
       910	 5.00000e-01	 6.12956e-01	-7.90117e-01
       911	 5.00000e-01	 6.12165e-01	-7.90730e-01
       912	 5.00000e-01	 6.11374e-01	-7.91341e-01
       913	 5.00000e-01	 6.10583e-01	-7.91952e-01
       914	 5.00000e-01	 6.09791e-01	-7.92563e-01
       915	 5.00000e-01	 6.08998e-01	-7.93172e-01
       916	 5.00000e-01	 6.08204e-01	-7.93781e-01
       917	 5.00000e-01	 6.07410e-01	-7.94388e-01
       918	 5.00000e-01	 6.06615e-01	-7.94995e-01
       919	 5.00000e-01	 6.05820e-01	-7.95602e-01
       920	 5.00000e-01	 6.05024e-01	-7.96207e-01
       921	 5.00000e-01	 6.04228e-01	-7.96812e-01
       922	 5.00000e-01	 6.03431e-01	-7.97415e-01
       923	 5.00000e-01	 6.02633e-01	-7.98018e-01
       924	 5.00000e-01	 6.01835e-01	-7.98621e-01
       925	 5.00000e-01	 6.01036e-01	-7.99222e-01
       926	 5.00000e-01	 6.00236e-01	-7.99823e-01
       927	 5.00000e-01	 5.99436e-01	-8.00423e-01
       928	 5.00000e-01	 5.98635e-01	-8.01022e-01
       929	 5.00000e-01	 5.97834e-01	-8.01620e-01
       930	 5.00000e-01	 5.97032e-01	-8.02217e-01
       931	 5.00000e-01	 5.96230e-01	-8.02814e-01
       932	 5.00000e-01	 5.95426e-01	-8.03410e-01
       933	 5.00000e-01	 5.94623e-01	-8.04005e-01
       934	 5.00000e-01	 5.93818e-01	-8.04599e-01
       935	 5.00000e-01	 5.93013e-01	-8.05192e-01
       936	 5.00000e-01	 5.92208e-01	-8.05785e-01
       937	 5.00000e-01	 5.91402e-01	-8.06377e-01
       938	 5.00000e-01	 5.90595e-01	-8.06968e-01
       939	 5.00000e-01	 5.89788e-01	-8.07558e-01
       940	 5.00000e-01	 5.88980e-01	-8.08147e-01
       941	 5.00000e-01	 5.88172e-01	-8.08736e-01
       942	 5.00000e-01	 5.87363e-01	-8.09324e-01
       943	 5.00000e-01	 5.86553e-01	-8.09911e-01
       944	 5.00000e-01	 5.85743e-01	-8.10497e-01
       945	 5.00000e-01	 5.84932e-01	-8.11082e-01
       946	 5.00000e-01	 5.84121e-01	-8.11667e-01
       947	 5.00000e-01	 5.83309e-01	-8.12250e-01
       948	 5.00000e-01	 5.82496e-01	-8.12833e-01
       949	 5.00000e-01	 5.81683e-01	-8.13415e-01
       950	 5.00000e-01	 5.80869e-01	-8.13997e-01
       951	 5.00000e-01	 5.80055e-01	-8.14577e-01
       952	 5.00000e-01	 5.79240e-01	-8.15157e-01
       953	 5.00000e-01	 5.78425e-01	-8.15736e-01
       954	 5.00000e-01	 5.77609e-01	-8.16314e-01
       955	 5.00000e-01	 5.76792e-01	-8.16891e-01
       956	 5.00000e-01	 5.75975e-01	-8.17467e-01
       957	 5.00000e-01	 5.75157e-01	-8.18043e-01
       958	 5.00000e-01	 5.74339e-01	-8.18618e-01
       959	 5.00000e-01	 5.73520e-01	-8.19191e-01
       960	 5.00000e-01	 5.72700e-01	-8.19765e-01
       961	 5.00000e-01	 5.71880e-01	-8.20337e-01
       962	 5.00000e-01	 5.71060e-01	-8.20908e-01
       963	 5.00000e-01	 5.70239e-01	-8.21479e-01
       964	 5.00000e-01	 5.69417e-01	-8.22049e-01
       965	 5.00000e-01	 5.68595e-01	-8.22618e-01
       966	 5.00000e-01	 5.67772e-01	-8.23186e-01
       967	 5.00000e-01	 5.66948e-01	-8.23753e-01
       968	 5.00000e-01	 5.66124e-01	-8.24320e-01
       969	 5.00000e-01	 5.65299e-01	-8.24886e-01
       970	 5.00000e-01	 5.64474e-01	-8.25451e-01
       971	 5.00000e-01	 5.63649e-01	-8.26015e-01
       972	 5.00000e-01	 5.62822e-01	-8.26578e-01
       973	 5.00000e-01	 5.61995e-01	-8.27140e-01
       974	 5.00000e-01	 5.61168e-01	-8.27702e-01
       975	 5.00000e-01	 5.60340e-01	-8.28263e-01
       976	 5.00000e-01	 5.59511e-01	-8.28822e-01
       977	 5.00000e-01	 5.58682e-01	-8.29382e-01
       978	 5.00000e-01	 5.57853e-01	-8.29940e-01
       979	 5.00000e-01	 5.57023e-01	-8.30497e-01
       980	 5.00000e-01	 5.56192e-01	-8.31054e-01
       981	 5.00000e-01	 5.55360e-01	-8.31610e-01
       982	 5.00000e-01	 5.54529e-01	-8.32165e-01
       983	 5.00000e-01	 5.53696e-01	-8.32719e-01
       984	 5.00000e-01	 5.52863e-01	-8.33272e-01
       985	 5.00000e-01	 5.52030e-01	-8.33824e-01
       986	 5.00000e-01	 5.51195e-01	-8.34376e-01
       987	 5.00000e-01	 5.50361e-01	-8.34927e-01
       988	 5.00000e-01	 5.49526e-01	-8.35477e-01
       989	 5.00000e-01	 5.48690e-01	-8.36026e-01
       990	 5.00000e-01	 5.47854e-01	-8.36574e-01
       991	 5.00000e-01	 5.47017e-01	-8.37122e-01
       992	 5.00000e-01	 5.46179e-01	-8.37668e-01
       993	 5.00000e-01	 5.45341e-01	-8.38214e-01
       994	 5.00000e-01	 5.44503e-01	-8.38759e-01
       995	 5.00000e-01	 5.43664e-01	-8.39303e-01
       996	 5.00000e-01	 5.42824e-01	-8.39846e-01
       997	 5.00000e-01	 5.41984e-01	-8.40389e-01
       998	 5.00000e-01	 5.41143e-01	-8.40930e-01
       999	 5.00000e-01	 5.40302e-01	-8.41471e-01
      1000	 5.00000e-01	 5.39461e-01	-8.42011e-01
