r	Paircorrelationfunction g(r)
 0.00000	    -nan
 0.01000	 0.00000
 0.02000	 0.00000
 0.03000	 0.00000
 0.04000	 0.00000
 0.05000	 0.00000
 0.06000	 0.00000
 0.07000	 0.00000
 0.08000	 0.00000
 0.09000	 0.00000
 0.10000	 0.00000
 0.11000	 0.00000
 0.12000	 0.00000
 0.13000	 0.00000
 0.14000	 0.00000
 0.15000	 0.00000
 0.16000	 0.00000
 0.17000	 0.00000
 0.18000	 0.00000
 0.19000	 0.00000
 0.20000	 0.00000
 0.21000	 0.00000
 0.22000	 0.00000
 0.23000	 0.00000
 0.24000	 0.00000
 0.25000	 0.00000
 0.26000	 0.00000
 0.27000	 0.00000
 0.28000	 0.00000
 0.29000	 0.00000
 0.30000	 0.00000
 0.31000	 0.00000
 0.32000	 0.00000
 0.33000	 0.00000
 0.34000	 0.00000
 0.35000	 0.00000
 0.36000	 0.00000
 0.37000	 0.00000
 0.38000	 0.00000
 0.39000	 0.00000
 0.40000	 0.00000
 0.41000	 0.00000
 0.42000	 0.00000
 0.43000	 0.00000
 0.44000	 0.00000
 0.45000	 0.00000
 0.46000	 0.00000
 0.47000	 0.00000
 0.48000	 0.00000
 0.49000	 0.00000
 0.50000	 0.00000
 0.51000	 0.00000
 0.52000	 0.00000
 0.53000	 0.00000
 0.54000	 0.00000
 0.55000	 0.00000
 0.56000	 0.00000
 0.57000	 0.00000
 0.58000	 0.00000
 0.59000	 0.00000
 0.60000	 0.00000
 0.61000	 0.00000
 0.62000	 0.00000
 0.63000	 0.00000
 0.64000	 0.00000
 0.65000	 0.00000
 0.66000	 0.00000
 0.67000	 0.00000
 0.68000	 0.00000
 0.69000	 0.00000
 0.70000	 0.00000
 0.71000	 0.00000
 0.72000	 0.00000
 0.73000	 0.00000
 0.74000	 0.00000
 0.75000	 0.00000
 0.76000	 0.00000
 0.77000	 0.00000
 0.78000	 0.00000
 0.79000	 0.00000
 0.80000	 0.00000
 0.81000	 0.00000
 0.82000	 0.00000
 0.83000	 0.00000
 0.84000	 0.00000
 0.85000	 0.00000
 0.86000	 0.00000
 0.87000	 0.00000
 0.88000	 0.00000
 0.89000	 0.00000
 0.90000	 0.00000
 0.91000	 0.00030
 0.92000	 0.00321
 0.93000	 0.01169
 0.94000	 0.04914
 0.95000	 0.08009
 0.96000	 0.17480
 0.97000	 0.29340
 0.98000	 0.48216
 0.99000	 0.72695
 1.00000	 1.01618
 1.01000	 1.31781
 1.02000	 1.58661
 1.03000	 1.93872
 1.04000	 2.22482
 1.05000	 2.48877
 1.06000	 2.66050
 1.07000	 2.81463
 1.08000	 2.91715
 1.09000	 3.00217
 1.10000	 3.02877
 1.11000	 3.00528
 1.12000	 2.93337
 1.13000	 2.88323
 1.14000	 2.82660
 1.15000	 2.72822
 1.16000	 2.59778
 1.17000	 2.46183
 1.18000	 2.35118
 1.19000	 2.24494
 1.20000	 2.11636
 1.21000	 1.99929
 1.22000	 1.91229
 1.23000	 1.85555
 1.24000	 1.68824
 1.25000	 1.61855
 1.26000	 1.48092
 1.27000	 1.38886
 1.28000	 1.33773
 1.29000	 1.21952
 1.30000	 1.15835
 1.31000	 1.08740
 1.32000	 1.02256
 1.33000	 0.99413
 1.34000	 0.90681
 1.35000	 0.87352
 1.36000	 0.80724
 1.37000	 0.78603
 1.38000	 0.74035
 1.39000	 0.68926
 1.40000	 0.65843
 1.41000	 0.64205
 1.42000	 0.63120
 1.43000	 0.58682
 1.44000	 0.55097
 1.45000	 0.57426
 1.46000	 0.53563
 1.47000	 0.53031
 1.48000	 0.52734
 1.49000	 0.54184
 1.50000	 0.52850
 1.51000	 0.51038
 1.52000	 0.52632
 1.53000	 0.52895
 1.54000	 0.51284
 1.55000	 0.52463
 1.56000	 0.53343
 1.57000	 0.54348
 1.58000	 0.54156
 1.59000	 0.55204
 1.60000	 0.55278
 1.61000	 0.55402
 1.62000	 0.56046
 1.63000	 0.57607
 1.64000	 0.58631
 1.65000	 0.60351
 1.66000	 0.59188
 1.67000	 0.61542
 1.68000	 0.60348
 1.69000	 0.61268
 1.70000	 0.63350
 1.71000	 0.63151
 1.72000	 0.65129
 1.73000	 0.65186
 1.74000	 0.67690
 1.75000	 0.67450
 1.76000	 0.71106
 1.77000	 0.71975
 1.78000	 0.74664
 1.79000	 0.76088
 1.80000	 0.77690
 1.81000	 0.81201
 1.82000	 0.83819
 1.83000	 0.87797
 1.84000	 0.90635
 1.85000	 0.95078
 1.86000	 0.97695
 1.87000	 1.01140
 1.88000	 1.02859
 1.89000	 1.09046
 1.90000	 1.10915
 1.91000	 1.15018
 1.92000	 1.19210
 1.93000	 1.24052
 1.94000	 1.26932
 1.95000	 1.31700
 1.96000	 1.31580
 1.97000	 1.33801
 1.98000	 1.35970
 1.99000	 1.38320
 2.00000	 1.38902
 2.01000	 1.40161
 2.02000	 1.41878
 2.03000	 1.42855
 2.04000	 1.42951
 2.05000	 1.42323
 2.06000	 1.41689
 2.07000	 1.41832
 2.08000	 1.37962
 2.09000	 1.38950
 2.10000	 1.36785
 2.11000	 1.33652
 2.12000	 1.33096
 2.13000	 1.30093
 2.14000	 1.28045
 2.15000	 1.25437
 2.16000	 1.26044
 2.17000	 1.23340
 2.18000	 1.21069
 2.19000	 1.17924
 2.20000	 1.16095
 2.21000	 1.14359
 2.22000	 1.12365
 2.23000	 1.08606
 2.24000	 1.08435
 2.25000	 1.04905
 2.26000	 1.04390
 2.27000	 1.01231
 2.28000	 1.00877
 2.29000	 0.97434
 2.30000	 0.96449
 2.31000	 0.96068
 2.32000	 0.92790
 2.33000	 0.93031
 2.34000	 0.92936
 2.35000	 0.91392
 2.36000	 0.89414
 2.37000	 0.89149
 2.38000	 0.87682
 2.39000	 0.87650
 2.40000	 0.87722
 2.41000	 0.87225
 2.42000	 0.86737
 2.43000	 0.85874
 2.44000	 0.87550
 2.45000	 0.86237
 2.46000	 0.86178
 2.47000	 0.87503
 2.48000	 0.87593
 2.49000	 0.88164
 2.50000	 0.87413
 2.51000	 0.88210
 2.52000	 0.89698
 2.53000	 0.89137
 2.54000	 0.89683
 2.55000	 0.90677
