       1000  3.66342e-01  5.49513e-01 -6.68462e+00 -6.13510e+00 -3.71817e+00
       2000  3.83045e-01  5.74567e-01 -6.70953e+00 -6.13496e+00 -3.76226e+00
       3000  3.88861e-01  5.83292e-01 -6.71793e+00 -6.13464e+00 -3.83102e+00
       4000  3.78820e-01  5.68230e-01 -6.70335e+00 -6.13512e+00 -3.69538e+00
       5000  3.70679e-01  5.56018e-01 -6.69113e+00 -6.13511e+00 -3.70162e+00
       6000  3.90511e-01  5.85766e-01 -6.72082e+00 -6.13505e+00 -3.84443e+00
       7000  3.22183e-01  4.83275e-01 -6.61747e+00 -6.13419e+00 -3.32000e+00
       8000  3.88098e-01  5.82146e-01 -6.71748e+00 -6.13533e+00 -3.83903e+00
       9000  3.82981e-01  5.74472e-01 -6.70936e+00 -6.13489e+00 -3.83889e+00
      10000  3.62498e-01  5.43747e-01 -6.67886e+00 -6.13512e+00 -3.65261e+00
