[-1.2558614  -1.27282214 -1.2363255  -1.34423721 -1.17006087 -1.57165527
 -1.55222929 -1.64065254 -1.61569798 -1.47804129 -1.24254394 -1.16168737
 -1.31805849 -1.20286608 -1.2875638  -1.33918536 -1.33802223 -1.43635762
 -1.26127541 -1.32108629 -1.02276421 -1.12718332 -1.015872   -0.98220867
 -0.96579283 -1.32707119 -1.2359215  -1.36389971 -1.30574811 -1.40271544
 -1.41324675 -1.37708533 -1.35320294 -1.40522146 -1.51747739 -1.39784849
 -1.46565771 -1.36358106 -1.45002127 -1.31213391 -1.33669376 -1.23205483
 -1.38205552 -1.34312177 -1.38954294 -1.57018316 -1.54407656 -1.57397401
 -1.66764402 -1.49503803 -1.08321095 -1.09481549 -1.06081867 -1.17563081
 -1.00157869 -1.31348431 -1.37058783 -1.31410229 -1.21075118 -1.35849583
 -1.0994426  -1.10632932 -1.00746608 -1.09889412 -1.18508089 -1.40620315
 -1.38029087 -1.48757362 -1.43768108 -1.31926703 -1.36836112 -1.42944682
 -1.2686646  -1.41435993 -1.360973   -1.40107584 -1.33403957 -1.43272531
 -1.34905684 -1.48848176 -1.44643927 -1.40341759 -1.43439388 -1.39545786
 -1.55248773 -1.43878174 -1.48110318 -1.51541376 -1.35582328 -1.40278673
 -1.57429397 -1.61008894 -1.64231908 -1.57004595 -1.47472191  1.52891529
  1.52656972  1.61527097  1.53615272  1.43766761 -1.55821466 -1.54845715
 -1.60924578 -1.45918715 -1.61596859 -0.97407383 -0.88167578 -0.95982045
 -1.0539844  -1.00081456  1.49290359  1.38967288  1.52780282  1.4985019
  1.55563676 -1.26290584 -1.15937936 -1.30170667 -1.26766992 -1.32286739
 -1.4750185  -1.41500616 -1.51583171 -1.41254222 -1.55669379 -1.26836038
 -1.32070446 -1.16821551 -1.26119661 -1.32332504  1.53631067  1.54671252
  1.44202471  1.53747904  1.61902654 -1.28445053 -1.31416535 -1.24149871
 -1.37177193 -1.21036625 -1.4593662  -1.43203306 -1.41603494 -1.42148674
 -1.56791008 -1.1655128  -1.22547841 -1.19287407 -1.05986619 -1.18383253
 -1.4062649  -1.49448621 -1.36886322 -1.32904708 -1.43266296 -1.42649221
 -1.43740511 -1.49935031 -1.44336534 -1.3258481  -1.36461425 -1.35612416
 -1.27037024 -1.38760698 -1.44435549 -1.34435976 -1.27755547 -1.29765487
 -1.36399949 -1.43822908 -1.29738653 -1.24981236 -1.22672009 -1.38473678
 -1.32827699 -1.53960526 -1.53266466 -1.64236963 -1.50960362 -1.47378314
  1.45487893  1.52488303  1.4696691   1.35278678  1.47217679 -1.48867095
 -1.4952724  -1.38488996 -1.52490485 -1.54961658 -1.46893132 -1.43218136
 -1.54246068 -1.38570392 -1.51537931 -1.12444854 -1.179842   -1.18289733
 -1.10545218 -1.02960253 -1.28186715 -1.35022175 -1.19566321 -1.248492
 -1.33309174 -1.56489396 -1.63175023 -1.47251999 -1.61310029 -1.54220545
  1.51093721  1.60148203  1.44293284  1.53684449  1.46248937  1.49419212
  1.52762473  1.46011257  1.41216886  1.57686234 -1.33858764 -1.29880667
 -1.44745147 -1.30078721 -1.30730522 -1.53485143 -1.58163393 -1.42956161
 -1.54342639 -1.58478391 -1.1750921  -1.28115869 -1.12414515 -1.13209629
 -1.1629684  -1.50190604 -1.46007216 -1.47123277 -1.61069155 -1.46562767
 -1.46508956 -1.5355829  -1.49879229 -1.36658168 -1.45940137 -1.21326268
 -1.22805393 -1.2835989  -1.23007917 -1.11131871 -1.22325313 -1.2790699
 -1.14052522 -1.18417382 -1.28924346 -0.99356604 -1.0083586  -0.8872366
 -1.04730523 -1.03136361 -0.90075517 -0.95164484 -0.96027255 -0.8030405
 -0.88806278 -0.98673499 -1.01647031 -0.88006657 -1.00759959 -1.04280341
 -0.86453223 -0.80780154 -0.9231053  -0.79582292 -0.93139923 -1.05652881
 -0.969791   -1.11452448 -1.11855137 -1.02324831 -0.96831012 -0.8672424
 -0.96417516 -1.01475716 -1.02706575 -0.78229576 -0.76168954 -0.76771969
 -0.7144897  -0.88528407 -0.97969246 -0.91337317 -0.97413731 -1.08207238
 -0.94918698 -1.19644523 -1.16147768 -1.15180099 -1.16748905 -1.3050133
 -0.30607623 -0.22283143 -0.39696872 -0.28463215 -0.31987262 -1.11913764
 -1.16323936 -1.04246736 -1.1966089  -1.07423496 -0.98558593 -1.00505507
 -1.0801785  -0.92637712 -0.93073297 -1.17969084 -1.27345455 -1.15776384
 -1.18843019 -1.09911466 -1.16944051 -1.27605963 -1.13579166 -1.1513828
 -1.11452806 -0.71303654 -0.7233631  -0.78975856 -0.61446822 -0.72455627
 -0.85951942 -0.89544302 -0.91411459 -0.75313157 -0.8753885  -1.3387804
 -1.33938146 -1.32598901 -1.43320179 -1.25654936 -1.10993695 -1.09306002
 -1.20316398 -1.11620593 -1.02731776 -1.36738598 -1.37420058 -1.44231308
 -1.26803446 -1.38499582 -0.67673147 -0.6309073  -0.66475832 -0.78285658
 -0.6284036  -1.03317201 -0.95490396 -1.04122007 -1.00834358 -1.12822056
 -1.13162649 -1.0425061  -1.12421334 -1.21979678 -1.13998961 -1.08714211
 -1.14404869 -1.02559674 -1.02311254 -1.15581059 -1.3403312  -1.24151385
 -1.40261889 -1.33094192 -1.38625014 -1.16883779 -1.27009463 -1.10385644
 -1.1318872  -1.16951287 -0.90626162 -0.81033266 -0.98476827 -0.92769873
 -0.90224683 -1.03633559 -0.9280774  -1.08138645 -1.07480741 -1.06107116
 -1.10881233 -1.20253754 -1.12361574 -1.07632565 -1.0327704  -1.18165338
 -1.20412183 -1.26128829 -1.17408872 -1.08711469 -1.05070662 -1.07848132
 -1.00024033 -0.98374021 -1.14036465 -1.00018716 -1.02965987 -0.89697462
 -1.06535089 -1.00876319 -1.19037008 -1.09801769 -1.24477065 -1.25196505
 -1.16672695 -1.24312687 -1.28833401 -1.3179251  -1.16073883 -1.20550954
 -1.075454   -0.99704421 -1.1508646  -1.03222108 -1.1216861  -0.95886654
 -1.06568575 -0.91715938 -0.94321799 -0.90940309 -1.26402199 -1.3637358
 -1.20149302 -1.27089775 -1.2199614  -1.35767484 -1.4646641  -1.33565485
 -1.30294538 -1.32743502 -1.14766705 -1.08765996 -1.23200619 -1.18465066
 -1.08635139 -0.94115794 -1.04749131 -0.89649427 -0.92818564 -0.89246053
 -1.18587482 -1.23504329 -1.08968008 -1.17024314 -1.24853277 -1.2334516
 -1.13033915 -1.29602444 -1.26908493 -1.2383579  -1.16358149 -1.19370425
 -1.18766391 -1.05621409 -1.21674383 -0.94296962 -0.90135938 -0.88522059
 -0.93861753 -1.04668093 -1.02436674 -1.11245966 -0.95231384 -1.05349994
 -0.97919357 -0.90760767 -0.88923985 -0.82167977 -0.92313886 -0.99637222
 -1.23084474 -1.20321727 -1.29303384 -1.28641081 -1.14071715 -1.02939081
 -1.0698719  -0.92270404 -1.04476011 -1.08022726 -1.28365064 -1.21516871
 -1.3440671  -1.22657335 -1.34879351 -0.92269266 -0.86591393 -0.95259857
 -0.8607564  -1.01150167] 	[ 0.46409506  0.55933547  0.4412418   0.38530818  0.47049478  0.58564967
  0.53310359  0.66186327  0.63294142  0.5146904   0.31241652  0.28158176
  0.2589705   0.41968161  0.28943223  0.53923929  0.48058617  0.5307855
  0.64377868  0.5018068   0.51006687  0.40992701  0.52898538  0.58351791
  0.51783717  1.0456177   1.00696743  1.07739711  1.13064349  0.96746284
  0.58561689  0.56553358  0.49245206  0.62909299  0.65538889  0.40230355
  0.32080349  0.37465277  0.42168269  0.49207523  0.41313949  0.52125251
  0.37757176  0.36554343  0.38819027  0.65286469  0.72944206  0.56466335
  0.69131255  0.62604082  0.63471842  0.62603164  0.57462335  0.59914875
  0.73907     0.6060009   0.51753992  0.58812153  0.69112563  0.62721652
  0.65158933  0.6347788   0.62212372  0.59220535  0.75724947  0.2905136
  0.19829313  0.28088397  0.30936632  0.37351099  0.22566558  0.27460194
  0.30067468  0.15535718  0.17202856  0.52606368  0.50127602  0.51435554
  0.62923467  0.45938852  0.71541506  0.620996    0.70607823  0.79427958
  0.7403065   0.24973363  0.14752598  0.24943042  0.30937362  0.29260451
  0.55122119  0.56060082  0.45671439  0.63377541  0.55379415  0.39850423
  0.4716554   0.40829927  0.29806393  0.41599831  0.531914    0.56455654
  0.42420623  0.58281529  0.55607796  0.27574232  0.18590511  0.30753404
  0.25439021  0.35513994  0.41207072  0.4409245   0.30636996  0.47151107
  0.42947736  0.5977717   0.65386796  0.62705845  0.49108136  0.61907905
  0.46377799  0.48866585  0.54345852  0.37022835  0.45275927  0.34436455
  0.39471549  0.24097762  0.39548793  0.34627718  0.97566617  0.9180913
  1.01562941  1.05786932  0.9110747   0.52836925  0.5225417   0.62831718
  0.45496085  0.50765729  0.62102628  0.64836037  0.65847808  0.5124988
  0.66476786  0.51025605  0.49414906  0.60072702  0.42494974  0.52119839
  0.18825835  0.20294979  0.28336638  0.14997181  0.11674542  0.52948004
  0.6179747   0.4709107   0.55997014  0.46906465  0.35252005  0.40317902
  0.24528855  0.39019206  0.37142056  0.28095639  0.19033624  0.3409259
  0.2540724   0.33849099  0.40669024  0.5140413   0.37612018  0.35355359
  0.38304591  0.64879364  0.57537454  0.73225248  0.60232985  0.68521768
  0.50770456  0.61310971  0.4480969   0.47676486  0.49284676  0.37045947
  0.27749276  0.35272288  0.44525757  0.40636465  0.51764077  0.48155251
  0.52150595  0.61743289  0.45007178  0.4138321   0.43037105  0.40219879
  0.32357144  0.49918708  0.47229746  0.50355732  0.38926503  0.55575794
  0.44060954  0.27494884  0.25790969  0.2218546   0.38168371  0.23834737
  0.59385425  0.6968928   0.53403014  0.55338269  0.59111142  0.58143169
  0.57361585  0.68448579  0.55148911  0.51613593  0.57519335  0.65299773
  0.60258812  0.48073745  0.56445009  0.68440545  0.72088277  0.72848964
  0.7123971   0.57585227  0.64439625  0.74227512  0.59773636  0.65601724
  0.5815562   0.49555632  0.4397285   0.46343586  0.47697884  0.60208207
  0.14976814  0.10552339  0.25575927  0.09961667  0.13817324  0.67459482
  0.59800929  0.62733054  0.74254799  0.73049146  1.32968068  1.27528238
  1.42825639  1.34067655  1.27450752  0.956747    0.95608449  0.98006737
  0.85869908  1.03213704  0.71731752  0.6250754   0.69520056  0.76215667
  0.78683746  0.91322005  0.95104867  0.92289633  0.80826312  0.97067207
  0.8353157   0.91269213  0.88158083  0.77941644  0.76757336  0.92474067
  0.92693824  1.015082    0.91966128  0.83728123  1.00528085  0.9466756
  1.03048122  0.94710422  1.09686232  1.12586987  1.22877002  1.08604407
  1.06537056  1.12329495  0.81285328  0.82411277  0.83475292  0.88196266
  0.71058476  0.56438285  0.49703285  0.52414149  0.57403105  0.66232598
  0.89459109  0.80910838  0.85942793  0.95176131  0.95806676  1.03409326
  0.93107951  1.03535092  1.07993305  1.09000957  0.66025722  0.64220029
  0.58670819  0.65170032  0.76042008  0.68992847  0.74921566  0.70127136
  0.58495927  0.7242676   0.51195705  0.45898414  0.52886975  0.60776567
  0.45220861  0.75719464  0.81025469  0.78140879  0.64980441  0.78731066
  0.83399379  0.85426694  0.72902352  0.89664966  0.85603505  0.65114719
  0.64858651  0.59669149  0.7546351   0.60467559  0.64950365  0.65368372
  0.56032628  0.73814875  0.64585584  0.67098951  0.71650255  0.74447179
  0.58609188  0.63689184  0.9144218   0.84703732  0.88458163  1.01634419
  0.90972406  0.80538219  0.8057453   0.87063849  0.70390713  0.84123784
  0.91610587  0.91153598  0.94109446  0.81932992  0.99246317  0.918899
  0.96200764  0.94910419  0.95429474  0.81018943  0.94207543  0.99607009
  0.94539064  0.98849618  0.83834481  0.79567736  0.83267438  0.86181778
  0.69522446  0.79299283  0.75725973  0.83641523  0.67722404  0.79750967
  0.71789002  1.04496408  1.00714183  1.09073865  1.11935842  0.9626174
  0.69147873  0.62576348  0.78193283  0.64015496  0.71806365  0.85833645
  0.80807918  0.7888723   0.89247119  0.94392318  0.44572014  0.33923793
  0.46055567  0.49799415  0.48509276  0.77914476  0.68320292  0.84619671
  0.76423657  0.82294285  1.31211269  1.3621484   1.28132784  1.22436953
  1.38060498  0.62988281  0.62807268  0.73232013  0.56770039  0.59143806
  0.56227005  0.56892848  0.63568932  0.46222955  0.58223277  0.83407229
  0.94122368  0.79255897  0.81678349  0.78572303  0.74372721  0.76368266
  0.68869293  0.6844582   0.83807504  0.82165289  0.87203282  0.89403868
  0.77651471  0.74402535  0.68255693  0.61353803  0.76681572  0.63099355
  0.71888041  0.58598912  0.5562706   0.61343831  0.67139149  0.50285602
  1.02685404  1.12165844  0.95592982  1.04264545  0.98718238  0.67592072
  0.65163684  0.65020436  0.78259176  0.61924988  1.11738467  1.05151224
  1.1899209   1.16981316  1.05829239  0.69638199  0.64256036  0.71788579
  0.78987116  0.63521063  0.64069951  0.65506065  0.58093059  0.73767263
  0.58913416  0.88040352  0.81206095  0.91547978  0.82852769  0.96554565
  0.98211616  0.94763964  0.9939661   1.07785785  0.90900105  0.88410628
  0.87247515  0.81280386  0.8656438   0.9855023   0.64990723  0.66408485
  0.69687599  0.69537622  0.54329187  0.91039461  0.91526383  0.80854613
  0.93962258  0.9781459 ] 	[-1.49016762 -1.45541716 -1.40437949 -1.54827356 -1.55260026 -1.45681059
 -1.43999183 -1.38397956 -1.55747259 -1.4457984  -1.50340021 -1.56835997
 -1.51817989 -1.52765524 -1.39940584 -1.56088471 -1.61287034 -1.45331669
 -1.58526707 -1.59208477 -1.42258966 -1.33251643 -1.40484786 -1.44820094
 -1.50479329 -1.2185328  -1.28614819 -1.13403308 -1.27162218 -1.18232775
 -1.09507704 -1.13971841 -0.98750377 -1.1143719  -1.13871396 -1.19251454
 -1.12786257 -1.25358844 -1.13135505 -1.2572521  -1.09941947 -1.03134489
 -1.04648709 -1.13664198 -1.18320394 -0.90823495 -0.99204016 -0.81741273
 -0.92824697 -0.89523995 -0.90187567 -0.91295302 -0.99424434 -0.81985313
 -0.88045222 -1.25740218 -1.35812545 -1.26211894 -1.21226919 -1.19709516
 -0.92809904 -0.89339197 -1.02805328 -0.85999793 -0.93095291 -0.61246449
 -0.65588921 -0.57204622 -0.53248364 -0.68943888 -0.7826727  -0.87235963
 -0.77522504 -0.78824604 -0.6948601  -0.50218636 -0.4150053  -0.56512928
 -0.46966666 -0.55894423 -0.63075113 -0.72466677 -0.57923812 -0.56790489
 -0.65119475 -0.97304648 -1.07888186 -0.95641726 -0.91457248 -0.94231427
 -0.56966317 -0.67342108 -0.52726036 -0.51257151 -0.56539965 -0.2011513
 -0.21124944 -0.10409655 -0.20899948 -0.28025973 -0.0618284  -0.06198426
  0.03868685 -0.13074297 -0.09327321  0.02568605 -0.02409482  0.11159728
 -0.04400159  0.05924333 -0.31918612 -0.33889011 -0.23229045 -0.40590852
 -0.29965538 -0.4870553  -0.51851112 -0.50562268 -0.3806313  -0.54345614
 -0.41980428 -0.51778024 -0.34225011 -0.41266498 -0.40652174  0.12681662
  0.22136968  0.05464843  0.14247805  0.0887703   0.70313728  0.63184547
  0.79839933  0.71757811  0.6647262  -0.21987566 -0.21825974 -0.18021563
 -0.32240978 -0.15861751  0.16919453  0.165427    0.06790207  0.22663245
  0.21681662  0.31578523  0.26099408  0.35695523  0.39693126  0.24826033
  0.66474605  0.65840524  0.56451994  0.72425884  0.71180016  0.48325658
  0.49851537  0.39503112  0.4689329   0.57054693  0.85738784  0.90195829
  0.93441242  0.78032148  0.81285918  0.29466224  0.39994243  0.28141931
  0.26180807  0.23547912  0.55229747  0.562621    0.50726902  0.48870245
  0.65059739  1.1589514   1.25531399  1.07895482  1.14743626  1.15410066
  0.81544238  0.7201919   0.89166635  0.84467351  0.80523777  0.61852539
  0.63917989  0.70981145  0.54235321  0.582757    0.84578097  0.774822
  0.93348008  0.79884338  0.87597847  0.94898117  0.92164516  0.90458298
  1.05747736  0.91221911  1.36459219  1.26056671  1.42886686  1.37744164
  1.39149356  0.99605083  1.04208541  1.0728544   0.92282581  0.94643778
  0.93625444  0.88041717  0.97958386  1.01588368  0.86913306  1.45380569
  1.47691298  1.47604239  1.34811294  1.51415443  1.04491508  0.95334852
  1.08388996  1.11893368  1.02348816  1.49899709  1.51844656  1.42543542
  1.46052587  1.59158051  1.34503472  1.30167496  1.44738555  1.3450824
  1.28599608  1.10721314  1.16794741  1.15511596  1.0973748   1.00841439
  1.47553313  1.56678939  1.43320239  1.40350533  1.49863541  1.39304268
  1.44976544  1.29109085  1.3910923   1.44022202 -1.12729251 -1.22346783
 -1.08945    -1.05654347 -1.13970876  1.53419209  1.61450613  1.53784668
  1.43811405  1.5463016   1.55511487  1.48152006  1.64303768  1.51195037
  1.58395147 -1.47292221 -1.53884423 -1.48257422 -1.50050616 -1.36976421
  1.42548573  1.34599233  1.44206154  1.39666152  1.51722741 -1.42209125
 -1.47484112 -1.4465816  -1.45230424 -1.31463802 -1.29098749 -1.27760887
 -1.39471722 -1.22555327 -1.2660706  -1.30457616 -1.40192342 -1.28635991
 -1.22691762 -1.30310369 -1.38912451 -1.46369743 -1.39265072 -1.41015005
 -1.28999984 -1.04542935 -1.13086855 -1.07488012 -1.01116049 -0.96480823
 -0.91057158 -0.97735506 -0.81052035 -0.9069857  -0.94742519 -0.92132598
 -0.99492693 -0.82166636 -0.94309229 -0.92561835 -0.84155434 -0.83365804
 -0.74178314 -0.89916611 -0.89161009 -0.92769104 -1.03303266 -0.8682124
 -0.9135648  -0.89595431 -0.81802076 -0.83956039 -0.71908987 -0.89273959
 -0.82069319 -0.37177914 -0.35717615 -0.37335697 -0.46644151 -0.29014194
 -0.35916665 -0.30593556 -0.43197396 -0.28807899 -0.41067809 -0.57345903
 -0.51106191 -0.60568368 -0.66084433 -0.51624614 -0.12342198 -0.0637548
 -0.21435986 -0.14975411 -0.06581917 -0.68502229 -0.59638792 -0.73149258
 -0.65642089 -0.75578773 -0.24387591 -0.35217679 -0.21147361 -0.21546723
 -0.19638599 -0.00911787 -0.07648951 -0.05999002  0.02064743  0.07936064
 -0.21498954 -0.29399937 -0.15670651 -0.25933933 -0.14991294 -0.14939365
 -0.21235704 -0.05656627 -0.12681501 -0.20183626 -0.17225792 -0.1523934
 -0.17611744 -0.26773542 -0.09278539  0.21503116  0.21149698  0.1941034
  0.31412894  0.14039534  0.37278885  0.35901222  0.40184012  0.27944592
  0.45085713  0.05905784 -0.04443102  0.12563017  0.07450782  0.0805244
  0.41890559  0.37777445  0.4509173   0.50434554  0.34258506 -0.17126359
 -0.22998834 -0.1456188  -0.22951646 -0.07993077  0.58091426  0.67709261
  0.59720325  0.52547818  0.52388299  0.44140345  0.49745646  0.49472076
  0.34269711  0.43073946  0.45843741  0.50258785  0.49641886  0.35000435
  0.48473853  0.34495354  0.38594905  0.42515513  0.27049786  0.29821211
  0.61933631  0.69623023  0.65043122  0.60490811  0.52577567  0.89540809
  0.93712729  0.92205638  0.78688174  0.93556702  0.83586788  0.73034126
  0.8453083   0.88373441  0.88408756  0.62125134  0.52398551  0.64301074
  0.61991113  0.69809806  1.06454647  1.15216446  0.99989438  1.09619582
  1.00993109  0.77801645  0.67881477  0.84932864  0.80817884  0.77574354
  1.19086599  1.09773493  1.17753017  1.21838462  1.26981425  1.21001911
  1.21122956  1.22592068  1.11359787  1.28932834  0.84158099  0.91757977
  0.75223076  0.81668991  0.87982351  1.18538833  1.27368557  1.10156596
  1.20560896  1.16069293  1.19129086  1.11760616  1.21342659  1.15151668
  1.28261399 -1.51930118 -1.46902061 -1.6247257  -1.51014721 -1.47331119
  1.55256438  1.59517431  1.57155776  1.44505715  1.59846842  1.3868382
  1.31568766  1.38074887  1.36317313  1.48774314  1.36061299  1.40198374
  1.43072045  1.26613736  1.34361029  1.1652298   1.12149501  1.25866926
  1.0958668   1.18488812]
[-0.74655885 -0.81262165 -0.70562077 -0.66512889 -0.80286407 -1.19588768
 -1.24582529 -1.23137867 -1.21813071 -1.08821595 -0.43640938 -0.459209
 -0.51079184 -0.33748654 -0.43815014 -0.5976283  -0.53374171 -0.58293402
 -0.70194352 -0.57189399 -0.63481176 -0.68847299 -0.52747762 -0.66101617
 -0.6622802  -0.90140814 -0.8784498  -0.83258677 -0.89087945 -1.00371659
 -1.14266455 -1.13206506 -1.12644482 -1.24298298 -1.06916535 -0.58360225
 -0.58097994 -0.49336386 -0.58892334 -0.6711418  -0.82178819 -0.87744534
 -0.78974277 -0.73435843 -0.88560623 -1.25238979 -1.24644709 -1.21822894
 -1.18927038 -1.35561287 -0.84024978 -0.73305029 -0.88038903 -0.85812896
 -0.88943082 -0.42530912 -0.42961553 -0.39150819 -0.52445221 -0.35566053
 -0.27734047 -0.3032707  -0.23431523 -0.20473483 -0.36704114 -0.7230503
 -0.74493778 -0.81462181 -0.64988202 -0.68275958 -0.89477962 -0.88105083
 -0.81404638 -0.99035043 -0.89367086 -0.66641039 -0.7290259  -0.71364474
 -0.56873006 -0.65424085 -0.67162138 -0.64619589 -0.58018845 -0.72818464
 -0.73191655 -0.75564033 -0.77568996 -0.64794451 -0.79959208 -0.79933476
 -0.92218387 -0.93406844 -1.01989698 -0.8759411  -0.85882896 -0.96532154
 -1.07250988 -0.93172151 -0.9445805  -0.91247422 -0.78688455 -0.7160064
 -0.79398215 -0.75269431 -0.88485533 -0.68603855 -0.61808366 -0.63595331
 -0.7154935  -0.77462375 -0.66289413 -0.77004236 -0.63991791 -0.60876191
 -0.63285434 -0.89604473 -0.79170012 -0.9377622  -0.90233713 -0.95237947
 -0.54272735 -0.50183654 -0.47334474 -0.55739665 -0.63833147 -0.77254266
 -0.76495373 -0.82686698 -0.82579255 -0.67255735 -0.66711354 -0.74743074
 -0.70968145 -0.60941839 -0.60192358 -0.74034053 -0.80169117 -0.64138621
 -0.73104912 -0.78723562 -0.73914397 -0.71100271 -0.74396253 -0.66491526
 -0.83669543 -0.87321502 -0.92797863 -0.94350225 -0.81713676 -0.80424243
 -1.01678956 -0.90797472 -1.05900145 -1.04944324 -1.05073881 -0.72143239
 -0.61619824 -0.7582016  -0.73251951 -0.7788102  -1.18185818 -1.27991545
 -1.112046   -1.18956995 -1.14590132 -0.80203593 -0.78375006 -0.81619078
 -0.8915602  -0.71664268 -0.59870446 -0.70554507 -0.55058032 -0.58325058
 -0.5554418  -0.77714181 -0.74277788 -0.72143209 -0.88341689 -0.76094037
 -0.62240255 -0.64372867 -0.60459119 -0.70742971 -0.53386062 -0.96334314
 -0.89663416 -1.0159663  -1.03566563 -0.90510648 -0.68988985 -0.61857867
 -0.6960718  -0.78801715 -0.65689176 -0.67298514 -0.57956177 -0.67612886
 -0.67921281 -0.75703716 -0.49492714 -0.50972074 -0.50878328 -0.39394176
 -0.56726277 -0.85696697 -0.76403189 -0.9232251  -0.83524531 -0.90536559
 -0.97327036 -0.89802617 -1.04519212 -0.92492467 -1.02493846 -0.90860367
 -0.92933536 -0.996647   -0.8837449  -0.82468736 -0.59365183 -0.53501981
 -0.61339605 -0.5380702  -0.68812126 -0.95107365 -1.05812383 -0.922831
 -0.92713988 -0.89619988 -0.82286537 -0.77285212 -0.78827882 -0.9306069
 -0.79972357 -0.84741229 -0.80437326 -0.93791515 -0.7753492  -0.87201154
 -0.68840402 -0.74154723 -0.73244041 -0.69618797 -0.58344048 -0.65251529
 -0.68557847 -0.69052202 -0.54356992 -0.69039077 -0.5506044  -0.52434379
 -0.46616146 -0.57518715 -0.63672519 -0.24708855 -0.30567771 -0.25723386
 -0.28323197 -0.14221066 -0.07667932 -0.03820319 -0.01225581 -0.07854909
 -0.17770919 -0.23460853 -0.15425916 -0.24775146 -0.32717878 -0.2092447
 -0.46522701 -0.41765815 -0.40947416 -0.56754589 -0.46622986 -0.45326105
 -0.51852679 -0.48182186 -0.34993729 -0.46275827 -0.53550136 -0.53560907
 -0.55904859 -0.61029685 -0.43705094 -0.4063265  -0.44610929 -0.31297985
 -0.47844341 -0.38777342 -0.51962966 -0.44327039 -0.59711772 -0.56381768
 -0.47431284 -0.57846212 -0.64551204 -0.48955637 -0.54937398 -0.62940615
 -0.42581919 -0.51195544 -0.45698535 -0.38405925 -0.35027674 -0.55491579
 -0.61327738 -0.57597816 -0.44872993 -0.58167773 -0.44183972 -0.43020454
 -0.450863   -0.53152305 -0.35476831 -0.83047181 -0.80257291 -0.75185657
 -0.92379129 -0.84366649 -0.47888732 -0.44596094 -0.44379535 -0.43802163
 -0.58777136 -0.47481233 -0.54761034 -0.52612853 -0.42291069 -0.40259975
 -0.73376769 -0.68779868 -0.66318673 -0.76078117 -0.82330418 -0.2610895
 -0.34838706 -0.26159868 -0.26390442 -0.17046784 -0.36911532 -0.43939614
 -0.34458083 -0.41426286 -0.27822143 -0.548455   -0.48591432 -0.5294317
 -0.65343112 -0.52504283 -0.81359065 -0.80982453 -0.917539   -0.76214725
 -0.76485187 -0.56473869 -0.63808572 -0.51322877 -0.49229842 -0.6153419
 -0.23154758 -0.17040728 -0.27779821 -0.30918226 -0.16880257 -0.73503041
 -0.68992412 -0.67855603 -0.83806098 -0.73358053 -0.43213609 -0.41805199
 -0.33506116 -0.4831734  -0.49225783 -0.54724342 -0.63856345 -0.46147689
 -0.53638399 -0.55254936 -0.55432397 -0.44706139 -0.57440513 -0.6060546
 -0.58977479 -0.509161   -0.49828464 -0.4924466  -0.60974073 -0.43617204
 -0.41874117 -0.321484   -0.47097364 -0.40491802 -0.47758901 -0.57971972
 -0.49733832 -0.55840999 -0.67171878 -0.59141177 -0.54612881 -0.52482092
 -0.58911496 -0.61685109 -0.45372829 -0.27355352 -0.30847025 -0.19081005
 -0.23988228 -0.35505152 -0.8501085  -0.87743962 -0.7527768  -0.84529144
 -0.92492616 -0.17788772 -0.27691755 -0.10412692 -0.15353763 -0.1769688
 -0.45526341 -0.43125051 -0.41954967 -0.56324714 -0.40700626 -0.32077122
 -0.37172791 -0.21513939 -0.33090445 -0.36531311 -0.49626246 -0.52354795
 -0.38769749 -0.53881353 -0.53499091 -0.3329792  -0.33718425 -0.23012766
 -0.39608011 -0.36852476 -0.53891587 -0.59778464 -0.59787434 -0.44871274
 -0.51129174 -0.3371549  -0.37987393 -0.38768733 -0.35017386 -0.23088449
 -0.44803056 -0.50127184 -0.38116685 -0.38986811 -0.51981544 -0.48395729
 -0.58669829 -0.48341054 -0.43849403 -0.42722628 -0.20302494 -0.27775261
 -0.25251988 -0.1476858  -0.13414145 -0.53377467 -0.47136638 -0.49073431
 -0.63411391 -0.5388841  -0.28963986 -0.31239557 -0.37992933 -0.21334714
 -0.2528874  -0.22038707 -0.29844403 -0.21742287 -0.24166331 -0.12401808
 -0.5960325  -0.6713019  -0.49674198 -0.61183333 -0.60425276 -0.17562163
 -0.17238176 -0.2725724  -0.09682468 -0.16070768 -0.35640016 -0.32481748
 -0.42362159 -0.40818712 -0.26897442 -0.1733762  -0.16129591 -0.22892223
 -0.22801547 -0.0752712 ] 	[-1.56053948 -1.63956082 -1.52095401 -1.60103941 -1.48060381  1.22356951
  1.21717703  1.3218416   1.14662862  1.2086308   1.09194303  1.05932188
  1.0121696   1.1157589   1.18052173  1.16396093  1.19611418  1.05512917
  1.2057184   1.19888186  0.84482622  0.78877836  0.89614916  0.91809273
  0.77628464  1.28510749  1.31113267  1.19519281  1.36724401  1.26686049
  0.8679558   0.93776715  0.79808718  0.81282067  0.92314821  1.17616081
  1.11639643  1.11765647  1.26573408  1.20485616  1.04096627  0.9841572
  1.04650545  0.99153769  1.14166474  1.20221984  1.21835339  1.0978303
  1.26621389  1.2264818   1.32857764  1.26160157  1.32359695  1.43066895
  1.29844308  1.25068486  1.22492397  1.16703618  1.2722584   1.338521
  1.04564667  0.95702773  1.1323936   1.06176877  1.03139651  1.43416345
  1.42057145  1.51445556  1.45991206  1.34171462  1.15054214  1.22308934
  1.11922836  1.19606006  1.0637908   1.36465704  1.45829153  1.35528874
  1.36397123  1.28107667  1.04553676  0.94999814  1.12542343  1.04313219
  1.06359327  1.16399372  1.16646826  1.24727261  1.07001412  1.17221987
  1.255849    1.14864409  1.27306032  1.29966772  1.30202401  0.9599998
  1.02896416  0.97472626  0.97884345  0.85746539  1.37988937  1.34164655
  1.36466587  1.32687998  1.48636508  1.07729208  1.13813686  0.97782958
  1.12399435  1.06920755  1.40593135  1.44291723  1.33811522  1.48989975
  1.35279334  1.10920012  1.11811447  1.01915622  1.1030587   1.19647121
  1.0507195   1.10031509  1.07484865  0.9428581   1.08485615  0.86117464
  0.89405048  0.86457103  0.92697638  0.75910062  1.20101678  1.24626601
  1.27880132  1.14884698  1.1301527   0.9667775   0.98158294  0.90644741
  0.91555959  1.06352007  1.25390506  1.31577051  1.16875994  1.31294394
  1.21814585  1.26637483  1.16803467  1.26438046  1.29273999  1.34034407
  1.09205878  1.09001029  1.09838831  1.00107038  1.17876625  1.16206324
  1.06418383  1.23906422  1.1649574   1.18004763  1.18557501  1.080369
  1.2127589   1.24683857  1.20233345  1.16426325  1.15910411  1.08309495
  1.15498543  1.25986838  1.27794647  1.35586524  1.32308781  1.20746219
  1.22537065  0.93164819  0.95569897  0.97608101  0.82343471  0.97137809
  0.97610837  0.93059522  1.06032503  1.01120138  0.90231186  1.32088172
  1.23999071  1.27911258  1.3861208   1.37830293  0.87975705  0.79230446
  0.86072254  0.96587396  0.90012723  0.83036619  0.75733328  0.77850288
  0.88979846  0.89583015  1.18508935  1.10690057  1.17906702  1.28262877
  1.17176104  1.24979103  1.30874205  1.28750658  1.25745523  1.14546025
  1.22908151  1.25692153  1.30816817  1.13628054  1.21495569  1.10088313
  1.16702318  1.08110774  1.00698686  1.14841473  1.05220795  1.07199097
  1.13204646  1.04774892  0.9570455   1.35845256  1.3656044   1.31758177
  1.45762634  1.29299772  0.88387114  0.84748554  0.96208787  0.8016178
  0.9242934   1.11549711  1.16338527  1.08453715  1.18591976  1.02814615
  0.84622645  0.74459773  0.8429749   0.89976847  0.89756471  1.0902369
  1.09786451  1.14355195  0.98532212  1.13420892 -1.51048362 -1.5073415
 -1.61135638 -1.44063616 -1.48260033  1.01351392  0.94434667  1.09261203
  0.95980734  1.05728972  1.52430499  1.49628282  1.61485815  1.44353616
  1.5425427   1.43873286  1.32973373  1.47512126  1.47469449  1.47538197
  1.53509986  1.56988776  1.44370079  1.61175287  1.51505804  0.99729913
  1.0654757   0.99420613  0.8974306   1.03208411  1.36661839  1.46404922
  1.29105854  1.34153879  1.36982715 -1.43628609 -1.50192714 -1.48529398
 -1.41472912 -1.34319413  1.06242645  1.02962065  1.05086648  1.16721475
  1.00200391  1.38545632  1.35089719  1.30151749  1.46174037  1.42767024
  1.53118587  1.52927458  1.43142724  1.56307995  1.60096169  1.41147304
  1.35215592  1.48513901  1.34601831  1.46257889  1.39118624  1.28416967
  1.41998339  1.4144783   1.44611347  1.36308968  1.35441065  1.46133637
  1.28588355  1.35072815  1.53283572  1.51805627  1.5447799   1.4462868
  1.62221992  1.00792527  1.01121402  1.08856082  0.91208005  1.0198462
  1.54915476  1.62369108  1.47638595  1.59821498  1.49832702  1.44233799
  1.53624618  1.38356948  1.46318328  1.38635314  1.45898998  1.46251249
  1.37740982  1.44266939  1.55336821  1.56682074  1.46265769  1.62466288
  1.57305694  1.60690546  1.23321819  1.24340165  1.22564101  1.32044983
  1.14338028 -1.35804939 -1.4375416  -1.26419771 -1.38270879 -1.34774935
 -1.52874923 -1.45994198 -1.51932085 -1.63094473 -1.50478935  1.43702841
  1.40802586  1.52967501  1.35834742  1.45206523  1.3785634   1.48491693
  1.34982634  1.35836029  1.32115006 -1.56778765 -1.58414555 -1.46085596
 -1.60874009 -1.61740899  1.45102644  1.45847011  1.54810131  1.37754989
  1.41998458  1.21256196  1.28549051  1.19548368  1.25048316  1.11879051
  1.25372803  1.20516598  1.32213092  1.30940974  1.17820549 -1.52883971
 -1.63690901 -1.50202906 -1.49663854 -1.47978222  1.3032676   1.19812238
  1.36107624  1.33965588  1.31421602  1.12731397  1.23376632  1.07412529
  1.11212099  1.08924341  1.55852473  1.51904309  1.58327997  1.48354328
  1.64823258  1.54790413  1.52920926  1.45290732  1.60324407  1.60625589
  1.33192241  1.38828826  1.25583792  1.39957869  1.2839849   1.46719897
  1.43386078  1.47687197  1.39430749  1.56375551  1.37844074  1.42658436
  1.39286566  1.27179718  1.42251575 -1.57356334 -1.47742856 -1.57987666
 -1.65401018 -1.58293808  1.46380532  1.49691606  1.54802489  1.38553321
  1.42474699  1.55447602  1.54121649  1.5217346   1.49521017  1.65974271
  1.32448626  1.29278493  1.37496924  1.23727691  1.39291394 -1.54354191
 -1.63654351 -1.55928206 -1.51188576 -1.46645641  1.48403227  1.45792758
  1.40031767  1.50637174  1.57151198  1.32902229  1.40785742  1.24651277
  1.29336417  1.3683548  -1.40831196 -1.3477515  -1.37813246 -1.51345694
 -1.39390695  1.33908904  1.41471207  1.24013817  1.35618961  1.34531629
  1.58075321  1.62174499  1.63006818  1.47374761  1.59745193 -1.50333047
 -1.49803162 -1.40418458 -1.53928936 -1.57181633  1.14180136  1.1180917
  1.1658982   1.22733533  1.05588007  1.32701135  1.36262453  1.22393882
  1.38966942  1.33181274] 	[ -1.33293033e+00  -1.31061852e+00  -1.40097106e+00  -1.37959433e+00
  -1.24053741e+00   1.56230044e+00   1.63633108e+00   1.52170753e+00
   1.48173022e+00   1.60943294e+00  -1.41275311e+00  -1.33915353e+00
  -1.40084302e+00  -1.39794660e+00  -1.51306939e+00  -1.55596852e+00
  -1.52581680e+00  -1.57891715e+00  -1.47477734e+00  -1.64436281e+00
  -1.13716769e+00  -1.12816417e+00  -1.05954313e+00  -1.23517394e+00
  -1.12578952e+00  -1.16527867e+00  -1.17244399e+00  -1.14189780e+00
  -1.26031125e+00  -1.08646154e+00  -1.11053181e+00  -1.19234610e+00
  -1.14669096e+00  -1.07253814e+00  -1.03055203e+00  -1.13842261e+00
  -1.13614869e+00  -1.08122921e+00  -1.24163043e+00  -1.09468210e+00
  -1.04301429e+00  -1.05578804e+00  -1.02776933e+00  -9.56378639e-01
  -1.13212109e+00  -9.72088814e-01  -1.02482665e+00  -8.64642143e-01
  -1.00250423e+00  -9.96382236e-01  -8.55790019e-01  -9.48048413e-01
  -8.62802565e-01  -7.71852970e-01  -8.40456128e-01  -6.37442052e-01
  -6.57572150e-01  -7.31105030e-01  -5.70826173e-01  -5.90264916e-01
  -8.39982569e-01  -8.08677256e-01  -8.50589812e-01  -7.65083134e-01
  -9.35580015e-01  -8.66437733e-01  -8.82906795e-01  -9.61752057e-01
  -7.99648523e-01  -8.21443498e-01  -6.21200264e-01  -5.49743950e-01
  -6.44799650e-01  -7.12334573e-01  -5.77922881e-01  -1.54273629e-01
  -7.46570975e-02  -2.36563146e-01  -1.89865470e-01  -1.16008803e-01
  -2.36982763e-01  -1.53351337e-01  -2.00668439e-01  -3.09895784e-01
  -2.84015507e-01  -4.93629366e-01  -4.69893962e-01  -5.13401449e-01
  -5.81864059e-01  -4.09357965e-01  -5.47985792e-01  -5.37284255e-01
  -6.38963401e-01  -4.61870819e-01  -5.53824723e-01  -7.21855044e-01
  -7.65282869e-01  -6.13296032e-01  -7.59383738e-01  -7.49457538e-01
  -4.78512615e-01  -5.23015499e-01  -5.39729834e-01  -3.78087312e-01
  -4.73217785e-01   1.89900380e-02  -2.78152432e-02   8.10996443e-02
   8.08931962e-02  -5.82174435e-02   6.69526830e-02   4.10866924e-02
  -1.58620644e-02   1.55993566e-01   8.65925401e-02  -4.20897514e-01
  -3.26835334e-01  -4.39275116e-01  -4.15197730e-01  -5.02281904e-01
  -8.22855905e-02  -1.58906549e-01   8.41944106e-03  -6.06572665e-02
  -1.17997989e-01  -5.61173400e-03   7.78846145e-02   3.25783566e-02
  -6.83804601e-02  -6.45294487e-02  -3.66272628e-01  -4.14830327e-01
  -4.40269649e-01  -3.20776433e-01  -2.89214104e-01   4.26507562e-01
   3.71161401e-01   3.56424272e-01   4.89529878e-01   4.88914698e-01
   1.59429256e-02   9.27339420e-02   4.78894450e-02  -7.72328451e-02
   3.81159829e-04   8.38137195e-02   1.60800964e-01   7.66797736e-02
   1.09811865e-01  -1.20377271e-02   3.37300867e-01   2.92497039e-01
   3.07809114e-01   4.45877880e-01   3.03019434e-01   6.88527226e-01
   6.62369132e-01   6.50515795e-01   7.96944678e-01   6.44279301e-01
   3.97921294e-01   4.52844590e-01   4.58716214e-01   3.74943316e-01
   3.05181056e-01   7.48312116e-01   6.67998970e-01   8.30292940e-01
   7.10948288e-01   7.84008265e-01   3.48416805e-01   4.35314626e-01
   2.74570376e-01   3.78983170e-01   3.04799050e-01   1.20984042e+00
   1.10490716e+00   1.27259898e+00   1.23201489e+00   1.22984064e+00
   9.17492032e-01   9.57934439e-01   9.53636050e-01   9.49791372e-01
   8.08606267e-01   5.58718741e-01   6.25128210e-01   4.62283701e-01
   5.44743359e-01   6.02719665e-01   6.60933197e-01   6.92242682e-01
   6.94162548e-01   7.05064714e-01   5.52262783e-01   8.57334733e-01
   7.50530601e-01   9.00701642e-01   8.72600734e-01   9.05506015e-01
   1.04694760e+00   1.13556778e+00   9.58309531e-01   1.03886032e+00
   1.05505276e+00   8.80732656e-01   9.45042312e-01   8.40383172e-01
   7.98786581e-01   9.38718557e-01   1.07118273e+00   1.15158498e+00
   9.87907708e-01   1.10753298e+00   1.03770518e+00   9.55242753e-01
   9.79699135e-01   8.85935664e-01   9.08987820e-01   1.04634833e+00
   1.02041793e+00   9.43002284e-01   9.84838963e-01   1.04376101e+00
   1.11006939e+00   1.39348078e+00   1.37027097e+00   1.30080914e+00
   1.45100200e+00   1.45184100e+00   1.20363200e+00   1.10481799e+00
   1.21383739e+00   1.27993035e+00   1.21594226e+00   1.20142269e+00
   1.19215202e+00   1.10879743e+00   1.22087014e+00   1.28387117e+00
   1.30885983e+00   1.27324879e+00   1.24151123e+00   1.31167245e+00
   1.40900695e+00   1.56117940e+00   1.58451629e+00   1.57277238e+00
   1.62901473e+00   1.45841420e+00  -1.51947153e+00  -1.56738400e+00
  -1.43317997e+00  -1.48687768e+00  -1.59044433e+00  -1.39190423e+00
  -1.43464422e+00  -1.39084148e+00  -1.28999460e+00  -1.45213664e+00
  -9.25219178e-01  -8.75294685e-01  -8.91602278e-01  -9.00924802e-01
  -1.03305495e+00  -1.11468959e+00  -1.12279892e+00  -1.01122093e+00
  -1.17854190e+00  -1.14619660e+00  -1.34415340e+00  -1.31342328e+00
  -1.42454779e+00  -1.37932324e+00  -1.25931931e+00  -1.14755189e+00
  -1.11588585e+00  -1.12916207e+00  -1.09119308e+00  -1.25396657e+00
  -9.54641342e-01  -9.15312588e-01  -8.89443934e-01  -9.59045053e-01
  -1.05476367e+00  -1.11543739e+00  -1.16085935e+00  -1.19331944e+00
  -1.06122208e+00  -1.04634857e+00  -7.83605576e-01  -8.09887230e-01
  -8.21308732e-01  -6.75186574e-01  -8.28039765e-01  -1.26739264e+00
  -1.34053838e+00  -1.17513156e+00  -1.30691886e+00  -1.24698174e+00
  -3.65278423e-01  -3.72465342e-01  -2.72871047e-01  -4.50428635e-01
  -3.65348667e-01  -6.49480045e-01  -7.10288882e-01  -5.91638982e-01
  -5.81687689e-01  -7.14304626e-01  -5.73199511e-01  -6.41165197e-01
  -6.23712242e-01  -5.42699575e-01  -4.85220999e-01  -1.59979403e-01
  -1.62693501e-01  -2.58479863e-01  -1.31838009e-01  -8.69062394e-02
  -1.07191694e+00  -1.16706371e+00  -1.00015235e+00  -1.08634961e+00
  -1.03410208e+00  -4.35190678e-01  -4.18457747e-01  -4.12725598e-01
  -5.39313138e-01  -3.70266229e-01  -4.11950320e-01  -4.57349062e-01
  -3.95335853e-01  -4.78459269e-01  -3.16657066e-01  -4.00131434e-01
  -4.82500613e-01  -3.13595772e-01  -4.30139095e-01  -3.74290258e-01
  -2.53850609e-01  -1.46217600e-01  -3.03666472e-01  -2.89950758e-01
  -2.75567621e-01  -2.62242794e-01  -2.87672311e-01  -1.59131527e-01
  -3.28882188e-01  -2.73285151e-01  -6.84084818e-02  -4.52306308e-02
   1.37737663e-02  -1.59817219e-01  -8.23598430e-02   1.65938407e-01
   1.46547914e-01   1.50567770e-01   9.78060588e-02   2.68831879e-01
  -2.71601766e-01  -3.35438401e-01  -2.47958511e-01  -1.79395914e-01
  -3.23614240e-01  -1.28273591e-01  -1.62915006e-01  -4.62122597e-02
  -9.37473103e-02  -2.10219800e-01  -8.87475535e-02  -8.91846865e-02
  -1.76960036e-01   1.02130882e-03  -8.98668095e-02   1.32211983e-01
   8.13092813e-02   2.31805101e-01   7.51094669e-02   1.40624091e-01
   3.85943085e-01   4.42660749e-01   3.76821578e-01   4.37671602e-01
   2.86618382e-01   4.02181387e-01   4.03075337e-01   3.61403495e-01
   3.40323806e-01   5.03922939e-01   1.38849765e-01   5.87794743e-02
   2.11884975e-01   1.87484890e-01   9.72497165e-02   3.23489249e-01
   3.32704902e-01   2.42863551e-01   4.17100251e-01   3.01288277e-01
   6.80654228e-01   7.80641913e-01   6.22232616e-01   6.31881475e-01
   6.87860906e-01   6.43579245e-01   7.50629008e-01   6.24322295e-01
   6.08544588e-01   5.90821087e-01   1.61732003e-01   1.63474202e-01
   1.67878240e-01   6.89919293e-02   2.46583641e-01   1.65371642e-01
   2.48503044e-01   2.01254427e-01   1.22608803e-01   8.91202837e-02
   3.01340461e-01   3.68248194e-01   3.27108353e-01   3.11599076e-01
   1.98406190e-01   6.61888123e-01   7.61246085e-01   5.88727236e-01
   6.60487175e-01   6.37091935e-01   7.14672983e-01   6.98842645e-01
   6.64684772e-01   8.21493924e-01   6.73670590e-01   1.03948808e+00
   1.12210548e+00   1.06117773e+00   9.47930992e-01   1.02673817e+00
   9.34147239e-01   8.72958422e-01   9.96282041e-01   8.69502306e-01
   9.97846186e-01   6.58481240e-01   5.83072126e-01   7.40357161e-01
   6.96661770e-01   6.13833904e-01   1.14665723e+00   1.18564379e+00
   1.22891188e+00   1.09618151e+00   1.07589173e+00   1.17600572e+00
   1.15868723e+00   1.27782011e+00   1.10542536e+00   1.16209018e+00
   1.22404611e+00   1.18885624e+00   1.20217407e+00   1.17353082e+00
   1.33162320e+00   1.47799349e+00   1.57174063e+00   1.47148013e+00
   1.47441113e+00   1.39434206e+00   9.71483231e-01   8.91569376e-01
   1.05429435e+00   1.00604308e+00   9.34026122e-01   1.47411525e+00
   1.46279573e+00   1.39034700e+00   1.56734967e+00   1.47596860e+00
   1.38476658e+00   1.31389964e+00   1.47540414e+00   1.40958428e+00
   1.34017813e+00   1.40524578e+00   1.46777332e+00   1.46695137e+00
   1.35739708e+00   1.32886147e+00  -1.57695138e+00  -1.48009527e+00
  -1.56236398e+00  -1.63700831e+00  -1.62833810e+00   1.53080177e+00
   1.50965858e+00   1.62376499e+00   1.44921303e+00   1.54057050e+00]
[  5.18717756e-03   3.23327929e-02   7.86852688e-02  -9.32901651e-02
   3.02081159e-03  -1.36482909e-01  -7.27772638e-02  -8.52255598e-02
  -1.58275723e-01  -2.29653090e-01  -6.30392805e-02  -7.57126361e-02
   3.54273878e-02  -1.39882877e-01  -7.19889924e-02  -9.31485966e-02
  -8.13716799e-02  -1.97896719e-01  -6.09571263e-02  -3.23688537e-02
  -4.96012777e-01  -6.04530632e-01  -4.56010789e-01  -4.69430566e-01
  -4.54079092e-01  -1.33876875e-01  -2.19354689e-01  -1.68671146e-01
  -8.05063322e-02  -6.69753253e-02  -1.26465797e-01  -1.11973859e-01
  -1.81729555e-01  -2.94441823e-02  -1.82715595e-01  -1.98490083e-01
  -2.66760916e-01  -2.41118371e-01  -1.83127627e-01  -1.02953427e-01
  -3.47885974e-02   5.43828122e-02  -5.52123319e-03  -9.08981413e-02
  -9.71178338e-02  -1.93065658e-01  -1.00358009e-01  -1.74731851e-01
  -2.29281053e-01  -2.67891735e-01  -3.68861072e-02  -4.05967869e-02
  -1.06036164e-01  -6.52303174e-02   6.43188357e-02   5.11358008e-02
  -4.43210006e-02   1.04944319e-01   1.10474132e-01   3.34457457e-02
  -4.50876728e-03   6.13754503e-02   5.32841757e-02  -8.23560804e-02
  -5.03386110e-02  -5.05873859e-01  -5.90442359e-01  -4.73479420e-01
  -5.35818279e-01  -4.23755437e-01   1.34299979e-01   1.50217369e-01
   2.29783267e-01   9.01291072e-02   6.70701787e-02  -5.12203336e-01
  -5.26947558e-01  -5.80293298e-01  -4.09316957e-01  -5.32255530e-01
   1.17006609e-02   3.20892595e-02   4.79165697e-03   9.23881307e-02
  -8.24664012e-02  -4.19115454e-01  -3.20211351e-01  -4.12034899e-01
  -4.58093464e-01  -4.86122102e-01  -2.05135867e-01  -9.71117988e-02
  -2.27705464e-01  -2.45463848e-01  -2.50262350e-01   1.64802745e-01
   8.98159370e-02   1.55012399e-01   1.50056064e-01   2.64326602e-01
  -6.93357317e-03   6.54411912e-02  -1.45111885e-02   2.56542843e-02
  -1.04318582e-01  -2.70937026e-01  -1.95591688e-01  -2.21893981e-01
  -3.36519331e-01  -3.29743087e-01   1.32419452e-01   2.37933487e-01
   7.15338737e-02   1.11720860e-01   1.08489588e-01  -1.46306053e-01
  -1.19421385e-01  -7.92411491e-02  -2.48992532e-01  -1.37569129e-01
  -1.57977775e-01  -2.03953996e-01  -2.18324497e-01  -5.77338859e-02
  -1.51898712e-01  -3.61204803e-01  -3.94580960e-01  -3.15643251e-01
  -4.46598411e-01  -2.87996590e-01  -3.93956184e-01  -3.63428622e-01
  -3.98837447e-01  -4.92092609e-01  -3.21466058e-01  -1.33535042e-01
  -2.21534610e-01  -5.54458015e-02  -1.59807846e-01  -9.73519087e-02
  -3.93486172e-01  -4.41743553e-01  -3.91114026e-01  -4.49455529e-01
  -2.91631550e-01  -1.85077235e-01  -2.43780583e-01  -2.15941891e-01
  -7.93366581e-02  -2.01249808e-01  -2.58220643e-01  -2.88491428e-01
  -3.28203499e-01  -2.58103907e-01  -1.58083737e-01  -3.19285125e-01
  -2.86399305e-01  -2.47538835e-01  -3.26112747e-01  -4.17089581e-01
  -6.82411939e-02  -6.73432276e-02  -2.23532096e-02  -1.71133712e-01
  -1.21346191e-02   1.07260719e-01   9.54083651e-02   1.63112059e-01
   1.61463350e-01   9.05910507e-03  -1.49504974e-01  -1.30205885e-01
  -2.06382975e-01  -2.06635490e-01  -5.47955409e-02  -1.66841686e-01
  -1.43020093e-01  -9.22286958e-02  -2.65364558e-01  -1.66753396e-01
  -2.08407074e-01  -1.18106179e-01  -2.95853108e-01  -2.14088902e-01
  -2.05580115e-01  -8.19477737e-02   4.10981849e-03  -5.77297658e-02
  -1.07348740e-01  -1.66822404e-01   1.58982798e-01   2.26280227e-01
   5.76941669e-02   1.91394329e-01   1.60562471e-01  -2.36265838e-01
  -2.35642880e-01  -3.30470294e-01  -2.25445315e-01  -1.53504848e-01
   1.09534435e-01   1.67588845e-01   1.59190148e-01   1.01530172e-01
   9.82856750e-03  -4.68058288e-02  -1.24432743e-01  -8.02643597e-02
  -2.68013608e-02   4.42751497e-02  -2.62780339e-01  -2.95373648e-01
  -3.32772940e-01  -2.59540051e-01  -1.63434744e-01  -2.55655676e-01
  -2.29912296e-01  -3.39778155e-01  -1.69906601e-01  -2.83025652e-01
   2.16598973e-01   2.88018793e-01   1.15266301e-01   2.28030875e-01
   2.35079914e-01   2.90745832e-02   1.33070797e-01  -2.68516615e-02
  -1.42349228e-02   2.43141130e-02  -1.13189556e-01  -1.09906748e-01
  -3.04669403e-02  -1.04767270e-01  -2.07617268e-01  -8.74187574e-02
  -4.23609018e-02  -1.39043704e-01  -9.55497101e-03  -1.58715457e-01
   5.00231348e-02   2.83994228e-02   1.21113271e-01  -4.21507135e-02
   9.27305594e-02  -1.74227729e-01  -6.79490641e-02  -2.19973654e-01
  -2.22120523e-01  -1.86867684e-01   2.07843140e-01   1.93892151e-01
   1.41698718e-01   3.11388791e-01   1.84392884e-01   2.15212047e-01
   1.17422596e-01   2.75788903e-01   2.02861831e-01   2.64774859e-01
   1.17630877e-01   2.51436774e-02   1.47590175e-01   1.95985287e-01
   1.01804368e-01   9.91040394e-02   1.75797239e-01   6.55732304e-02
   1.46592008e-02   1.40386477e-01   3.92056674e-01   4.80062693e-01
   4.19078857e-01   3.15173298e-01   3.53911847e-01   2.72107780e-01
   3.76383960e-01   2.30613217e-01   2.15465784e-01   2.65968174e-01
   2.71725118e-01   2.98076242e-01   3.12317878e-01   1.63225055e-01
   3.13281298e-01   2.22853884e-01   1.58145741e-01   2.79425442e-01
   1.62034780e-01   2.91809559e-01  -1.30983382e-01  -1.42333642e-01
  -2.16369092e-01  -1.25875428e-01  -3.93553637e-02   5.11612697e-03
   5.30922711e-02   6.31582290e-02  -1.91826723e-04  -9.55941677e-02
  -2.35903800e-01  -1.29868910e-01  -2.76406348e-01  -2.88797498e-01
  -2.48542458e-01   3.13046068e-01   2.99275488e-01   2.22609520e-01
   3.97113442e-01   3.33185822e-01   1.17897883e-01   1.86523184e-01
   2.28620581e-02   1.60694838e-01   1.01511456e-01   1.54729918e-01
   2.60563374e-01   1.23224877e-01   9.65218097e-02   1.38609618e-01
   2.68708467e-01   3.15060824e-01   3.46019715e-01   2.00985014e-01
   2.12768331e-01   3.54039222e-01   4.60313857e-01   3.30375701e-01
   3.29686224e-01   2.95781106e-01   3.99492323e-01   3.31299990e-01
   3.47201139e-01   4.84215051e-01   4.35253114e-01  -5.08554839e-02
   2.03342307e-02  -2.93721026e-03  -1.36713848e-01  -8.41051117e-02
  -1.50498953e-02  -4.59011924e-03  -7.31489854e-03   6.39054701e-02
  -1.12200029e-01   9.26671848e-02   1.67253673e-01   1.07235722e-01
   1.03278600e-01  -7.09926430e-03   4.69498783e-02   1.51592299e-01
   1.37270149e-03   4.05436829e-02  -5.70917642e-03   1.74343020e-01
   8.01384673e-02   2.57191241e-01   1.84410125e-01   1.75632238e-01
   1.25714168e-01   7.05806240e-02   6.27567098e-02   1.54220834e-01
   2.15298504e-01   3.71527255e-01   2.68194914e-01   3.81074548e-01
   4.00051475e-01   4.36788082e-01   1.98190346e-01   2.63755620e-01
   1.34202331e-01   1.36381969e-01   2.58421451e-01  -2.62741238e-01
  -2.29708299e-01  -2.18611896e-01  -2.31230468e-01  -3.71414304e-01
   3.54091264e-02   1.13620371e-01   5.97018600e-02  -5.98920584e-02
   2.82063317e-02   2.99980313e-01   2.20058039e-01   2.62151301e-01
   3.82201642e-01   3.35510284e-01  -1.17526002e-01  -1.34949505e-01
  -4.89182845e-02  -2.12113842e-01  -7.41223767e-02   2.78944880e-01
   3.42175752e-01   3.16258639e-01   2.80616075e-01   1.76729038e-01
  -1.67878810e-02  -5.40962555e-02  -1.25808353e-02  -8.35554972e-02
   8.30810666e-02   1.26952067e-01   1.22737393e-01   9.27670598e-02
   2.29571596e-01   6.27322271e-02   2.56365687e-01   3.56453806e-01
   2.63487071e-01   2.06370354e-01   1.99151546e-01   1.31161585e-01
   1.03564695e-01   1.97222367e-01   4.13039252e-02   1.82555348e-01
   1.55446038e-01   1.74938858e-01   2.21112162e-01   5.15342690e-02
   1.74198866e-01   5.99465147e-02   8.60380903e-02   7.62103796e-02
  -4.48943935e-02   1.22431979e-01   2.98988461e-01   2.50033677e-01
   2.42128387e-01   3.03868294e-01   3.99923503e-01   7.03818858e-01
   6.33036017e-01   7.90951848e-01   6.56240106e-01   7.35047460e-01
   1.04205593e-01   8.05210546e-02   1.91063836e-01   1.26193762e-01
   1.90437287e-02   8.48086849e-02   1.50755286e-01   7.22284764e-02
   1.28517717e-01  -1.22667430e-02   2.82889992e-01   3.53515416e-01
   2.25002065e-01   3.37436140e-01   2.15606347e-01   5.01743495e-01
   5.79312384e-01   4.64059412e-01   4.20120806e-01   5.43481350e-01
   2.83106089e-01   1.87366009e-01   2.89735943e-01   3.64136517e-01
   2.91185886e-01   3.52566034e-01   3.19234759e-01   4.61200535e-01
   3.21755975e-01   3.08072865e-01   2.42699921e-01   1.79990754e-01
   2.44973496e-01   2.01933593e-01   3.43901843e-01   2.22001404e-01
   1.95526719e-01   1.81618869e-01   1.80347607e-01   3.30512404e-01
   1.05014965e-01   1.06600709e-01   5.28543815e-02   2.07241267e-01
   5.33634983e-02   1.53747916e-01   6.79147542e-02   2.43473515e-01
   1.37383923e-01   1.66219473e-01   3.55463177e-01   3.96467447e-01
   2.73573667e-01   4.33430970e-01   3.18380624e-01   1.79285243e-01
   7.91030526e-02   2.15560287e-01   2.46216834e-01   1.76260799e-01] 	[-1.329059   -1.38208973 -1.40105641 -1.27038062 -1.26270926 -1.23460209
 -1.24154007 -1.313622   -1.13751829 -1.24572802 -1.58150315 -1.51244903
 -1.52986014 -1.66553664 -1.6181668  -1.08860767 -1.16523945 -1.08834708
 -1.10980451 -0.99103963 -1.23327446 -1.24649739 -1.21938407 -1.14564991
 -1.32156646 -1.12470746 -1.06755698 -1.16426539 -1.20717728 -1.05983019
 -0.8898384  -0.89158416 -0.82013398 -0.98965991 -0.85797548 -1.40028751
 -1.42555642 -1.29748785 -1.41050875 -1.46759701 -1.01982152 -0.98974949
 -1.01084948 -1.12329078 -0.95539629 -1.35280275 -1.28455961 -1.29788208
 -1.3973074  -1.43146193 -0.59433383 -0.7011469  -0.57780999 -0.54273987
 -0.55563855 -0.29178277 -0.3717854  -0.30551761 -0.29420352 -0.19562453
 -1.16927743 -1.06914389 -1.17794633 -1.24290752 -1.18711185 -0.70826495
 -0.60325098 -0.73457253 -0.72499108 -0.77024519 -0.57407856 -0.6326564
 -0.61770403 -0.57437742 -0.47157639 -0.77910894 -0.7084716  -0.85484874
 -0.82706594 -0.72604948 -0.40235907 -0.30467665 -0.4242042  -0.47866148
 -0.40189394 -0.31556433 -0.29840896 -0.29882172 -0.24680401 -0.41822267
 -0.49971065 -0.51732212 -0.54649287 -0.39244944 -0.54257816 -0.35831219
 -0.41391903 -0.38962844 -0.2516419  -0.37805939  0.11553776  0.00774592
  0.13639562  0.16105951  0.15695001 -0.35161915 -0.3008765  -0.45945513
 -0.32106093 -0.32508403 -0.06179686 -0.02762194 -0.049709   -0.1669562
 -0.00290031 -0.35464343 -0.38823491 -0.33864352 -0.26128343 -0.43041188
 -0.1334566  -0.16237712 -0.2227059  -0.07973126 -0.06901214  0.06697786
  0.07760161  0.10910787 -0.03865195  0.11985389  0.13793254  0.16492698
  0.0852903   0.22825652  0.07325637  0.11740226  0.16031355  0.01855316
  0.10887258  0.18186973  0.18331496  0.23044354  0.23967123  0.08112631
  0.18201879  0.02356995  0.07071091 -0.08161695  0.03173492  0.07345093
  0.40841019  0.41993389  0.50674891  0.35473549  0.35222247  0.44798821
  0.34486365  0.51079261  0.4531582   0.48313838  0.38992658  0.47268131
  0.37786594  0.29823816  0.41092092  0.82561535  0.74549079  0.88219565
  0.89189845  0.78287649  0.58177853  0.61330134  0.52347183  0.52070808
  0.66963285  0.76603991  0.86363518  0.74841064  0.68858409  0.76352966
  0.49372372  0.5638352   0.3946375   0.52675658  0.4896656   0.66482675
  0.58243024  0.67829025  0.75628012  0.64230639  0.91172928  0.85622293
  0.98524767  0.96269494  0.84275156  0.93527132  1.02824879  0.85231292
  0.91876757  0.94175589  0.84972781  0.89063019  0.91564035  0.75093782
  0.84170288  1.04380953  1.04455853  1.09585595  1.09402204  0.94080156
  1.18349481  1.24284863  1.23496604  1.08608186  1.17008257  1.04302514
  1.01726794  0.95300263  1.11454177  1.08728826  1.45380747  1.50792837
  1.45233476  1.35157502  1.50339186  1.20108259  1.10356116  1.18774688
  1.25856185  1.25446045  1.22954202  1.24590635  1.32566285  1.17131412
  1.17528486  1.22548413  1.12505352  1.27144611  1.21986198  1.28557503
 -1.5590322  -1.63388968 -1.52097392 -1.60432005 -1.47694528  1.52424634
  1.6189872   1.51683748  1.44186878  1.51929188  1.5170666   1.4757452
  1.57734179  1.43575263  1.57942688 -1.46280384 -1.56902206 -1.44273579
 -1.43465137 -1.40480614  1.37791252  1.28168881  1.45356476  1.3702054
  1.40619111 -1.46508539 -1.39311719 -1.45488012 -1.56609511 -1.44624913
 -1.15146267 -1.21740842 -1.08192122 -1.09559762 -1.21092343 -1.25514448
 -1.20982337 -1.31007338 -1.17711496 -1.3235662  -0.83349538 -0.86438805
 -0.73992133 -0.91047812 -0.81919396 -1.37460876 -1.28700554 -1.3494916
 -1.45529163 -1.40664637 -1.32637644 -1.39066672 -1.22450435 -1.36283052
 -1.32750416 -0.95547968 -1.05862904 -0.90553415 -0.90346462 -0.95429093
 -0.6693213  -0.60852718 -0.6091755  -0.70514721 -0.7544353  -0.59212399
 -0.49468249 -0.61408269 -0.66869503 -0.59103578 -0.89459813 -0.87571234
 -0.90664077 -0.98553032 -0.81050909 -0.68071264 -0.73531413 -0.66596484
 -0.58381712 -0.73775446 -0.54179257 -0.55072981 -0.44124067 -0.56063551
 -0.6145643  -0.63181263 -0.72755098 -0.62322032 -0.62568599 -0.55079323
 -0.85606635 -0.79030269 -0.95034254 -0.87514168 -0.80847847 -0.77376157
 -0.79236835 -0.66707629 -0.80697334 -0.82862824 -0.54113972 -0.55185336
 -0.4872461  -0.63983279 -0.48562661 -0.10545794 -0.15759534 -0.02637786
 -0.06189239 -0.17596616 -0.56063312 -0.63622946 -0.58915275 -0.55269486
 -0.46445546  0.01848366  0.04498783  0.09632261 -0.07632717  0.00895137
 -0.08569929 -0.02539214 -0.1786017  -0.03039975 -0.10840357 -0.19504432
 -0.20486359 -0.28384849 -0.10703222 -0.18443298 -0.36277544 -0.34851396
 -0.41991907 -0.41700837 -0.26566038 -0.01114994 -0.04166509 -0.02185435
 -0.0740448   0.09296447 -0.10485461 -0.10285591 -0.07126559 -0.20654088
 -0.03875607  0.37913153  0.36644435  0.3045423   0.36660823  0.47893125
  0.01121164  0.01990324  0.04485344 -0.09283437  0.07292426  0.25679645
  0.15339944  0.32164848  0.26602536  0.28611249  0.31450337  0.41957894
  0.29765663  0.28805929  0.25271863  0.42331231  0.5247395   0.40614733
  0.35194799  0.41041443  0.38941705  0.41519049  0.31463218  0.47866544
  0.3491801   0.58033186  0.53501946  0.5888803   0.51796967  0.67945802
  0.31932724  0.37527889  0.28828564  0.23125173  0.38249266  0.611812
  0.5961495   0.66321903  0.67240787  0.51547158  0.66188592  0.69695926
  0.74705642  0.59376776  0.60976022  0.93542928  0.95501292  0.83779371
  1.01239645  0.93651408  1.12673748  1.03938186  1.134161    1.11690068
  1.21650636  0.66264516  0.68091011  0.74847096  0.57369304  0.64750659
  0.92496943  0.95637619  0.87958896  1.01163661  0.85227591  1.2135824
  1.19295168  1.21684504  1.13493299  1.30959976  1.21749628  1.24001718
  1.11369717  1.23306715  1.28320348  1.19743764  1.11764026  1.20626116
  1.29156423  1.17428493  1.14724255  1.17068815  1.22863805  1.13463771
  1.05500627  1.23923874  1.30566561  1.24108112  1.13766873  1.2725395
  1.28784418  1.31896245  1.19848561  1.36791563  1.26601303  1.5302906
  1.50263679  1.50810778  1.63688719  1.47353065 -1.55739045 -1.5882901
 -1.64261591 -1.52031171 -1.47834408  1.43493402  1.37534034  1.52880752
  1.45580816  1.37978005] 	[-1.45634246 -1.42679012 -1.55905533 -1.39025092 -1.44927359 -1.36394334
 -1.3238188  -1.43446088 -1.28242648 -1.4150672  -1.31562233 -1.32221174
 -1.2339952  -1.29692912 -1.40935326 -1.17799032 -1.24665821 -1.2063452
 -1.18246651 -1.07649148 -1.47034466 -1.45641649 -1.57672811 -1.4294045
 -1.41882968 -1.55815637 -1.48731232 -1.64922607 -1.51395369 -1.58213329
 -1.30455267 -1.40326834 -1.24839687 -1.31518972 -1.25135565 -0.83269763
 -0.76034641 -0.91681582 -0.86841667 -0.78521162 -1.13107193 -1.12449515
 -1.22543299 -1.04818606 -1.12617362 -1.15336406 -1.21128941 -1.14504135
 -1.05377471 -1.2033509  -1.03894615 -1.14071953 -1.0286839  -0.96878731
 -1.01759374 -0.96693379 -0.98944831 -0.87709302 -0.95061362 -1.05058014
 -0.96323955 -1.00779629 -0.85832155 -1.01607525 -0.97076505 -0.95053858
 -0.95835018 -0.87048155 -1.04480541 -0.92851716 -0.86512363 -0.79945856
 -0.90999097 -0.80733126 -0.94371372 -0.55228782 -0.6366992  -0.45939019
 -0.56153452 -0.55152732 -0.62137377 -0.63346642 -0.54082298 -0.59702206
 -0.71418363 -0.51014799 -0.547571   -0.40173343 -0.55478805 -0.5364995
 -0.75066572 -0.73699951 -0.80020851 -0.8119629  -0.65349197 -0.5634945
 -0.52459484 -0.51085269 -0.54857308 -0.6699574  -0.15820055 -0.26209921
 -0.15322568 -0.1007169  -0.11676043 -0.18206349 -0.1315227  -0.13774064
 -0.28790289 -0.17108773 -0.33343643 -0.23037453 -0.3468751  -0.40086243
 -0.35563365 -0.11691822 -0.14152126 -0.18428439 -0.12780477 -0.01406246
 -0.18789358 -0.27278602 -0.11372305 -0.14331619 -0.22174905 -0.06263407
 -0.12419591 -0.09553651 -0.07244207  0.0416382   0.07454497  0.1386186
 -0.00989413  0.13162422  0.03783117  0.11845993  0.09006053  0.15596977
  0.19632532  0.03148407  0.05399004 -0.02861914  0.03446975  0.06369779
  0.14641176  0.17387769  0.11150056  0.14148763  0.16464457  0.27787799
  0.25883743  0.36333907  0.21573278  0.20387024  0.25240764  0.16507077
  0.18799596  0.25585353  0.12567401  0.09075958  0.47059661  0.56696701
  0.48516107  0.40541634  0.424842    0.56218493  0.58355421  0.65283757
  0.5272966   0.48505136  0.59195477  0.60775536  0.61573756  0.65655094
  0.48777518  1.08313584  1.01524138  1.02561212  1.14046776  1.15122211
  0.71704048  0.74291462  0.78179532  0.73034292  0.61310911  0.84687978
  0.81004411  0.87790281  0.76761204  0.93196011  0.70716786  0.80011725
  0.71743745  0.68530071  0.62581611  0.83995378  0.80394328  0.94832313
  0.7942149   0.81333381  1.23227131  1.32456899  1.18826377  1.16219234
  1.25406015  1.02698874  1.09429812  1.0641278   1.02207577  0.92745316
  0.77699393  0.80799466  0.79834616  0.83160716  0.67002773  1.32642901
  1.22190106  1.35995615  1.33672404  1.38713479  1.24690783  1.30523825
  1.14141393  1.26054609  1.28043306  1.44893467  1.348189    1.51841116
  1.47827649  1.45086193  1.42147505  1.40027106  1.50351262  1.4494158
  1.33270073  1.50335336  1.41188014  1.5812999   1.53567863  1.48455465
 -1.35472715 -1.33756483 -1.32947266 -1.29224145 -1.45962965  1.36113179
  1.29757547  1.4468236   1.39596522  1.30416274 -1.44628322 -1.53302205
 -1.44246149 -1.45414758 -1.35550177 -1.36208403 -1.26090038 -1.43291354
 -1.38518858 -1.36933362 -1.48589551 -1.43399084 -1.56625378 -1.52772665
 -1.41561079 -1.33312833 -1.23519576 -1.3450042  -1.34146774 -1.41084564
 -1.32351398 -1.39887822 -1.22524869 -1.34599304 -1.32393599 -0.82819015
 -0.76660454 -0.88900369 -0.76396209 -0.89319026 -1.11564755 -1.20513439
 -1.06597054 -1.04792416 -1.14356112 -1.07143855 -1.05212927 -1.15490746
 -0.98259962 -1.09611785 -0.92140639 -0.89684176 -0.83330804 -1.00150883
 -0.95396698 -0.97009337 -1.04399955 -0.87014687 -0.98815638 -0.97807068
 -0.76260859 -0.71497661 -0.83932167 -0.68779874 -0.80833733 -1.02349472
 -1.03870881 -0.99366879 -0.94532102 -1.1162802  -0.64836502 -0.57211024
 -0.72812581 -0.60384166 -0.68938237 -0.99753976 -0.91751963 -0.99542606
 -0.98355824 -1.09365511 -0.81459844 -0.73924267 -0.77717763 -0.83632225
 -0.90565115 -0.53195149 -0.62286651 -0.5063501  -0.54822022 -0.45036912
 -0.3347528  -0.28684628 -0.32106096 -0.28984973 -0.4412542  -0.55894417
 -0.66185588 -0.494939   -0.52540195 -0.55357987 -0.28345081 -0.32061532
 -0.32233652 -0.31633484 -0.17451654 -0.33514377 -0.42444682 -0.25468528
 -0.30470589 -0.35673708 -0.21151844 -0.15754622 -0.31624481 -0.20448163
 -0.1678011  -0.27109712 -0.37460631 -0.26123387 -0.24223405 -0.20631427
 -0.39777648 -0.30227554 -0.47683147 -0.41896057 -0.39303833  0.2597678
  0.2013108   0.21692258  0.36265555  0.25818226 -0.1794803  -0.23240153
 -0.23779936 -0.08231283 -0.16540748  0.13542044  0.11077324  0.09219382
  0.09498706  0.24372764  0.03123202  0.08843639  0.09861691 -0.01950778
 -0.04261746  0.0366898   0.13427095  0.04463556  0.0024756  -0.03462294
  0.2408222   0.15679671  0.20425071  0.31038797  0.2918534   0.16810259
  0.1241132   0.17332609  0.26850277  0.1064683   0.30685443  0.3029618
  0.28956836  0.22997063  0.40491694  0.42131558  0.45265248  0.5070926
  0.38070038  0.34481689  0.08328951 -0.00681395  0.06934238  0.10279623
  0.16783339  0.42821276  0.33983174  0.44828138  0.41091958  0.51381838
  0.46271726  0.39697465  0.43212155  0.45637676  0.56539613  0.73170555
  0.75164837  0.74937791  0.62797487  0.79782104  0.51880908  0.49542987
  0.43659416  0.61007947  0.53313279  0.61679047  0.56804574  0.63821334
  0.70992815  0.55097473  0.64044178  0.66896009  0.58617562  0.57666147
  0.72996992  1.03754425  1.05021966  0.9335258   1.10177732  1.06465423
  1.28288364  1.29892552  1.36014545  1.28752422  1.18493938  0.97922605
  0.87393361  1.00895178  0.99446988  1.03954899  1.07865667  1.002249
  1.03196168  1.12912571  1.15129042  0.94558728  0.94255024  1.04916656
  0.89036244  0.90026993  0.91929674  0.82627767  0.89999497  0.95951581
  0.99139845  1.20321357  1.15607226  1.29789388  1.22142446  1.13746369
  1.40029514  1.31092691  1.48167658  1.37979543  1.42878163  1.32239115
  1.28421354  1.27282262  1.42981374  1.30271471 -1.50000322 -1.55309045
 -1.40183854 -1.55697143 -1.48811245  1.44258213  1.44897115  1.46294069
  1.34252405  1.51589262]
