         10  3.59800E-01 -7.43150E+00  1.70678E+02
         20  3.40200E-01 -7.43229E+00 -2.53443E+02
         30  3.34000E-01 -7.41830E+00  6.41008E+01
         40  3.07800E-01 -7.39561E+00 -1.93315E+01
         50  3.09800E-01 -7.35239E+00  3.60966E+02
         60  3.15600E-01 -7.40018E+00  1.40467E+02
         70  3.25200E-01 -7.42896E+00  2.56248E+02
         80  3.06000E-01 -7.40940E+00  1.82916E+02
         90  3.05000E-01 -7.37802E+00  1.38119E+02
        100  3.00200E-01 -7.43126E+00  1.91263E+02
