0	2.957816
1	2.952210
2	2.934565
3	2.905471
4	2.865657
5	2.815899
6	2.756996
7	2.689837
8	2.615492
9	2.535242
10	2.450512
11	2.362735
12	2.273205
13	2.182958
14	2.092740
15	2.003037
16	1.914180
17	1.826468
18	1.740279
19	1.656125
20	1.574637
21	1.496486
22	1.422267
23	1.352398
24	1.287039
25	1.226075
26	1.169168
27	1.115849
28	1.065627
29	1.018061
30	0.972809
31	0.929619
32	0.888324
33	0.848816
34	0.811027
35	0.774927
36	0.740507
37	0.707760
38	0.676643
39	0.647048
40	0.618786
41	0.591635
42	0.565417
43	0.540086
44	0.515761
45	0.492691
46	0.471177
47	0.451495
48	0.433842
49	0.418318
50	0.404928
51	0.393595
52	0.384181
53	0.376504
54	0.370357
55	0.365531
56	0.361830
57	0.359080
58	0.357131
59	0.355842
60	0.355075
61	0.354683
62	0.354512
63	0.354391
64	0.354144
65	0.353586
66	0.352526
67	0.350777
68	0.348169
69	0.344564
70	0.339876
71	0.334097
72	0.327310
73	0.319702
74	0.311554
75	0.303212
76	0.295044
77	0.287387
78	0.280498
79	0.274538
80	0.269565
81	0.265555
82	0.262424
83	0.260051
84	0.258304
85	0.257056
86	0.256192
87	0.255618
88	0.255257
89	0.255048
90	0.254946
91	0.254916
92	0.254932
93	0.254977
94	0.255036
95	0.255100
96	0.255163
97	0.255221
98	0.255269
99	0.255306
100	0.255330
	0.771371
5654
239
19
52
29
8

0



9













9

1359
64
66
3
46

64
75
82
81
37

2

0
8
4
0

5
1

6
3
1
7
6
0
87
25





