       100	 3.69308e-01	 5.53963e-01	-6.78754e+00	-6.23358e+00	-3.66777e+00
       200	 4.12993e-01	 6.19489e-01	-6.85249e+00	-6.23300e+00	-3.99445e+00
       300	 4.08914e-01	 6.13371e-01	-6.84477e+00	-6.23140e+00	-4.04212e+00
       400	 3.53008e-01	 5.29512e-01	-6.76119e+00	-6.23168e+00	-3.53809e+00
       500	 3.88119e-01	 5.82178e-01	-6.81661e+00	-6.23444e+00	-3.92202e+00
       600	 3.86306e-01	 5.79458e-01	-6.81640e+00	-6.23694e+00	-3.88649e+00
       700	 3.93292e-01	 5.89938e-01	-6.82286e+00	-6.23293e+00	-3.92194e+00
       800	 3.98157e-01	 5.97236e-01	-6.83121e+00	-6.23397e+00	-4.02500e+00
       900	 3.74903e-01	 5.62354e-01	-6.79643e+00	-6.23407e+00	-3.80352e+00
      1000	 3.45791e-01	 5.18686e-01	-6.75136e+00	-6.23267e+00	-3.56495e+00
      1100	 3.74775e-01	 5.62163e-01	-6.79821e+00	-6.23605e+00	-3.68377e+00
      1200	 3.82244e-01	 5.73366e-01	-6.81074e+00	-6.23738e+00	-3.87474e+00
      1300	 3.85984e-01	 5.78976e-01	-6.81163e+00	-6.23266e+00	-3.89138e+00
      1400	 4.03764e-01	 6.05646e-01	-6.83936e+00	-6.23372e+00	-3.99832e+00
      1500	 3.78743e-01	 5.68114e-01	-6.80722e+00	-6.23911e+00	-3.79295e+00
      1600	 3.38919e-01	 5.08379e-01	-6.74183e+00	-6.23345e+00	-3.42512e+00
      1700	 3.92133e-01	 5.88200e-01	-6.82083e+00	-6.23263e+00	-3.91779e+00
      1800	 3.81768e-01	 5.72652e-01	-6.80609e+00	-6.23344e+00	-3.92337e+00
      1900	 3.72571e-01	 5.58857e-01	-6.79372e+00	-6.23487e+00	-3.77355e+00
      2000	 3.98952e-01	 5.98427e-01	-6.83162e+00	-6.23320e+00	-4.01903e+00
      2100	 3.74787e-01	 5.62180e-01	-6.79691e+00	-6.23473e+00	-3.80190e+00
      2200	 4.16987e-01	 6.25480e-01	-6.85562e+00	-6.23014e+00	-4.10018e+00
      2300	 3.64499e-01	 5.46748e-01	-6.78243e+00	-6.23568e+00	-3.72755e+00
      2400	 3.97212e-01	 5.95817e-01	-6.82565e+00	-6.22983e+00	-3.96759e+00
      2500	 3.64562e-01	 5.46843e-01	-6.77884e+00	-6.23200e+00	-3.60045e+00
      2600	 4.10150e-01	 6.15226e-01	-6.84370e+00	-6.22847e+00	-3.97826e+00
      2700	 3.79197e-01	 5.68796e-01	-6.80192e+00	-6.23312e+00	-3.72507e+00
      2800	 4.07950e-01	 6.11926e-01	-6.84321e+00	-6.23128e+00	-3.97587e+00
      2900	 3.82203e-01	 5.73304e-01	-6.80244e+00	-6.22914e+00	-3.80049e+00
      3000	 3.69684e-01	 5.54526e-01	-6.78872e+00	-6.23420e+00	-3.74872e+00
      3100	 3.83710e-01	 5.75564e-01	-6.80966e+00	-6.23409e+00	-3.76922e+00
      3200	 3.62151e-01	 5.43226e-01	-6.77365e+00	-6.23042e+00	-3.72872e+00
      3300	 3.56579e-01	 5.34869e-01	-6.76704e+00	-6.23217e+00	-3.69688e+00
      3400	 3.73379e-01	 5.60068e-01	-6.79550e+00	-6.23543e+00	-3.73164e+00
      3500	 3.50956e-01	 5.26434e-01	-6.75728e+00	-6.23084e+00	-3.60358e+00
      3600	 3.60296e-01	 5.40444e-01	-6.77375e+00	-6.23331e+00	-3.59980e+00
      3700	 3.87357e-01	 5.81035e-01	-6.81385e+00	-6.23281e+00	-3.83169e+00
      3800	 3.74545e-01	 5.61818e-01	-6.79824e+00	-6.23643e+00	-3.82598e+00
      3900	 3.64397e-01	 5.46595e-01	-6.77966e+00	-6.23307e+00	-3.68071e+00
      4000	 3.57281e-01	 5.35921e-01	-6.77110e+00	-6.23518e+00	-3.61917e+00
      4100	 3.33489e-01	 5.00233e-01	-6.73500e+00	-6.23476e+00	-3.44614e+00
      4200	 3.29069e-01	 4.93604e-01	-6.72646e+00	-6.23286e+00	-3.49946e+00
      4300	 3.96280e-01	 5.94420e-01	-6.82855e+00	-6.23413e+00	-3.92607e+00
      4400	 3.37625e-01	 5.06437e-01	-6.73960e+00	-6.23316e+00	-3.51150e+00
      4500	 3.90696e-01	 5.86045e-01	-6.81679e+00	-6.23074e+00	-3.88761e+00
      4600	 3.92756e-01	 5.89133e-01	-6.81881e+00	-6.22968e+00	-3.92283e+00
      4700	 3.56246e-01	 5.34369e-01	-6.77106e+00	-6.23669e+00	-3.56885e+00
      4800	 3.98618e-01	 5.97927e-01	-6.82985e+00	-6.23192e+00	-3.98044e+00
      4900	 3.83052e-01	 5.74579e-01	-6.80854e+00	-6.23396e+00	-3.78239e+00
      5000	 3.55205e-01	 5.32808e-01	-6.76895e+00	-6.23614e+00	-3.58012e+00
      5100	 3.55744e-01	 5.33617e-01	-6.76882e+00	-6.23520e+00	-3.52120e+00
      5200	 3.97388e-01	 5.96082e-01	-6.82529e+00	-6.22921e+00	-3.97399e+00
      5300	 3.89527e-01	 5.84291e-01	-6.81841e+00	-6.23412e+00	-3.83855e+00
      5400	 3.85858e-01	 5.78787e-01	-6.81474e+00	-6.23595e+00	-3.77823e+00
      5500	 3.62844e-01	 5.44265e-01	-6.78220e+00	-6.23793e+00	-3.70403e+00
      5600	 3.70552e-01	 5.55828e-01	-6.79099e+00	-6.23516e+00	-3.68054e+00
      5700	 3.53632e-01	 5.30448e-01	-6.76764e+00	-6.23719e+00	-3.67287e+00
      5800	 3.83075e-01	 5.74613e-01	-6.80985e+00	-6.23524e+00	-3.85606e+00
      5900	 3.60046e-01	 5.40069e-01	-6.77569e+00	-6.23562e+00	-3.64515e+00
      6000	 3.53586e-01	 5.30379e-01	-6.76996e+00	-6.23958e+00	-3.59353e+00
      6100	 3.86176e-01	 5.79265e-01	-6.81259e+00	-6.23333e+00	-3.75042e+00
      6200	 3.93036e-01	 5.89555e-01	-6.82481e+00	-6.23525e+00	-3.93566e+00
      6300	 3.76044e-01	 5.64066e-01	-6.79619e+00	-6.23213e+00	-3.80858e+00
      6400	 3.92646e-01	 5.88969e-01	-6.82606e+00	-6.23709e+00	-3.99389e+00
      6500	 3.87542e-01	 5.81312e-01	-6.81657e+00	-6.23526e+00	-3.91454e+00
      6600	 3.71093e-01	 5.56639e-01	-6.78930e+00	-6.23266e+00	-3.76323e+00
      6700	 3.98111e-01	 5.97167e-01	-6.83081e+00	-6.23364e+00	-3.97334e+00
      6800	 3.96317e-01	 5.94475e-01	-6.82851e+00	-6.23403e+00	-3.93637e+00
      6900	 4.09207e-01	 6.13810e-01	-6.84764e+00	-6.23383e+00	-4.03906e+00
      7000	 4.01757e-01	 6.02635e-01	-6.83365e+00	-6.23101e+00	-4.01323e+00
      7100	 3.53847e-01	 5.30770e-01	-6.76698e+00	-6.23621e+00	-3.63391e+00
      7200	 3.63883e-01	 5.45824e-01	-6.77925e+00	-6.23343e+00	-3.73720e+00
      7300	 3.46561e-01	 5.19842e-01	-6.75260e+00	-6.23275e+00	-3.59662e+00
      7400	 4.03210e-01	 6.04814e-01	-6.83938e+00	-6.23456e+00	-3.98331e+00
      7500	 3.51870e-01	 5.27805e-01	-6.76442e+00	-6.23662e+00	-3.53972e+00
      7600	 3.90316e-01	 5.85474e-01	-6.82027e+00	-6.23480e+00	-3.92112e+00
      7700	 3.37185e-01	 5.05778e-01	-6.74228e+00	-6.23650e+00	-3.54762e+00
      7800	 3.82247e-01	 5.73371e-01	-6.80744e+00	-6.23407e+00	-3.76480e+00
      7900	 3.69288e-01	 5.53932e-01	-6.78699e+00	-6.23305e+00	-3.70845e+00
      8000	 3.77007e-01	 5.65511e-01	-6.79888e+00	-6.23337e+00	-3.81072e+00
      8100	 4.11817e-01	 6.17726e-01	-6.84777e+00	-6.23004e+00	-4.07004e+00
      8200	 3.89234e-01	 5.83851e-01	-6.81689e+00	-6.23303e+00	-3.79982e+00
      8300	 3.91145e-01	 5.86717e-01	-6.82050e+00	-6.23378e+00	-3.85230e+00
      8400	 3.90695e-01	 5.86043e-01	-6.81898e+00	-6.23294e+00	-3.92615e+00
      8500	 3.81899e-01	 5.72849e-01	-6.80766e+00	-6.23481e+00	-3.82764e+00
      8600	 3.78239e-01	 5.67359e-01	-6.80033e+00	-6.23297e+00	-3.81091e+00
      8700	 4.04316e-01	 6.06475e-01	-6.83888e+00	-6.23240e+00	-3.96081e+00
      8800	 3.82647e-01	 5.73971e-01	-6.80537e+00	-6.23140e+00	-3.81743e+00
      8900	 3.67566e-01	 5.51349e-01	-6.78473e+00	-6.23338e+00	-3.76424e+00
      9000	 3.71775e-01	 5.57663e-01	-6.79384e+00	-6.23617e+00	-3.73623e+00
      9100	 3.87245e-01	 5.80868e-01	-6.81472e+00	-6.23385e+00	-3.81553e+00
      9200	 3.60786e-01	 5.41179e-01	-6.77634e+00	-6.23516e+00	-3.64923e+00
      9300	 3.92710e-01	 5.89064e-01	-6.81954e+00	-6.23048e+00	-3.84957e+00
      9400	 3.73869e-01	 5.60803e-01	-6.79650e+00	-6.23570e+00	-3.78192e+00
      9500	 3.88116e-01	 5.82174e-01	-6.81888e+00	-6.23671e+00	-3.95724e+00
      9600	 3.47620e-01	 5.21430e-01	-6.75768e+00	-6.23625e+00	-3.66125e+00
      9700	 3.81682e-01	 5.72524e-01	-6.80773e+00	-6.23520e+00	-3.82916e+00
      9800	 3.54251e-01	 5.31377e-01	-6.76750e+00	-6.23612e+00	-3.56430e+00
      9900	 3.78371e-01	 5.67556e-01	-6.79944e+00	-6.23189e+00	-3.79780e+00
     10000	 3.49274e-01	 5.23912e-01	-6.75840e+00	-6.23449e+00	-3.65628e+00
     10100	 4.18823e-01	 6.28234e-01	-6.86165e+00	-6.23342e+00	-3.99720e+00
     10200	 3.60380e-01	 5.40569e-01	-6.77307e+00	-6.23250e+00	-3.68334e+00
     10300	 3.06925e-01	 4.60388e-01	-6.69587e+00	-6.23549e+00	-3.23929e+00
     10400	 3.55101e-01	 5.32651e-01	-6.76887e+00	-6.23622e+00	-3.70167e+00
     10500	 3.80065e-01	 5.70098e-01	-6.80745e+00	-6.23735e+00	-3.80844e+00
     10600	 4.11029e-01	 6.16543e-01	-6.84993e+00	-6.23338e+00	-4.07383e+00
     10700	 3.74173e-01	 5.61259e-01	-6.79588e+00	-6.23462e+00	-3.69528e+00
     10800	 3.58707e-01	 5.38060e-01	-6.77402e+00	-6.23596e+00	-3.62162e+00
     10900	 3.87191e-01	 5.80787e-01	-6.81686e+00	-6.23607e+00	-3.88976e+00
     11000	 3.75824e-01	 5.63735e-01	-6.79727e+00	-6.23354e+00	-3.80007e+00
     11100	 3.63481e-01	 5.45221e-01	-6.77876e+00	-6.23354e+00	-3.73244e+00
     11200	 3.72944e-01	 5.59415e-01	-6.79413e+00	-6.23472e+00	-3.85431e+00
     11300	 3.72788e-01	 5.59182e-01	-6.79256e+00	-6.23338e+00	-3.69772e+00
     11400	 3.58386e-01	 5.37579e-01	-6.76934e+00	-6.23176e+00	-3.63990e+00
     11500	 3.71156e-01	 5.56734e-01	-6.79177e+00	-6.23504e+00	-3.67566e+00
     11600	 3.70596e-01	 5.55894e-01	-6.78976e+00	-6.23387e+00	-3.78457e+00
     11700	 3.96190e-01	 5.94286e-01	-6.82707e+00	-6.23279e+00	-3.96333e+00
     11800	 3.67267e-01	 5.50901e-01	-6.78447e+00	-6.23357e+00	-3.73764e+00
     11900	 4.11764e-01	 6.17646e-01	-6.85103e+00	-6.23338e+00	-4.17406e+00
     12000	 3.50429e-01	 5.25643e-01	-6.76074e+00	-6.23510e+00	-3.59944e+00
     12100	 3.80804e-01	 5.71206e-01	-6.80820e+00	-6.23699e+00	-3.84146e+00
     12200	 3.84242e-01	 5.76363e-01	-6.80743e+00	-6.23107e+00	-3.85932e+00
     12300	 3.62967e-01	 5.44450e-01	-6.77976e+00	-6.23531e+00	-3.67448e+00
     12400	 3.89048e-01	 5.83572e-01	-6.81749e+00	-6.23392e+00	-3.87548e+00
     12500	 3.66506e-01	 5.49760e-01	-6.78215e+00	-6.23239e+00	-3.64890e+00
     12600	 3.77540e-01	 5.66310e-01	-6.79906e+00	-6.23275e+00	-3.83811e+00
     12700	 3.69767e-01	 5.54650e-01	-6.78818e+00	-6.23353e+00	-3.74067e+00
     12800	 3.87268e-01	 5.80902e-01	-6.81860e+00	-6.23770e+00	-3.95878e+00
     12900	 3.82597e-01	 5.73896e-01	-6.80767e+00	-6.23377e+00	-3.83050e+00
     13000	 3.92355e-01	 5.88532e-01	-6.81875e+00	-6.23022e+00	-3.84945e+00
     13100	 4.14606e-01	 6.21908e-01	-6.85573e+00	-6.23382e+00	-4.06958e+00
     13200	 3.61798e-01	 5.42697e-01	-6.77606e+00	-6.23337e+00	-3.74467e+00
     13300	 3.90326e-01	 5.85488e-01	-6.81645e+00	-6.23097e+00	-3.97944e+00
     13400	 3.58353e-01	 5.37529e-01	-6.77281e+00	-6.23528e+00	-3.56281e+00
     13500	 3.84349e-01	 5.76524e-01	-6.80870e+00	-6.23218e+00	-3.88433e+00
     13600	 3.38321e-01	 5.07481e-01	-6.74418e+00	-6.23670e+00	-3.48306e+00
     13700	 4.10368e-01	 6.15551e-01	-6.85067e+00	-6.23512e+00	-3.99501e+00
     13800	 3.52567e-01	 5.28850e-01	-6.76340e+00	-6.23455e+00	-3.65197e+00
     13900	 3.70096e-01	 5.55145e-01	-6.78631e+00	-6.23117e+00	-3.72733e+00
     14000	 3.95985e-01	 5.93977e-01	-6.82844e+00	-6.23446e+00	-3.93622e+00
     14100	 3.75565e-01	 5.63347e-01	-6.79514e+00	-6.23180e+00	-3.77818e+00
     14200	 3.87369e-01	 5.81053e-01	-6.81521e+00	-6.23416e+00	-3.88091e+00
     14300	 3.59123e-01	 5.38684e-01	-6.77102e+00	-6.23234e+00	-3.61377e+00
     14400	 4.02572e-01	 6.03858e-01	-6.83563e+00	-6.23178e+00	-4.01302e+00
     14500	 4.02218e-01	 6.03327e-01	-6.83725e+00	-6.23392e+00	-3.96922e+00
     14600	 3.68228e-01	 5.52342e-01	-6.78347e+00	-6.23112e+00	-3.71195e+00
     14700	 3.95791e-01	 5.93687e-01	-6.82558e+00	-6.23189e+00	-3.89821e+00
     14800	 3.91638e-01	 5.87456e-01	-6.81731e+00	-6.22985e+00	-3.87562e+00
     14900	 4.00135e-01	 6.00202e-01	-6.83508e+00	-6.23487e+00	-3.95785e+00
     15000	 3.67588e-01	 5.51382e-01	-6.79015e+00	-6.23877e+00	-3.70539e+00
     15100	 3.68805e-01	 5.53207e-01	-6.78632e+00	-6.23311e+00	-3.80370e+00
     15200	 3.53789e-01	 5.30684e-01	-6.76213e+00	-6.23144e+00	-3.70319e+00
     15300	 3.95036e-01	 5.92554e-01	-6.82434e+00	-6.23178e+00	-3.99499e+00
     15400	 3.83201e-01	 5.74802e-01	-6.80754e+00	-6.23274e+00	-3.88742e+00
     15500	 3.60516e-01	 5.40774e-01	-6.77808e+00	-6.23731e+00	-3.71349e+00
     15600	 3.93042e-01	 5.89562e-01	-6.82363e+00	-6.23407e+00	-3.94774e+00
     15700	 3.62594e-01	 5.43891e-01	-6.78074e+00	-6.23684e+00	-3.79713e+00
     15800	 4.00525e-01	 6.00787e-01	-6.83214e+00	-6.23136e+00	-4.00701e+00
     15900	 3.68918e-01	 5.53377e-01	-6.78787e+00	-6.23449e+00	-3.74193e+00
     16000	 3.44670e-01	 5.17005e-01	-6.75558e+00	-6.23858e+00	-3.66762e+00
     16100	 3.54968e-01	 5.32453e-01	-6.76432e+00	-6.23187e+00	-3.61130e+00
     16200	 3.65201e-01	 5.47802e-01	-6.78551e+00	-6.23771e+00	-3.71947e+00
     16300	 3.96127e-01	 5.94190e-01	-6.82990e+00	-6.23571e+00	-3.93723e+00
     16400	 3.57772e-01	 5.36658e-01	-6.77259e+00	-6.23593e+00	-3.63181e+00
     16500	 3.67944e-01	 5.51917e-01	-6.78615e+00	-6.23423e+00	-3.68039e+00
     16600	 4.26811e-01	 6.40216e-01	-6.87233e+00	-6.23211e+00	-4.14822e+00
     16700	 3.87326e-01	 5.80989e-01	-6.81707e+00	-6.23608e+00	-3.85768e+00
     16800	 3.62226e-01	 5.43339e-01	-6.77655e+00	-6.23321e+00	-3.69012e+00
     16900	 3.65171e-01	 5.47757e-01	-6.78409e+00	-6.23633e+00	-3.65946e+00
     17000	 3.33387e-01	 5.00080e-01	-6.73664e+00	-6.23656e+00	-3.49186e+00
     17100	 3.71240e-01	 5.56860e-01	-6.78931e+00	-6.23245e+00	-3.71232e+00
     17200	 3.76502e-01	 5.64753e-01	-6.80088e+00	-6.23613e+00	-3.80534e+00
     17300	 3.49627e-01	 5.24440e-01	-6.76038e+00	-6.23594e+00	-3.54345e+00
     17400	 3.85979e-01	 5.78968e-01	-6.81223e+00	-6.23326e+00	-3.86136e+00
     17500	 3.81038e-01	 5.71558e-01	-6.80188e+00	-6.23032e+00	-3.82644e+00
     17600	 3.59980e-01	 5.39970e-01	-6.77547e+00	-6.23550e+00	-3.69732e+00
     17700	 3.73522e-01	 5.60283e-01	-6.79446e+00	-6.23417e+00	-3.76743e+00
     17800	 3.74184e-01	 5.61276e-01	-6.79429e+00	-6.23302e+00	-3.76551e+00
     17900	 3.58082e-01	 5.37124e-01	-6.77357e+00	-6.23644e+00	-3.62390e+00
     18000	 3.71127e-01	 5.56691e-01	-6.79281e+00	-6.23612e+00	-3.69027e+00
     18100	 3.60909e-01	 5.41363e-01	-6.77744e+00	-6.23607e+00	-3.68661e+00
     18200	 3.42174e-01	 5.13261e-01	-6.74683e+00	-6.23356e+00	-3.55583e+00
     18300	 3.84826e-01	 5.77239e-01	-6.81159e+00	-6.23435e+00	-3.68120e+00
     18400	 3.88012e-01	 5.82018e-01	-6.81437e+00	-6.23235e+00	-3.86945e+00
     18500	 3.36953e-01	 5.05430e-01	-6.74165e+00	-6.23622e+00	-3.51496e+00
     18600	 3.77144e-01	 5.65716e-01	-6.80320e+00	-6.23748e+00	-3.76354e+00
     18700	 3.52659e-01	 5.28989e-01	-6.76619e+00	-6.23720e+00	-3.64698e+00
     18800	 3.74187e-01	 5.61281e-01	-6.79447e+00	-6.23319e+00	-3.82038e+00
     18900	 3.46670e-01	 5.20004e-01	-6.75584e+00	-6.23584e+00	-3.35397e+00
     19000	 3.87921e-01	 5.81881e-01	-6.81809e+00	-6.23621e+00	-3.83199e+00
     19100	 3.60580e-01	 5.40869e-01	-6.77556e+00	-6.23469e+00	-3.71086e+00
     19200	 4.01670e-01	 6.02505e-01	-6.83406e+00	-6.23156e+00	-3.95063e+00
     19300	 3.74252e-01	 5.61378e-01	-6.79312e+00	-6.23174e+00	-3.75675e+00
     19400	 3.46984e-01	 5.20476e-01	-6.75405e+00	-6.23357e+00	-3.61787e+00
     19500	 3.99500e-01	 5.99250e-01	-6.83201e+00	-6.23276e+00	-4.00776e+00
     19600	 4.07295e-01	 6.10942e-01	-6.84056e+00	-6.22962e+00	-4.05937e+00
     19700	 4.07430e-01	 6.11145e-01	-6.84256e+00	-6.23141e+00	-4.08353e+00
     19800	 3.82391e-01	 5.73586e-01	-6.80835e+00	-6.23476e+00	-3.77071e+00
     19900	 4.22595e-01	 6.33893e-01	-6.86864e+00	-6.23475e+00	-4.11032e+00
     20000	 3.80694e-01	 5.71041e-01	-6.80428e+00	-6.23324e+00	-3.88199e+00
     20100	 3.85109e-01	 5.77664e-01	-6.81159e+00	-6.23393e+00	-3.87606e+00
     20200	 4.01675e-01	 6.02512e-01	-6.83734e+00	-6.23482e+00	-3.98718e+00
     20300	 3.54619e-01	 5.31928e-01	-6.76432e+00	-6.23239e+00	-3.69789e+00
     20400	 3.66602e-01	 5.49902e-01	-6.77877e+00	-6.22887e+00	-3.76192e+00
     20500	 3.82665e-01	 5.73998e-01	-6.80666e+00	-6.23266e+00	-3.85851e+00
     20600	 3.78446e-01	 5.67668e-01	-6.80093e+00	-6.23326e+00	-3.77862e+00
     20700	 3.81786e-01	 5.72679e-01	-6.80388e+00	-6.23120e+00	-3.88487e+00
     20800	 3.59351e-01	 5.39026e-01	-6.77207e+00	-6.23305e+00	-3.70841e+00
     20900	 3.77455e-01	 5.66183e-01	-6.79920e+00	-6.23302e+00	-3.80116e+00
     21000	 3.80805e-01	 5.71208e-01	-6.80586e+00	-6.23465e+00	-3.85981e+00
     21100	 3.61124e-01	 5.41687e-01	-6.77522e+00	-6.23353e+00	-3.56285e+00
     21200	 3.85142e-01	 5.77713e-01	-6.81005e+00	-6.23234e+00	-3.87246e+00
     21300	 3.50856e-01	 5.26284e-01	-6.76165e+00	-6.23537e+00	-3.51312e+00
     21400	 3.97997e-01	 5.96995e-01	-6.83042e+00	-6.23343e+00	-3.97280e+00
     21500	 3.51262e-01	 5.26893e-01	-6.76065e+00	-6.23376e+00	-3.57792e+00
     21600	 3.87291e-01	 5.80937e-01	-6.81333e+00	-6.23240e+00	-3.91384e+00
     21700	 3.98154e-01	 5.97231e-01	-6.82925e+00	-6.23202e+00	-3.99490e+00
     21800	 3.59872e-01	 5.39808e-01	-6.77474e+00	-6.23493e+00	-3.60147e+00
     21900	 3.76761e-01	 5.65141e-01	-6.79903e+00	-6.23389e+00	-3.83667e+00
     22000	 3.86359e-01	 5.79538e-01	-6.81435e+00	-6.23481e+00	-3.79013e+00
     22100	 3.98269e-01	 5.97404e-01	-6.82761e+00	-6.23021e+00	-3.91821e+00
     22200	 3.72844e-01	 5.59267e-01	-6.79490e+00	-6.23563e+00	-3.71941e+00
     22300	 3.89635e-01	 5.84453e-01	-6.81698e+00	-6.23252e+00	-3.88991e+00
     22400	 3.74702e-01	 5.62053e-01	-6.79941e+00	-6.23736e+00	-3.70007e+00
     22500	 3.97910e-01	 5.96865e-01	-6.82737e+00	-6.23050e+00	-4.02425e+00
     22600	 3.63968e-01	 5.45952e-01	-6.78107e+00	-6.23512e+00	-3.71185e+00
     22700	 3.81924e-01	 5.72886e-01	-6.80795e+00	-6.23506e+00	-3.86425e+00
     22800	 3.40359e-01	 5.10538e-01	-6.74297e+00	-6.23243e+00	-3.52445e+00
     22900	 3.91340e-01	 5.87009e-01	-6.81720e+00	-6.23019e+00	-3.81863e+00
     23000	 4.15367e-01	 6.23051e-01	-6.85442e+00	-6.23137e+00	-4.10160e+00
     23100	 3.43739e-01	 5.15608e-01	-6.74840e+00	-6.23279e+00	-3.39324e+00
     23200	 3.83008e-01	 5.74512e-01	-6.80601e+00	-6.23150e+00	-3.78393e+00
     23300	 3.55469e-01	 5.33204e-01	-6.77008e+00	-6.23687e+00	-3.58218e+00
     23400	 4.09776e-01	 6.14664e-01	-6.84735e+00	-6.23268e+00	-4.00070e+00
     23500	 3.74222e-01	 5.61333e-01	-6.79345e+00	-6.23211e+00	-3.81010e+00
     23600	 3.59694e-01	 5.39541e-01	-6.77119e+00	-6.23165e+00	-3.68062e+00
     23700	 3.68835e-01	 5.53252e-01	-6.78774e+00	-6.23449e+00	-3.79877e+00
     23800	 3.65467e-01	 5.48201e-01	-6.78002e+00	-6.23182e+00	-3.73608e+00
     23900	 3.80805e-01	 5.71208e-01	-6.80801e+00	-6.23680e+00	-3.78415e+00
     24000	 3.72537e-01	 5.58805e-01	-6.79268e+00	-6.23387e+00	-3.78224e+00
     24100	 3.82745e-01	 5.74117e-01	-6.80937e+00	-6.23525e+00	-3.88696e+00
     24200	 3.98043e-01	 5.97064e-01	-6.83082e+00	-6.23376e+00	-3.93888e+00
     24300	 3.71109e-01	 5.56663e-01	-6.79146e+00	-6.23479e+00	-3.75523e+00
     24400	 3.91743e-01	 5.87615e-01	-6.82158e+00	-6.23396e+00	-3.84912e+00
     24500	 3.68189e-01	 5.52283e-01	-6.78881e+00	-6.23653e+00	-3.72093e+00
     24600	 4.19774e-01	 6.29661e-01	-6.86073e+00	-6.23107e+00	-4.10823e+00
     24700	 3.69793e-01	 5.54690e-01	-6.78552e+00	-6.23083e+00	-3.63235e+00
     24800	 3.74800e-01	 5.62199e-01	-6.79446e+00	-6.23226e+00	-3.83058e+00
     24900	 3.62341e-01	 5.43512e-01	-6.77692e+00	-6.23341e+00	-3.75953e+00
     25000	 3.82356e-01	 5.73534e-01	-6.80715e+00	-6.23362e+00	-3.90532e+00
     25100	 3.85933e-01	 5.78899e-01	-6.81003e+00	-6.23113e+00	-3.82501e+00
     25200	 3.77088e-01	 5.65632e-01	-6.79661e+00	-6.23098e+00	-3.84249e+00
     25300	 3.84164e-01	 5.76246e-01	-6.81259e+00	-6.23634e+00	-3.83486e+00
     25400	 3.66086e-01	 5.49130e-01	-6.78216e+00	-6.23303e+00	-3.68561e+00
     25500	 3.69956e-01	 5.54935e-01	-6.79279e+00	-6.23785e+00	-3.69618e+00
     25600	 3.67449e-01	 5.51174e-01	-6.78270e+00	-6.23152e+00	-3.78027e+00
     25700	 3.78179e-01	 5.67269e-01	-6.79959e+00	-6.23232e+00	-3.83604e+00
     25800	 3.80365e-01	 5.70547e-01	-6.80113e+00	-6.23058e+00	-3.78058e+00
     25900	 3.58095e-01	 5.37142e-01	-6.76878e+00	-6.23164e+00	-3.69623e+00
     26000	 3.64540e-01	 5.46810e-01	-6.78006e+00	-6.23325e+00	-3.68298e+00
     26100	 3.88430e-01	 5.82645e-01	-6.81088e+00	-6.22824e+00	-3.90103e+00
     26200	 3.26973e-01	 4.90460e-01	-6.72549e+00	-6.23503e+00	-3.51933e+00
     26300	 3.79625e-01	 5.69437e-01	-6.80219e+00	-6.23275e+00	-3.74100e+00
     26400	 3.90527e-01	 5.85790e-01	-6.81568e+00	-6.22989e+00	-3.81192e+00
     26500	 3.58473e-01	 5.37710e-01	-6.77447e+00	-6.23676e+00	-3.66104e+00
     26600	 3.79194e-01	 5.68791e-01	-6.80222e+00	-6.23343e+00	-3.85331e+00
     26700	 4.01500e-01	 6.02250e-01	-6.83345e+00	-6.23121e+00	-3.99064e+00
     26800	 3.42876e-01	 5.14314e-01	-6.74819e+00	-6.23387e+00	-3.46883e+00
     26900	 4.06392e-01	 6.09588e-01	-6.84064e+00	-6.23106e+00	-3.92230e+00
     27000	 3.70725e-01	 5.56088e-01	-6.79280e+00	-6.23671e+00	-3.82498e+00
     27100	 3.81265e-01	 5.71897e-01	-6.80359e+00	-6.23169e+00	-3.88768e+00
     27200	 3.75433e-01	 5.63149e-01	-6.79835e+00	-6.23520e+00	-3.72628e+00
     27300	 3.67577e-01	 5.51366e-01	-6.78805e+00	-6.23669e+00	-3.65956e+00
     27400	 3.61782e-01	 5.42672e-01	-6.77446e+00	-6.23179e+00	-3.63021e+00
     27500	 4.06919e-01	 6.10378e-01	-6.84528e+00	-6.23491e+00	-3.94970e+00
     27600	 3.56609e-01	 5.34913e-01	-6.76775e+00	-6.23283e+00	-3.63866e+00
     27700	 3.62904e-01	 5.44356e-01	-6.78025e+00	-6.23590e+00	-3.67135e+00
     27800	 3.76332e-01	 5.64498e-01	-6.80019e+00	-6.23570e+00	-3.82010e+00
     27900	 3.87519e-01	 5.81279e-01	-6.81454e+00	-6.23326e+00	-3.85696e+00
     28000	 3.72792e-01	 5.59188e-01	-6.79285e+00	-6.23367e+00	-3.79658e+00
     28100	 3.85064e-01	 5.77597e-01	-6.80674e+00	-6.22914e+00	-3.83799e+00
     28200	 3.37924e-01	 5.06886e-01	-6.74391e+00	-6.23703e+00	-3.46248e+00
     28300	 3.66587e-01	 5.49881e-01	-6.78293e+00	-6.23305e+00	-3.68681e+00
     28400	 4.01695e-01	 6.02543e-01	-6.83898e+00	-6.23644e+00	-4.01383e+00
     28500	 3.78044e-01	 5.67066e-01	-6.80234e+00	-6.23527e+00	-3.76032e+00
     28600	 3.56080e-01	 5.34120e-01	-6.77310e+00	-6.23898e+00	-3.67709e+00
     28700	 3.95304e-01	 5.92956e-01	-6.82659e+00	-6.23364e+00	-3.93150e+00
     28800	 3.58178e-01	 5.37267e-01	-6.77215e+00	-6.23488e+00	-3.56383e+00
     28900	 3.64132e-01	 5.46198e-01	-6.77668e+00	-6.23049e+00	-3.71352e+00
     29000	 3.59509e-01	 5.39264e-01	-6.77237e+00	-6.23310e+00	-3.66724e+00
     29100	 3.94259e-01	 5.91389e-01	-6.82196e+00	-6.23057e+00	-3.88748e+00
     29200	 3.51484e-01	 5.27225e-01	-6.75987e+00	-6.23265e+00	-3.59212e+00
     29300	 4.03454e-01	 6.05182e-01	-6.84359e+00	-6.23841e+00	-4.01736e+00
     29400	 3.87275e-01	 5.80913e-01	-6.81267e+00	-6.23175e+00	-3.85733e+00
     29500	 3.72932e-01	 5.59398e-01	-6.79731e+00	-6.23791e+00	-3.78834e+00
     29600	 3.79561e-01	 5.69341e-01	-6.80798e+00	-6.23864e+00	-3.73914e+00
     29700	 3.60969e-01	 5.41454e-01	-6.77912e+00	-6.23767e+00	-3.72360e+00
     29800	 3.53215e-01	 5.29822e-01	-6.76712e+00	-6.23729e+00	-3.68296e+00
     29900	 3.72569e-01	 5.58853e-01	-6.79208e+00	-6.23322e+00	-3.75753e+00
     30000	 3.91995e-01	 5.87993e-01	-6.82036e+00	-6.23236e+00	-3.90843e+00
     30100	 3.62456e-01	 5.43684e-01	-6.77712e+00	-6.23344e+00	-3.69598e+00
     30200	 3.62294e-01	 5.43441e-01	-6.77900e+00	-6.23556e+00	-3.77266e+00
     30300	 3.77274e-01	 5.65911e-01	-6.79801e+00	-6.23210e+00	-3.71785e+00
     30400	 4.05361e-01	 6.08042e-01	-6.84450e+00	-6.23646e+00	-4.07118e+00
     30500	 3.63515e-01	 5.45273e-01	-6.77862e+00	-6.23334e+00	-3.67008e+00
     30600	 3.81227e-01	 5.71841e-01	-6.80544e+00	-6.23360e+00	-3.79764e+00
     30700	 3.73957e-01	 5.60936e-01	-6.79355e+00	-6.23261e+00	-3.79977e+00
     30800	 3.96542e-01	 5.94813e-01	-6.82618e+00	-6.23136e+00	-3.94344e+00
     30900	 3.85748e-01	 5.78623e-01	-6.81302e+00	-6.23440e+00	-3.83632e+00
     31000	 4.12096e-01	 6.18144e-01	-6.84901e+00	-6.23086e+00	-4.02146e+00
     31100	 3.81967e-01	 5.72950e-01	-6.80752e+00	-6.23457e+00	-3.81694e+00
     31200	 3.61795e-01	 5.42692e-01	-6.77803e+00	-6.23534e+00	-3.72653e+00
     31300	 3.33545e-01	 5.00318e-01	-6.73599e+00	-6.23567e+00	-3.55392e+00
     31400	 3.64172e-01	 5.46259e-01	-6.78010e+00	-6.23384e+00	-3.73915e+00
     31500	 3.81380e-01	 5.72071e-01	-6.80589e+00	-6.23382e+00	-3.82046e+00
     31600	 3.68062e-01	 5.52093e-01	-6.78678e+00	-6.23469e+00	-3.62331e+00
     31700	 3.73514e-01	 5.60271e-01	-6.79548e+00	-6.23521e+00	-3.79779e+00
     31800	 3.86200e-01	 5.79300e-01	-6.81571e+00	-6.23641e+00	-3.86084e+00
     31900	 4.02167e-01	 6.03250e-01	-6.83172e+00	-6.22847e+00	-3.98930e+00
     32000	 3.78703e-01	 5.68054e-01	-6.80277e+00	-6.23472e+00	-3.83104e+00
     32100	 3.91944e-01	 5.87916e-01	-6.81820e+00	-6.23028e+00	-3.84773e+00
     32200	 3.89731e-01	 5.84596e-01	-6.81580e+00	-6.23121e+00	-3.83425e+00
     32300	 3.93153e-01	 5.89730e-01	-6.82415e+00	-6.23442e+00	-3.96978e+00
     32400	 3.56168e-01	 5.34252e-01	-6.76567e+00	-6.23141e+00	-3.54558e+00
     32500	 3.79614e-01	 5.69421e-01	-6.80506e+00	-6.23564e+00	-3.83262e+00
     32600	 3.83247e-01	 5.74871e-01	-6.80828e+00	-6.23341e+00	-3.77856e+00
     32700	 3.49180e-01	 5.23769e-01	-6.75828e+00	-6.23451e+00	-3.60952e+00
     32800	 3.76682e-01	 5.65023e-01	-6.80214e+00	-6.23711e+00	-3.82377e+00
     32900	 3.74379e-01	 5.61568e-01	-6.79382e+00	-6.23225e+00	-3.68035e+00
     33000	 3.60459e-01	 5.40689e-01	-6.77263e+00	-6.23194e+00	-3.69870e+00
     33100	 4.12884e-01	 6.19327e-01	-6.85130e+00	-6.23197e+00	-4.16938e+00
     33200	 3.63403e-01	 5.45105e-01	-6.78102e+00	-6.23591e+00	-3.74606e+00
     33300	 3.95380e-01	 5.93070e-01	-6.82852e+00	-6.23544e+00	-3.96773e+00
     33400	 3.85836e-01	 5.78754e-01	-6.81046e+00	-6.23171e+00	-3.77011e+00
     33500	 4.07683e-01	 6.11524e-01	-6.84263e+00	-6.23111e+00	-4.05401e+00
     33600	 3.92965e-01	 5.89448e-01	-6.81738e+00	-6.22793e+00	-3.98743e+00
     33700	 3.65360e-01	 5.48040e-01	-6.78150e+00	-6.23346e+00	-3.72578e+00
     33800	 4.00605e-01	 6.00908e-01	-6.82936e+00	-6.22845e+00	-3.95013e+00
     33900	 4.12514e-01	 6.18771e-01	-6.85298e+00	-6.23421e+00	-4.07909e+00
     34000	 3.84549e-01	 5.76824e-01	-6.81456e+00	-6.23774e+00	-3.91703e+00
     34100	 3.68865e-01	 5.53297e-01	-6.79161e+00	-6.23831e+00	-3.66801e+00
     34200	 3.81130e-01	 5.71695e-01	-6.80552e+00	-6.23382e+00	-3.85357e+00
     34300	 3.94145e-01	 5.91218e-01	-6.82415e+00	-6.23293e+00	-3.94926e+00
     34400	 3.93330e-01	 5.89995e-01	-6.82514e+00	-6.23514e+00	-3.94580e+00
     34500	 3.85548e-01	 5.78322e-01	-6.81422e+00	-6.23590e+00	-3.84865e+00
     34600	 3.87386e-01	 5.81078e-01	-6.81468e+00	-6.23361e+00	-3.88007e+00
     34700	 3.92709e-01	 5.89064e-01	-6.81957e+00	-6.23050e+00	-3.91984e+00
     34800	 3.99766e-01	 5.99649e-01	-6.82959e+00	-6.22994e+00	-3.90461e+00
     34900	 3.99553e-01	 5.99330e-01	-6.83188e+00	-6.23255e+00	-4.01364e+00
     35000	 3.93019e-01	 5.89528e-01	-6.82600e+00	-6.23647e+00	-3.95192e+00
     35100	 3.84076e-01	 5.76114e-01	-6.81019e+00	-6.23408e+00	-3.90013e+00
     35200	 3.74952e-01	 5.62428e-01	-6.79518e+00	-6.23276e+00	-3.85380e+00
     35300	 3.62927e-01	 5.44391e-01	-6.77988e+00	-6.23549e+00	-3.66518e+00
     35400	 3.95816e-01	 5.93725e-01	-6.83200e+00	-6.23827e+00	-3.88965e+00
     35500	 3.79003e-01	 5.68505e-01	-6.80586e+00	-6.23736e+00	-3.88416e+00
     35600	 3.57220e-01	 5.35830e-01	-6.77393e+00	-6.23810e+00	-3.71233e+00
     35700	 4.20312e-01	 6.30468e-01	-6.86313e+00	-6.23266e+00	-4.07716e+00
     35800	 3.86261e-01	 5.79391e-01	-6.81144e+00	-6.23205e+00	-3.86737e+00
     35900	 3.82987e-01	 5.74481e-01	-6.80773e+00	-6.23324e+00	-3.90340e+00
     36000	 3.80341e-01	 5.70512e-01	-6.80550e+00	-6.23498e+00	-3.83274e+00
     36100	 3.85827e-01	 5.78741e-01	-6.81791e+00	-6.23917e+00	-3.95451e+00
     36200	 3.61608e-01	 5.42412e-01	-6.78185e+00	-6.23943e+00	-3.76448e+00
     36300	 3.89584e-01	 5.84376e-01	-6.81752e+00	-6.23314e+00	-3.98148e+00
     36400	 3.54113e-01	 5.31169e-01	-6.76147e+00	-6.23031e+00	-3.65446e+00
     36500	 3.61320e-01	 5.41980e-01	-6.77276e+00	-6.23078e+00	-3.75161e+00
     36600	 3.34153e-01	 5.01229e-01	-6.73277e+00	-6.23154e+00	-3.52393e+00
     36700	 3.87968e-01	 5.81952e-01	-6.81305e+00	-6.23110e+00	-3.93037e+00
     36800	 3.47998e-01	 5.21997e-01	-6.75898e+00	-6.23698e+00	-3.51604e+00
     36900	 3.69633e-01	 5.54449e-01	-6.78440e+00	-6.22995e+00	-3.76220e+00
     37000	 3.67980e-01	 5.51970e-01	-6.78294e+00	-6.23097e+00	-3.66175e+00
     37100	 3.67569e-01	 5.51354e-01	-6.78223e+00	-6.23088e+00	-3.65267e+00
     37200	 3.90515e-01	 5.85772e-01	-6.82169e+00	-6.23591e+00	-3.91572e+00
     37300	 3.70467e-01	 5.55700e-01	-6.79415e+00	-6.23845e+00	-3.73962e+00
     37400	 3.38680e-01	 5.08020e-01	-6.73907e+00	-6.23105e+00	-3.47728e+00
     37500	 3.98585e-01	 5.97878e-01	-6.82796e+00	-6.23009e+00	-3.97780e+00
     37600	 3.79456e-01	 5.69183e-01	-6.80430e+00	-6.23512e+00	-3.85410e+00
     37700	 3.87381e-01	 5.81072e-01	-6.81229e+00	-6.23122e+00	-3.97772e+00
     37800	 3.53606e-01	 5.30409e-01	-6.76463e+00	-6.23422e+00	-3.64290e+00
     37900	 4.00217e-01	 6.00325e-01	-6.83449e+00	-6.23417e+00	-3.95503e+00
     38000	 3.74730e-01	 5.62095e-01	-6.79846e+00	-6.23636e+00	-3.80007e+00
     38100	 3.57607e-01	 5.36410e-01	-6.77063e+00	-6.23422e+00	-3.68714e+00
     38200	 3.54341e-01	 5.31512e-01	-6.76646e+00	-6.23495e+00	-3.65878e+00
     38300	 3.99354e-01	 5.99031e-01	-6.83110e+00	-6.23207e+00	-3.95628e+00
     38400	 3.73444e-01	 5.60166e-01	-6.79071e+00	-6.23055e+00	-3.84331e+00
     38500	 3.95437e-01	 5.93156e-01	-6.82443e+00	-6.23127e+00	-4.06607e+00
     38600	 3.59620e-01	 5.39430e-01	-6.77875e+00	-6.23932e+00	-3.72190e+00
     38700	 3.96099e-01	 5.94149e-01	-6.82821e+00	-6.23406e+00	-3.90207e+00
     38800	 3.88535e-01	 5.82803e-01	-6.81379e+00	-6.23099e+00	-3.89770e+00
     38900	 4.05971e-01	 6.08957e-01	-6.84345e+00	-6.23449e+00	-4.07255e+00
     39000	 3.43106e-01	 5.14659e-01	-6.74504e+00	-6.23038e+00	-3.48779e+00
     39100	 4.03152e-01	 6.04727e-01	-6.83907e+00	-6.23434e+00	-4.05279e+00
     39200	 3.58590e-01	 5.37885e-01	-6.77117e+00	-6.23328e+00	-3.57304e+00
     39300	 3.44991e-01	 5.17486e-01	-6.75181e+00	-6.23432e+00	-3.59057e+00
     39400	 3.55455e-01	 5.33182e-01	-6.76849e+00	-6.23530e+00	-3.53340e+00
     39500	 3.94264e-01	 5.91397e-01	-6.82477e+00	-6.23337e+00	-3.95662e+00
     39600	 4.08745e-01	 6.13117e-01	-6.84513e+00	-6.23202e+00	-3.97561e+00
     39700	 3.84535e-01	 5.76803e-01	-6.80825e+00	-6.23145e+00	-3.80887e+00
     39800	 3.46655e-01	 5.19983e-01	-6.75305e+00	-6.23307e+00	-3.51775e+00
     39900	 3.87861e-01	 5.81792e-01	-6.81587e+00	-6.23408e+00	-3.94883e+00
     40000	 4.16880e-01	 6.25319e-01	-6.85510e+00	-6.22979e+00	-3.97069e+00
     40100	 3.96266e-01	 5.94399e-01	-6.82691e+00	-6.23251e+00	-3.92096e+00
     40200	 3.78822e-01	 5.68233e-01	-6.80347e+00	-6.23524e+00	-3.87691e+00
     40300	 3.90323e-01	 5.85484e-01	-6.81782e+00	-6.23234e+00	-3.86987e+00
     40400	 3.74749e-01	 5.62124e-01	-6.79828e+00	-6.23615e+00	-3.81392e+00
     40500	 3.97814e-01	 5.96721e-01	-6.82749e+00	-6.23077e+00	-3.97579e+00
     40600	 3.99386e-01	 5.99078e-01	-6.83012e+00	-6.23104e+00	-3.93786e+00
     40700	 3.63418e-01	 5.45127e-01	-6.77251e+00	-6.22738e+00	-3.62201e+00
     40800	 3.92287e-01	 5.88431e-01	-6.81856e+00	-6.23013e+00	-3.87041e+00
     40900	 3.73522e-01	 5.60284e-01	-6.79769e+00	-6.23741e+00	-3.76728e+00
     41000	 3.76010e-01	 5.64015e-01	-6.79658e+00	-6.23257e+00	-3.82076e+00
     41100	 3.93915e-01	 5.90873e-01	-6.82538e+00	-6.23451e+00	-3.86688e+00
     41200	 3.74962e-01	 5.62443e-01	-6.79882e+00	-6.23638e+00	-3.80796e+00
     41300	 3.81686e-01	 5.72528e-01	-6.80540e+00	-6.23288e+00	-3.86089e+00
     41400	 3.93253e-01	 5.89879e-01	-6.82484e+00	-6.23496e+00	-3.90350e+00
     41500	 4.03838e-01	 6.05757e-01	-6.83982e+00	-6.23407e+00	-3.98721e+00
     41600	 4.06763e-01	 6.10145e-01	-6.84615e+00	-6.23601e+00	-4.00447e+00
     41700	 4.02480e-01	 6.03720e-01	-6.83768e+00	-6.23396e+00	-4.03487e+00
     41800	 3.73428e-01	 5.60143e-01	-6.79332e+00	-6.23318e+00	-3.77378e+00
     41900	 3.80868e-01	 5.71302e-01	-6.80545e+00	-6.23414e+00	-3.81226e+00
     42000	 4.10653e-01	 6.15979e-01	-6.84675e+00	-6.23077e+00	-4.04233e+00
     42100	 3.58013e-01	 5.37020e-01	-6.77399e+00	-6.23697e+00	-3.70825e+00
     42200	 3.96493e-01	 5.94739e-01	-6.82543e+00	-6.23069e+00	-3.88228e+00
     42300	 3.78149e-01	 5.67224e-01	-6.79870e+00	-6.23148e+00	-3.75362e+00
     42400	 3.84888e-01	 5.77332e-01	-6.81021e+00	-6.23288e+00	-3.90198e+00
     42500	 3.42568e-01	 5.13851e-01	-6.75016e+00	-6.23631e+00	-3.47940e+00
     42600	 3.98391e-01	 5.97586e-01	-6.83353e+00	-6.23594e+00	-3.81141e+00
     42700	 3.43326e-01	 5.14989e-01	-6.74964e+00	-6.23465e+00	-3.51121e+00
     42800	 3.84004e-01	 5.76006e-01	-6.80881e+00	-6.23280e+00	-3.80200e+00
     42900	 3.61626e-01	 5.42439e-01	-6.77471e+00	-6.23227e+00	-3.71597e+00
     43000	 3.44355e-01	 5.16533e-01	-6.75421e+00	-6.23768e+00	-3.50025e+00
     43100	 3.71665e-01	 5.57497e-01	-6.79285e+00	-6.23535e+00	-3.75748e+00
     43200	 3.86870e-01	 5.80306e-01	-6.81259e+00	-6.23229e+00	-3.82050e+00
     43300	 3.87236e-01	 5.80855e-01	-6.81045e+00	-6.22960e+00	-3.87246e+00
     43400	 4.22327e-01	 6.33490e-01	-6.86542e+00	-6.23193e+00	-4.12536e+00
     43500	 3.54171e-01	 5.31256e-01	-6.76471e+00	-6.23345e+00	-3.61737e+00
     43600	 3.69975e-01	 5.54962e-01	-6.78700e+00	-6.23204e+00	-3.67466e+00
     43700	 3.46768e-01	 5.20152e-01	-6.75604e+00	-6.23588e+00	-3.52185e+00
     43800	 3.68057e-01	 5.52086e-01	-6.78689e+00	-6.23480e+00	-3.75708e+00
     43900	 3.07936e-01	 4.61903e-01	-6.69725e+00	-6.23535e+00	-3.36072e+00
     44000	 3.92880e-01	 5.89320e-01	-6.82103e+00	-6.23171e+00	-4.00444e+00
     44100	 3.87669e-01	 5.81503e-01	-6.81789e+00	-6.23638e+00	-3.86575e+00
     44200	 4.25220e-01	 6.37829e-01	-6.87179e+00	-6.23396e+00	-4.19465e+00
     44300	 3.65364e-01	 5.48045e-01	-6.78191e+00	-6.23387e+00	-3.70589e+00
     44400	 3.82646e-01	 5.73968e-01	-6.80503e+00	-6.23106e+00	-3.81620e+00
     44500	 3.78650e-01	 5.67974e-01	-6.79881e+00	-6.23083e+00	-3.71603e+00
     44600	 4.05054e-01	 6.07581e-01	-6.84173e+00	-6.23415e+00	-3.84230e+00
     44700	 3.57879e-01	 5.36818e-01	-6.77251e+00	-6.23569e+00	-3.72521e+00
     44800	 3.81127e-01	 5.71691e-01	-6.80218e+00	-6.23049e+00	-3.83178e+00
     44900	 3.71249e-01	 5.56874e-01	-6.79210e+00	-6.23523e+00	-3.80108e+00
     45000	 3.84137e-01	 5.76205e-01	-6.81322e+00	-6.23702e+00	-3.96953e+00
     45100	 4.04113e-01	 6.06169e-01	-6.83904e+00	-6.23287e+00	-3.94460e+00
     45200	 3.82519e-01	 5.73779e-01	-6.81084e+00	-6.23706e+00	-3.90209e+00
     45300	 3.55825e-01	 5.33737e-01	-6.76769e+00	-6.23395e+00	-3.63396e+00
     45400	 3.65445e-01	 5.48168e-01	-6.78138e+00	-6.23321e+00	-3.77102e+00
     45500	 4.09894e-01	 6.14841e-01	-6.84571e+00	-6.23087e+00	-4.07989e+00
     45600	 3.58990e-01	 5.38485e-01	-6.77874e+00	-6.24026e+00	-3.70914e+00
     45700	 3.82234e-01	 5.73351e-01	-6.80579e+00	-6.23244e+00	-3.79573e+00
     45800	 3.83333e-01	 5.74999e-01	-6.80461e+00	-6.22961e+00	-3.74140e+00
     45900	 3.66077e-01	 5.49115e-01	-6.78369e+00	-6.23458e+00	-3.74651e+00
     46000	 3.94341e-01	 5.91511e-01	-6.82081e+00	-6.22930e+00	-3.98133e+00
     46100	 4.11541e-01	 6.17311e-01	-6.85279e+00	-6.23548e+00	-4.03759e+00
     46200	 3.92369e-01	 5.88553e-01	-6.82493e+00	-6.23638e+00	-3.86947e+00
     46300	 4.00746e-01	 6.01118e-01	-6.83380e+00	-6.23268e+00	-3.94214e+00
     46400	 3.82974e-01	 5.74461e-01	-6.81020e+00	-6.23574e+00	-3.82131e+00
     46500	 3.75644e-01	 5.63465e-01	-6.79836e+00	-6.23490e+00	-3.79102e+00
     46600	 3.44126e-01	 5.16190e-01	-6.74884e+00	-6.23265e+00	-3.58419e+00
     46700	 3.91200e-01	 5.86800e-01	-6.81765e+00	-6.23085e+00	-3.87249e+00
     46800	 3.64507e-01	 5.46761e-01	-6.78138e+00	-6.23462e+00	-3.68707e+00
     46900	 3.82214e-01	 5.73321e-01	-6.80411e+00	-6.23078e+00	-3.89002e+00
     47000	 3.75810e-01	 5.63715e-01	-6.79807e+00	-6.23436e+00	-3.75116e+00
     47100	 3.71608e-01	 5.57412e-01	-6.79200e+00	-6.23459e+00	-3.74419e+00
     47200	 3.37121e-01	 5.05681e-01	-6.73811e+00	-6.23243e+00	-3.43711e+00
     47300	 3.94910e-01	 5.92366e-01	-6.82306e+00	-6.23070e+00	-3.85654e+00
     47400	 3.93454e-01	 5.90182e-01	-6.82160e+00	-6.23142e+00	-3.95331e+00
     47500	 3.72925e-01	 5.59387e-01	-6.79458e+00	-6.23519e+00	-3.84247e+00
     47600	 3.52908e-01	 5.29362e-01	-6.76424e+00	-6.23488e+00	-3.68451e+00
     47700	 3.95544e-01	 5.93316e-01	-6.82157e+00	-6.22826e+00	-3.90234e+00
     47800	 3.79620e-01	 5.69430e-01	-6.80827e+00	-6.23884e+00	-3.69793e+00
     47900	 3.66258e-01	 5.49387e-01	-6.78532e+00	-6.23593e+00	-3.67116e+00
     48000	 3.60082e-01	 5.40124e-01	-6.77750e+00	-6.23738e+00	-3.67433e+00
     48100	 3.70482e-01	 5.55722e-01	-6.78963e+00	-6.23391e+00	-3.73465e+00
     48200	 4.07853e-01	 6.11779e-01	-6.84251e+00	-6.23073e+00	-3.93556e+00
     48300	 3.95333e-01	 5.93000e-01	-6.82512e+00	-6.23212e+00	-3.91707e+00
     48400	 3.98244e-01	 5.97367e-01	-6.83128e+00	-6.23391e+00	-3.90802e+00
     48500	 3.95631e-01	 5.93446e-01	-6.82535e+00	-6.23191e+00	-3.88841e+00
     48600	 4.17431e-01	 6.26146e-01	-6.85991e+00	-6.23376e+00	-4.09712e+00
     48700	 3.83276e-01	 5.74915e-01	-6.80740e+00	-6.23248e+00	-3.82230e+00
     48800	 3.66102e-01	 5.49153e-01	-6.77938e+00	-6.23022e+00	-3.68229e+00
     48900	 3.29880e-01	 4.94820e-01	-6.72679e+00	-6.23197e+00	-3.43862e+00
     49000	 3.85661e-01	 5.78492e-01	-6.81136e+00	-6.23287e+00	-3.88417e+00
     49100	 3.84476e-01	 5.76714e-01	-6.80472e+00	-6.22801e+00	-3.87089e+00
     49200	 3.83706e-01	 5.75560e-01	-6.80902e+00	-6.23346e+00	-3.83662e+00
     49300	 3.71212e-01	 5.56818e-01	-6.79089e+00	-6.23407e+00	-3.75861e+00
     49400	 3.47736e-01	 5.21605e-01	-6.75777e+00	-6.23616e+00	-3.54243e+00
     49500	 3.87671e-01	 5.81507e-01	-6.81590e+00	-6.23439e+00	-3.86606e+00
     49600	 4.08439e-01	 6.12659e-01	-6.84442e+00	-6.23176e+00	-4.05347e+00
     49700	 3.49982e-01	 5.24972e-01	-6.75906e+00	-6.23409e+00	-3.53756e+00
     49800	 3.84360e-01	 5.76540e-01	-6.80891e+00	-6.23237e+00	-3.85346e+00
     49900	 4.23235e-01	 6.34853e-01	-6.86912e+00	-6.23427e+00	-4.19837e+00
     50000	 3.62579e-01	 5.43868e-01	-6.78032e+00	-6.23645e+00	-3.67940e+00
     50100	 3.77877e-01	 5.66816e-01	-6.80073e+00	-6.23391e+00	-3.84539e+00
     50200	 3.87316e-01	 5.80974e-01	-6.81701e+00	-6.23604e+00	-3.87341e+00
     50300	 3.40680e-01	 5.11021e-01	-6.74741e+00	-6.23639e+00	-3.56506e+00
     50400	 3.70761e-01	 5.56142e-01	-6.79168e+00	-6.23554e+00	-3.84812e+00
     50500	 4.02622e-01	 6.03933e-01	-6.83903e+00	-6.23510e+00	-3.89719e+00
     50600	 3.84605e-01	 5.76908e-01	-6.80912e+00	-6.23222e+00	-3.81044e+00
     50700	 3.82277e-01	 5.73416e-01	-6.80471e+00	-6.23130e+00	-3.87459e+00
     50800	 3.80555e-01	 5.70833e-01	-6.80477e+00	-6.23394e+00	-3.75952e+00
     50900	 3.54355e-01	 5.31532e-01	-6.76352e+00	-6.23199e+00	-3.66258e+00
     51000	 3.94327e-01	 5.91490e-01	-6.82406e+00	-6.23257e+00	-3.89185e+00
     51100	 3.82113e-01	 5.73169e-01	-6.80688e+00	-6.23371e+00	-3.77591e+00
     51200	 3.57497e-01	 5.36246e-01	-6.77005e+00	-6.23380e+00	-3.60927e+00
     51300	 3.90932e-01	 5.86397e-01	-6.82202e+00	-6.23562e+00	-4.01712e+00
     51400	 3.93623e-01	 5.90434e-01	-6.82116e+00	-6.23073e+00	-3.80007e+00
     51500	 3.97411e-01	 5.96117e-01	-6.82577e+00	-6.22966e+00	-3.88826e+00
     51600	 3.77926e-01	 5.66889e-01	-6.79931e+00	-6.23243e+00	-3.68951e+00
     51700	 3.98259e-01	 5.97389e-01	-6.82918e+00	-6.23179e+00	-3.96129e+00
     51800	 3.62469e-01	 5.43703e-01	-6.77659e+00	-6.23288e+00	-3.59210e+00
     51900	 3.88029e-01	 5.82043e-01	-6.81178e+00	-6.22974e+00	-3.81211e+00
     52000	 3.85816e-01	 5.78724e-01	-6.81137e+00	-6.23264e+00	-3.80212e+00
     52100	 3.63645e-01	 5.45467e-01	-6.77941e+00	-6.23395e+00	-3.74223e+00
     52200	 3.61960e-01	 5.42941e-01	-6.77532e+00	-6.23238e+00	-3.75797e+00
     52300	 3.71063e-01	 5.56595e-01	-6.78994e+00	-6.23335e+00	-3.78449e+00
     52400	 4.08895e-01	 6.13343e-01	-6.84459e+00	-6.23125e+00	-4.01113e+00
     52500	 3.83637e-01	 5.75456e-01	-6.80931e+00	-6.23386e+00	-3.84184e+00
     52600	 3.79577e-01	 5.69366e-01	-6.80234e+00	-6.23298e+00	-3.91416e+00
     52700	 3.90404e-01	 5.85606e-01	-6.81906e+00	-6.23345e+00	-3.94775e+00
     52800	 3.76015e-01	 5.64023e-01	-6.79456e+00	-6.23054e+00	-3.77665e+00
     52900	 3.52586e-01	 5.28879e-01	-6.76356e+00	-6.23468e+00	-3.54051e+00
     53000	 3.67467e-01	 5.51201e-01	-6.78669e+00	-6.23549e+00	-3.69738e+00
     53100	 3.83082e-01	 5.74623e-01	-6.80550e+00	-6.23088e+00	-3.87901e+00
     53200	 3.85950e-01	 5.78925e-01	-6.81008e+00	-6.23116e+00	-3.75659e+00
     53300	 3.77792e-01	 5.66688e-01	-6.80161e+00	-6.23492e+00	-3.81110e+00
     53400	 3.94683e-01	 5.92025e-01	-6.82373e+00	-6.23170e+00	-3.96199e+00
     53500	 4.02960e-01	 6.04440e-01	-6.83446e+00	-6.23002e+00	-3.98844e+00
     53600	 3.55882e-01	 5.33823e-01	-6.76650e+00	-6.23268e+00	-3.66483e+00
     53700	 3.77901e-01	 5.66851e-01	-6.79676e+00	-6.22991e+00	-3.79533e+00
     53800	 3.87447e-01	 5.81171e-01	-6.81550e+00	-6.23433e+00	-3.82360e+00
     53900	 3.77664e-01	 5.66496e-01	-6.80256e+00	-6.23607e+00	-3.81951e+00
     54000	 3.79308e-01	 5.68963e-01	-6.80296e+00	-6.23400e+00	-3.87318e+00
     54100	 3.96745e-01	 5.95118e-01	-6.82699e+00	-6.23187e+00	-4.02404e+00
     54200	 3.53728e-01	 5.30591e-01	-6.76405e+00	-6.23346e+00	-3.64147e+00
     54300	 3.79097e-01	 5.68645e-01	-6.80071e+00	-6.23207e+00	-3.77927e+00
     54400	 3.67895e-01	 5.51843e-01	-6.78323e+00	-6.23139e+00	-3.67097e+00
     54500	 3.92003e-01	 5.88004e-01	-6.82045e+00	-6.23244e+00	-3.84825e+00
     54600	 3.52487e-01	 5.28730e-01	-6.76043e+00	-6.23170e+00	-3.57476e+00
     54700	 3.74643e-01	 5.61964e-01	-6.79559e+00	-6.23362e+00	-3.74845e+00
     54800	 4.03739e-01	 6.05609e-01	-6.83831e+00	-6.23270e+00	-4.01681e+00
     54900	 3.93993e-01	 5.90989e-01	-6.82552e+00	-6.23453e+00	-3.80826e+00
     55000	 3.90468e-01	 5.85702e-01	-6.81779e+00	-6.23209e+00	-3.91319e+00
     55100	 3.74724e-01	 5.62086e-01	-6.79561e+00	-6.23352e+00	-3.77089e+00
     55200	 4.24158e-01	 6.36237e-01	-6.86549e+00	-6.22925e+00	-4.13385e+00
     55300	 3.45226e-01	 5.17838e-01	-6.75061e+00	-6.23277e+00	-3.61678e+00
     55400	 3.70130e-01	 5.55195e-01	-6.78707e+00	-6.23187e+00	-3.76541e+00
     55500	 3.63621e-01	 5.45431e-01	-6.78062e+00	-6.23519e+00	-3.66360e+00
     55600	 4.00422e-01	 6.00633e-01	-6.83494e+00	-6.23431e+00	-3.96732e+00
     55700	 3.86435e-01	 5.79652e-01	-6.81204e+00	-6.23238e+00	-3.82970e+00
     55800	 3.86234e-01	 5.79351e-01	-6.81348e+00	-6.23413e+00	-3.86743e+00
     55900	 4.01436e-01	 6.02154e-01	-6.83635e+00	-6.23420e+00	-4.02835e+00
     56000	 3.68221e-01	 5.52331e-01	-6.79040e+00	-6.23807e+00	-3.72158e+00
     56100	 3.80556e-01	 5.70834e-01	-6.80479e+00	-6.23395e+00	-3.80300e+00
     56200	 3.74547e-01	 5.61821e-01	-6.79438e+00	-6.23256e+00	-3.91484e+00
     56300	 3.83652e-01	 5.75477e-01	-6.81117e+00	-6.23570e+00	-3.82327e+00
     56400	 3.60202e-01	 5.40304e-01	-6.77545e+00	-6.23515e+00	-3.70461e+00
     56500	 3.83596e-01	 5.75394e-01	-6.81345e+00	-6.23805e+00	-3.86157e+00
     56600	 3.63805e-01	 5.45708e-01	-6.77727e+00	-6.23157e+00	-3.72926e+00
     56700	 3.53984e-01	 5.30976e-01	-6.76492e+00	-6.23394e+00	-3.66509e+00
     56800	 3.99301e-01	 5.98952e-01	-6.82997e+00	-6.23102e+00	-3.99103e+00
     56900	 3.46883e-01	 5.20325e-01	-6.75022e+00	-6.22990e+00	-3.56655e+00
     57000	 3.99356e-01	 5.99033e-01	-6.82825e+00	-6.22922e+00	-3.98918e+00
     57100	 3.93749e-01	 5.90623e-01	-6.82351e+00	-6.23289e+00	-3.99637e+00
     57200	 3.17869e-01	 4.76803e-01	-6.71016e+00	-6.23335e+00	-3.38804e+00
     57300	 3.86711e-01	 5.80066e-01	-6.81100e+00	-6.23094e+00	-3.82223e+00
     57400	 3.63929e-01	 5.45894e-01	-6.78077e+00	-6.23487e+00	-3.52502e+00
     57500	 3.77146e-01	 5.65720e-01	-6.80113e+00	-6.23541e+00	-3.70628e+00
     57600	 3.74655e-01	 5.61983e-01	-6.79440e+00	-6.23241e+00	-3.79473e+00
     57700	 3.78565e-01	 5.67847e-01	-6.79929e+00	-6.23144e+00	-3.78496e+00
     57800	 4.01368e-01	 6.02052e-01	-6.83521e+00	-6.23316e+00	-3.93021e+00
     57900	 3.75491e-01	 5.63236e-01	-6.79475e+00	-6.23151e+00	-3.79392e+00
     58000	 3.51330e-01	 5.26995e-01	-6.76186e+00	-6.23486e+00	-3.59440e+00
     58100	 3.91009e-01	 5.86513e-01	-6.81841e+00	-6.23190e+00	-3.99095e+00
     58200	 3.90486e-01	 5.85729e-01	-6.81704e+00	-6.23131e+00	-3.93916e+00
     58300	 3.69191e-01	 5.53786e-01	-6.78806e+00	-6.23427e+00	-3.68580e+00
     58400	 3.91682e-01	 5.87523e-01	-6.82181e+00	-6.23429e+00	-3.84856e+00
     58500	 3.78166e-01	 5.67249e-01	-6.80317e+00	-6.23592e+00	-3.81404e+00
     58600	 4.13305e-01	 6.19958e-01	-6.85213e+00	-6.23217e+00	-3.99958e+00
     58700	 3.87028e-01	 5.80541e-01	-6.81567e+00	-6.23513e+00	-3.93082e+00
     58800	 3.55177e-01	 5.32766e-01	-6.76707e+00	-6.23430e+00	-3.53004e+00
     58900	 4.01418e-01	 6.02127e-01	-6.83551e+00	-6.23338e+00	-3.98168e+00
     59000	 3.38392e-01	 5.07588e-01	-6.74282e+00	-6.23523e+00	-3.58491e+00
     59100	 3.76940e-01	 5.65410e-01	-6.79971e+00	-6.23430e+00	-3.74277e+00
     59200	 3.62464e-01	 5.43696e-01	-6.77794e+00	-6.23424e+00	-3.67200e+00
     59300	 3.62902e-01	 5.44354e-01	-6.77955e+00	-6.23520e+00	-3.67796e+00
     59400	 3.97119e-01	 5.95678e-01	-6.82827e+00	-6.23260e+00	-3.92671e+00
     59500	 3.79594e-01	 5.69391e-01	-6.80108e+00	-6.23169e+00	-3.81426e+00
     59600	 3.66955e-01	 5.50432e-01	-6.78420e+00	-6.23377e+00	-3.63490e+00
     59700	 3.82789e-01	 5.74184e-01	-6.80816e+00	-6.23397e+00	-3.86792e+00
     59800	 3.80423e-01	 5.70635e-01	-6.80213e+00	-6.23150e+00	-3.74828e+00
     59900	 3.55754e-01	 5.33631e-01	-6.76774e+00	-6.23411e+00	-3.58534e+00
     60000	 3.64727e-01	 5.47091e-01	-6.77975e+00	-6.23266e+00	-3.78720e+00
     60100	 3.71569e-01	 5.57353e-01	-6.79471e+00	-6.23736e+00	-3.80458e+00
     60200	 3.57237e-01	 5.35856e-01	-6.76806e+00	-6.23220e+00	-3.65210e+00
     60300	 3.54693e-01	 5.32039e-01	-6.76453e+00	-6.23249e+00	-3.68205e+00
     60400	 3.84325e-01	 5.76488e-01	-6.80870e+00	-6.23221e+00	-3.95251e+00
     60500	 3.43115e-01	 5.14673e-01	-6.75229e+00	-6.23762e+00	-3.42863e+00
     60600	 3.57252e-01	 5.35878e-01	-6.77192e+00	-6.23604e+00	-3.76473e+00
     60700	 4.15991e-01	 6.23986e-01	-6.86081e+00	-6.23682e+00	-4.08748e+00
     60800	 4.06594e-01	 6.09890e-01	-6.84202e+00	-6.23213e+00	-4.02347e+00
     60900	 3.74856e-01	 5.62284e-01	-6.79619e+00	-6.23390e+00	-3.81670e+00
     61000	 3.46261e-01	 5.19392e-01	-6.75506e+00	-6.23567e+00	-3.56484e+00
     61100	 3.82405e-01	 5.73607e-01	-6.80612e+00	-6.23251e+00	-3.89712e+00
     61200	 3.78252e-01	 5.67378e-01	-6.80412e+00	-6.23674e+00	-3.82138e+00
     61300	 3.74032e-01	 5.61047e-01	-6.79373e+00	-6.23268e+00	-3.77206e+00
     61400	 3.94227e-01	 5.91341e-01	-6.82122e+00	-6.22988e+00	-3.90647e+00
     61500	 3.94274e-01	 5.91411e-01	-6.82181e+00	-6.23040e+00	-3.80096e+00
     61600	 3.98323e-01	 5.97484e-01	-6.83040e+00	-6.23292e+00	-3.87872e+00
     61700	 4.00201e-01	 6.00302e-01	-6.82999e+00	-6.22969e+00	-3.99718e+00
     61800	 3.58198e-01	 5.37297e-01	-6.77043e+00	-6.23313e+00	-3.54237e+00
     61900	 3.64576e-01	 5.46864e-01	-6.78085e+00	-6.23399e+00	-3.68365e+00
     62000	 3.78357e-01	 5.67536e-01	-6.79637e+00	-6.22883e+00	-3.77224e+00
     62100	 3.77718e-01	 5.66578e-01	-6.79998e+00	-6.23341e+00	-3.85894e+00
     62200	 3.72085e-01	 5.58127e-01	-6.79253e+00	-6.23440e+00	-3.76110e+00
     62300	 3.46586e-01	 5.19879e-01	-6.75617e+00	-6.23629e+00	-3.63228e+00
     62400	 3.98405e-01	 5.97608e-01	-6.83234e+00	-6.23473e+00	-3.98655e+00
     62500	 3.57128e-01	 5.35693e-01	-6.76920e+00	-6.23351e+00	-3.65586e+00
     62600	 3.68224e-01	 5.52335e-01	-6.78776e+00	-6.23542e+00	-3.75294e+00
     62700	 3.74723e-01	 5.62084e-01	-6.79741e+00	-6.23532e+00	-3.72664e+00
     62800	 3.80540e-01	 5.70810e-01	-6.80106e+00	-6.23025e+00	-3.82063e+00
     62900	 3.90875e-01	 5.86312e-01	-6.81712e+00	-6.23081e+00	-3.89324e+00
     63000	 3.73715e-01	 5.60573e-01	-6.79133e+00	-6.23076e+00	-3.75320e+00
     63100	 3.56151e-01	 5.34226e-01	-6.76723e+00	-6.23300e+00	-3.68466e+00
     63200	 3.64812e-01	 5.47218e-01	-6.78311e+00	-6.23589e+00	-3.72312e+00
     63300	 3.95011e-01	 5.92517e-01	-6.82525e+00	-6.23273e+00	-3.98123e+00
     63400	 3.91322e-01	 5.86983e-01	-6.82094e+00	-6.23396e+00	-3.80200e+00
     63500	 3.76125e-01	 5.64187e-01	-6.79772e+00	-6.23353e+00	-3.76848e+00
     63600	 3.93621e-01	 5.90431e-01	-6.82023e+00	-6.22980e+00	-3.95198e+00
     63700	 4.13074e-01	 6.19611e-01	-6.85309e+00	-6.23348e+00	-4.07099e+00
     63800	 3.95968e-01	 5.93952e-01	-6.82351e+00	-6.22955e+00	-3.95621e+00
     63900	 3.71882e-01	 5.57824e-01	-6.79194e+00	-6.23412e+00	-3.74478e+00
     64000	 3.85823e-01	 5.78734e-01	-6.81428e+00	-6.23555e+00	-3.87805e+00
     64100	 3.93015e-01	 5.89522e-01	-6.82099e+00	-6.23147e+00	-3.85980e+00
     64200	 3.73846e-01	 5.60769e-01	-6.79143e+00	-6.23066e+00	-3.77909e+00
     64300	 4.06604e-01	 6.09906e-01	-6.84243e+00	-6.23253e+00	-3.93528e+00
     64400	 3.66963e-01	 5.50444e-01	-6.78586e+00	-6.23542e+00	-3.64889e+00
     64500	 3.85952e-01	 5.78928e-01	-6.81095e+00	-6.23203e+00	-3.91877e+00
     64600	 3.83031e-01	 5.74546e-01	-6.81008e+00	-6.23553e+00	-3.82381e+00
     64700	 3.56285e-01	 5.34427e-01	-6.76707e+00	-6.23264e+00	-3.62627e+00
     64800	 3.77393e-01	 5.66090e-01	-6.79742e+00	-6.23133e+00	-3.79825e+00
     64900	 3.88840e-01	 5.83259e-01	-6.82009e+00	-6.23683e+00	-3.92635e+00
     65000	 3.80061e-01	 5.70091e-01	-6.80586e+00	-6.23577e+00	-3.70642e+00
     65100	 3.63543e-01	 5.45314e-01	-6.78134e+00	-6.23602e+00	-3.62203e+00
     65200	 3.87917e-01	 5.81875e-01	-6.81415e+00	-6.23228e+00	-3.89853e+00
     65300	 3.69640e-01	 5.54460e-01	-6.78633e+00	-6.23187e+00	-3.77549e+00
     65400	 3.74429e-01	 5.61643e-01	-6.79646e+00	-6.23482e+00	-3.70225e+00
     65500	 4.14541e-01	 6.21811e-01	-6.85113e+00	-6.22931e+00	-4.12619e+00
     65600	 3.95663e-01	 5.93494e-01	-6.82457e+00	-6.23108e+00	-3.95170e+00
     65700	 3.95125e-01	 5.92687e-01	-6.82446e+00	-6.23178e+00	-3.89487e+00
     65800	 3.92437e-01	 5.88656e-01	-6.82071e+00	-6.23205e+00	-3.88623e+00
     65900	 4.07428e-01	 6.11142e-01	-6.84192e+00	-6.23078e+00	-4.01421e+00
     66000	 3.86326e-01	 5.79488e-01	-6.81291e+00	-6.23342e+00	-3.85623e+00
     66100	 4.12267e-01	 6.18401e-01	-6.84944e+00	-6.23104e+00	-4.03690e+00
     66200	 3.86990e-01	 5.80485e-01	-6.81138e+00	-6.23090e+00	-3.86087e+00
     66300	 4.09802e-01	 6.14703e-01	-6.84640e+00	-6.23170e+00	-4.07129e+00
     66400	 3.71465e-01	 5.57198e-01	-6.78949e+00	-6.23230e+00	-3.79745e+00
     66500	 3.76628e-01	 5.64942e-01	-6.79912e+00	-6.23418e+00	-3.73755e+00
     66600	 4.19577e-01	 6.29365e-01	-6.86508e+00	-6.23571e+00	-4.04711e+00
     66700	 3.81479e-01	 5.72218e-01	-6.80802e+00	-6.23580e+00	-3.82471e+00
     66800	 3.71582e-01	 5.57372e-01	-6.78880e+00	-6.23143e+00	-3.67041e+00
     66900	 4.04081e-01	 6.06121e-01	-6.83749e+00	-6.23137e+00	-4.00835e+00
     67000	 3.94600e-01	 5.91899e-01	-6.82552e+00	-6.23362e+00	-3.91922e+00
     67100	 3.48909e-01	 5.23363e-01	-6.75686e+00	-6.23349e+00	-3.57370e+00
     67200	 3.67841e-01	 5.51761e-01	-6.78690e+00	-6.23513e+00	-3.71749e+00
     67300	 3.62484e-01	 5.43727e-01	-6.77624e+00	-6.23251e+00	-3.72640e+00
     67400	 4.13711e-01	 6.20566e-01	-6.85470e+00	-6.23413e+00	-4.08316e+00
     67500	 3.62380e-01	 5.43569e-01	-6.77764e+00	-6.23407e+00	-3.75258e+00
     67600	 3.48067e-01	 5.22101e-01	-6.75542e+00	-6.23332e+00	-3.59786e+00
     67700	 4.03000e-01	 6.04500e-01	-6.83849e+00	-6.23399e+00	-3.98085e+00
     67800	 4.11294e-01	 6.16941e-01	-6.85053e+00	-6.23359e+00	-4.09585e+00
     67900	 3.56201e-01	 5.34301e-01	-6.76362e+00	-6.22932e+00	-3.57301e+00
     68000	 3.61697e-01	 5.42546e-01	-6.77415e+00	-6.23160e+00	-3.74058e+00
     68100	 3.78838e-01	 5.68257e-01	-6.80568e+00	-6.23742e+00	-3.84005e+00
     68200	 3.86008e-01	 5.79012e-01	-6.81376e+00	-6.23474e+00	-3.85181e+00
     68300	 3.77374e-01	 5.66061e-01	-6.80008e+00	-6.23402e+00	-3.70533e+00
     68400	 3.79368e-01	 5.69052e-01	-6.80291e+00	-6.23385e+00	-3.81079e+00
     68500	 3.54845e-01	 5.32268e-01	-6.76722e+00	-6.23495e+00	-3.61058e+00
     68600	 3.93370e-01	 5.90055e-01	-6.82595e+00	-6.23589e+00	-3.93868e+00
     68700	 3.85225e-01	 5.77838e-01	-6.80997e+00	-6.23213e+00	-3.81046e+00
     68800	 3.87356e-01	 5.81035e-01	-6.81389e+00	-6.23286e+00	-3.82241e+00
     68900	 3.91404e-01	 5.87107e-01	-6.81834e+00	-6.23123e+00	-3.87618e+00
     69000	 3.56451e-01	 5.34676e-01	-6.76435e+00	-6.22967e+00	-3.67016e+00
     69100	 3.77868e-01	 5.66802e-01	-6.80019e+00	-6.23339e+00	-3.87010e+00
     69200	 3.90629e-01	 5.85944e-01	-6.81680e+00	-6.23086e+00	-3.87860e+00
     69300	 4.11809e-01	 6.17713e-01	-6.85051e+00	-6.23280e+00	-4.09651e+00
     69400	 3.66703e-01	 5.50054e-01	-6.78511e+00	-6.23506e+00	-3.75801e+00
     69500	 4.07330e-01	 6.10995e-01	-6.84421e+00	-6.23322e+00	-4.04635e+00
     69600	 3.79480e-01	 5.69220e-01	-6.80237e+00	-6.23315e+00	-3.86790e+00
     69700	 3.40694e-01	 5.11041e-01	-6.74658e+00	-6.23554e+00	-3.37338e+00
     69800	 3.70120e-01	 5.55180e-01	-6.78890e+00	-6.23372e+00	-3.72855e+00
     69900	 3.65628e-01	 5.48442e-01	-6.77992e+00	-6.23147e+00	-3.62236e+00
     70000	 3.89107e-01	 5.83661e-01	-6.82115e+00	-6.23748e+00	-3.94966e+00
     70100	 3.90626e-01	 5.85939e-01	-6.81929e+00	-6.23336e+00	-3.88977e+00
     70200	 3.93971e-01	 5.90956e-01	-6.82022e+00	-6.22926e+00	-3.93677e+00
     70300	 3.95810e-01	 5.93715e-01	-6.83112e+00	-6.23740e+00	-3.90107e+00
     70400	 3.96876e-01	 5.95314e-01	-6.82684e+00	-6.23152e+00	-3.94982e+00
     70500	 4.09251e-01	 6.13876e-01	-6.84918e+00	-6.23531e+00	-4.07609e+00
     70600	 3.26382e-01	 4.89573e-01	-6.72433e+00	-6.23476e+00	-3.44563e+00
     70700	 3.92907e-01	 5.89361e-01	-6.82265e+00	-6.23328e+00	-3.97508e+00
     70800	 3.54699e-01	 5.32049e-01	-6.76606e+00	-6.23401e+00	-3.60852e+00
     70900	 3.72451e-01	 5.58677e-01	-6.79087e+00	-6.23219e+00	-3.79754e+00
     71000	 3.68080e-01	 5.52120e-01	-6.79072e+00	-6.23860e+00	-3.79626e+00
     71100	 3.59036e-01	 5.38554e-01	-6.77459e+00	-6.23603e+00	-3.73172e+00
     71200	 3.43290e-01	 5.14935e-01	-6.75174e+00	-6.23681e+00	-3.50461e+00
     71300	 3.68816e-01	 5.53224e-01	-6.78479e+00	-6.23156e+00	-3.73852e+00
     71400	 3.53813e-01	 5.30719e-01	-6.76494e+00	-6.23422e+00	-3.66924e+00
     71500	 3.68122e-01	 5.52183e-01	-6.78510e+00	-6.23291e+00	-3.74245e+00
     71600	 3.73727e-01	 5.60590e-01	-6.78958e+00	-6.22899e+00	-3.85167e+00
     71700	 3.66788e-01	 5.50183e-01	-6.78300e+00	-6.23282e+00	-3.72785e+00
     71800	 3.63037e-01	 5.44556e-01	-6.77834e+00	-6.23379e+00	-3.75333e+00
     71900	 3.70483e-01	 5.55724e-01	-6.79286e+00	-6.23714e+00	-3.81869e+00
     72000	 3.79063e-01	 5.68595e-01	-6.80654e+00	-6.23794e+00	-3.82936e+00
     72100	 3.65963e-01	 5.48945e-01	-6.78113e+00	-6.23219e+00	-3.80173e+00
     72200	 3.52443e-01	 5.28664e-01	-6.76430e+00	-6.23564e+00	-3.53881e+00
     72300	 4.00912e-01	 6.01368e-01	-6.83332e+00	-6.23195e+00	-4.01810e+00
     72400	 3.80193e-01	 5.70289e-01	-6.80364e+00	-6.23335e+00	-3.81260e+00
     72500	 3.61844e-01	 5.42766e-01	-6.77505e+00	-6.23229e+00	-3.71527e+00
     72600	 3.83996e-01	 5.75994e-01	-6.80729e+00	-6.23129e+00	-3.86329e+00
     72700	 4.02872e-01	 6.04309e-01	-6.83509e+00	-6.23078e+00	-4.02141e+00
     72800	 3.72027e-01	 5.58040e-01	-6.79052e+00	-6.23248e+00	-3.74969e+00
     72900	 3.68219e-01	 5.52328e-01	-6.78566e+00	-6.23333e+00	-3.76795e+00
     73000	 3.68926e-01	 5.53389e-01	-6.78506e+00	-6.23167e+00	-3.77940e+00
     73100	 3.97101e-01	 5.95651e-01	-6.82648e+00	-6.23082e+00	-3.98616e+00
     73200	 3.56793e-01	 5.35189e-01	-6.76508e+00	-6.22989e+00	-3.53939e+00
     73300	 3.60320e-01	 5.40480e-01	-6.77350e+00	-6.23302e+00	-3.65614e+00
     73400	 3.71612e-01	 5.57418e-01	-6.79368e+00	-6.23626e+00	-3.75035e+00
     73500	 4.03070e-01	 6.04605e-01	-6.83781e+00	-6.23321e+00	-3.96057e+00
     73600	 3.62309e-01	 5.43463e-01	-6.77573e+00	-6.23226e+00	-3.69757e+00
     73700	 3.43309e-01	 5.14964e-01	-6.75007e+00	-6.23511e+00	-3.52138e+00
     73800	 3.93112e-01	 5.89668e-01	-6.82242e+00	-6.23275e+00	-3.94511e+00
     73900	 3.81962e-01	 5.72944e-01	-6.81106e+00	-6.23811e+00	-3.76782e+00
     74000	 3.70502e-01	 5.55753e-01	-6.78844e+00	-6.23269e+00	-3.78898e+00
     74100	 3.68945e-01	 5.53417e-01	-6.78737e+00	-6.23395e+00	-3.70609e+00
     74200	 3.77393e-01	 5.66089e-01	-6.80091e+00	-6.23482e+00	-3.80430e+00
     74300	 3.80176e-01	 5.70265e-01	-6.80415e+00	-6.23388e+00	-3.86634e+00
     74400	 3.52488e-01	 5.28732e-01	-6.76243e+00	-6.23370e+00	-3.65664e+00
     74500	 3.39564e-01	 5.09346e-01	-6.74025e+00	-6.23090e+00	-3.55572e+00
     74600	 4.02594e-01	 6.03892e-01	-6.83379e+00	-6.22989e+00	-4.07416e+00
     74700	 3.79303e-01	 5.68954e-01	-6.80152e+00	-6.23257e+00	-3.71850e+00
     74800	 3.72281e-01	 5.58421e-01	-6.79051e+00	-6.23209e+00	-3.73870e+00
     74900	 3.82667e-01	 5.74001e-01	-6.80937e+00	-6.23537e+00	-3.73537e+00
     75000	 3.96943e-01	 5.95414e-01	-6.82548e+00	-6.23007e+00	-3.96701e+00
     75100	 3.84830e-01	 5.77245e-01	-6.80950e+00	-6.23226e+00	-3.79083e+00
     75200	 3.84507e-01	 5.76761e-01	-6.81260e+00	-6.23583e+00	-3.86456e+00
     75300	 3.95493e-01	 5.93239e-01	-6.82462e+00	-6.23138e+00	-3.98022e+00
     75400	 3.77239e-01	 5.65859e-01	-6.80266e+00	-6.23680e+00	-3.88014e+00
     75500	 3.69498e-01	 5.54248e-01	-6.78690e+00	-6.23265e+00	-3.75010e+00
     75600	 3.87046e-01	 5.80569e-01	-6.81249e+00	-6.23192e+00	-3.71371e+00
     75700	 3.49328e-01	 5.23992e-01	-6.75571e+00	-6.23172e+00	-3.57311e+00
     75800	 3.69357e-01	 5.54036e-01	-6.78811e+00	-6.23407e+00	-3.83239e+00
     75900	 3.62483e-01	 5.43724e-01	-6.77646e+00	-6.23274e+00	-3.67217e+00
     76000	 4.14347e-01	 6.21520e-01	-6.85345e+00	-6.23193e+00	-4.07929e+00
     76100	 3.82068e-01	 5.73102e-01	-6.80836e+00	-6.23526e+00	-3.76674e+00
     76200	 3.91688e-01	 5.87532e-01	-6.81780e+00	-6.23027e+00	-3.90008e+00
     76300	 3.67034e-01	 5.50551e-01	-6.78809e+00	-6.23754e+00	-3.70864e+00
     76400	 3.53595e-01	 5.30392e-01	-6.76371e+00	-6.23331e+00	-3.60126e+00
     76500	 3.97379e-01	 5.96069e-01	-6.82863e+00	-6.23256e+00	-3.94353e+00
     76600	 3.75310e-01	 5.62966e-01	-6.79676e+00	-6.23380e+00	-3.81343e+00
     76700	 3.77174e-01	 5.65761e-01	-6.80065e+00	-6.23488e+00	-3.83657e+00
     76800	 3.92525e-01	 5.88788e-01	-6.82200e+00	-6.23321e+00	-3.87213e+00
     76900	 3.49721e-01	 5.24581e-01	-6.75905e+00	-6.23447e+00	-3.54257e+00
     77000	 3.49488e-01	 5.24231e-01	-6.75926e+00	-6.23503e+00	-3.60891e+00
     77100	 3.98366e-01	 5.97549e-01	-6.82793e+00	-6.23038e+00	-3.98636e+00
     77200	 3.58977e-01	 5.38466e-01	-6.76738e+00	-6.22891e+00	-3.59445e+00
     77300	 3.71333e-01	 5.57000e-01	-6.78848e+00	-6.23148e+00	-3.80549e+00
     77400	 3.90569e-01	 5.85853e-01	-6.81960e+00	-6.23375e+00	-3.88849e+00
     77500	 3.40191e-01	 5.10286e-01	-6.74483e+00	-6.23455e+00	-3.53783e+00
     77600	 3.76371e-01	 5.64557e-01	-6.79843e+00	-6.23387e+00	-3.84243e+00
     77700	 3.60923e-01	 5.41385e-01	-6.77832e+00	-6.23693e+00	-3.72366e+00
     77800	 3.91143e-01	 5.86714e-01	-6.81758e+00	-6.23087e+00	-3.87432e+00
     77900	 3.73492e-01	 5.60237e-01	-6.79236e+00	-6.23212e+00	-3.79633e+00
     78000	 3.88424e-01	 5.82636e-01	-6.81493e+00	-6.23230e+00	-3.86074e+00
     78100	 3.79129e-01	 5.68693e-01	-6.79982e+00	-6.23112e+00	-3.80631e+00
     78200	 3.98488e-01	 5.97733e-01	-6.82957e+00	-6.23184e+00	-3.94994e+00
     78300	 3.95178e-01	 5.92767e-01	-6.82303e+00	-6.23026e+00	-3.93512e+00
     78400	 3.70439e-01	 5.55658e-01	-6.78953e+00	-6.23387e+00	-3.72302e+00
     78500	 3.89363e-01	 5.84045e-01	-6.81740e+00	-6.23335e+00	-3.87691e+00
     78600	 4.01439e-01	 6.02159e-01	-6.83099e+00	-6.22883e+00	-3.97095e+00
     78700	 3.91719e-01	 5.87579e-01	-6.81940e+00	-6.23182e+00	-3.90580e+00
     78800	 3.56952e-01	 5.35427e-01	-6.76911e+00	-6.23369e+00	-3.57953e+00
     78900	 3.85717e-01	 5.78576e-01	-6.81255e+00	-6.23397e+00	-3.84229e+00
     79000	 3.98951e-01	 5.98427e-01	-6.83104e+00	-6.23262e+00	-4.02166e+00
     79100	 3.38316e-01	 5.07474e-01	-6.74043e+00	-6.23295e+00	-3.51041e+00
     79200	 3.63775e-01	 5.45662e-01	-6.77777e+00	-6.23211e+00	-3.65279e+00
     79300	 3.83206e-01	 5.74809e-01	-6.81026e+00	-6.23545e+00	-3.86894e+00
     79400	 4.07437e-01	 6.11156e-01	-6.84269e+00	-6.23154e+00	-4.00527e+00
     79500	 4.20274e-01	 6.30411e-01	-6.85933e+00	-6.22892e+00	-4.02662e+00
     79600	 3.69525e-01	 5.54287e-01	-6.78548e+00	-6.23120e+00	-3.76598e+00
     79700	 3.67842e-01	 5.51764e-01	-6.78372e+00	-6.23195e+00	-3.53831e+00
     79800	 3.78790e-01	 5.68186e-01	-6.80255e+00	-6.23436e+00	-3.84696e+00
     79900	 3.70564e-01	 5.55846e-01	-6.79046e+00	-6.23461e+00	-3.82027e+00
     80000	 3.76700e-01	 5.65050e-01	-6.80055e+00	-6.23550e+00	-3.78528e+00
     80100	 3.73839e-01	 5.60758e-01	-6.79498e+00	-6.23422e+00	-3.82501e+00
     80200	 3.65871e-01	 5.48807e-01	-6.78071e+00	-6.23190e+00	-3.64897e+00
     80300	 4.10363e-01	 6.15544e-01	-6.84561e+00	-6.23007e+00	-4.02578e+00
     80400	 3.84389e-01	 5.76584e-01	-6.80993e+00	-6.23334e+00	-3.91477e+00
     80500	 4.08628e-01	 6.12942e-01	-6.84442e+00	-6.23147e+00	-4.01823e+00
     80600	 4.28651e-01	 6.42976e-01	-6.87381e+00	-6.23083e+00	-4.15334e+00
     80700	 4.04316e-01	 6.06473e-01	-6.84072e+00	-6.23424e+00	-4.00084e+00
     80800	 3.83567e-01	 5.75351e-01	-6.80757e+00	-6.23222e+00	-3.80730e+00
     80900	 3.84256e-01	 5.76384e-01	-6.80719e+00	-6.23080e+00	-3.77901e+00
     81000	 3.76816e-01	 5.65225e-01	-6.80027e+00	-6.23505e+00	-3.76309e+00
     81100	 3.73945e-01	 5.60917e-01	-6.79363e+00	-6.23271e+00	-3.75834e+00
     81200	 4.02323e-01	 6.03485e-01	-6.83586e+00	-6.23237e+00	-3.84510e+00
     81300	 4.10830e-01	 6.16245e-01	-6.84606e+00	-6.22982e+00	-4.02025e+00
     81400	 3.99536e-01	 5.99304e-01	-6.83252e+00	-6.23322e+00	-4.00825e+00
     81500	 3.78526e-01	 5.67789e-01	-6.80169e+00	-6.23390e+00	-3.71951e+00
     81600	 3.79028e-01	 5.68542e-01	-6.80175e+00	-6.23321e+00	-3.89140e+00
     81700	 3.59444e-01	 5.39166e-01	-6.77288e+00	-6.23372e+00	-3.58445e+00
     81800	 3.75154e-01	 5.62731e-01	-6.79542e+00	-6.23269e+00	-3.83906e+00
     81900	 3.79536e-01	 5.69304e-01	-6.80129e+00	-6.23198e+00	-3.74060e+00
     82000	 3.67766e-01	 5.51650e-01	-6.79050e+00	-6.23885e+00	-3.78338e+00
     82100	 3.86008e-01	 5.79012e-01	-6.81265e+00	-6.23364e+00	-3.84521e+00
     82200	 3.60895e-01	 5.41342e-01	-6.77940e+00	-6.23806e+00	-3.68376e+00
     82300	 3.58013e-01	 5.37020e-01	-6.77202e+00	-6.23500e+00	-3.67255e+00
     82400	 3.90200e-01	 5.85300e-01	-6.81798e+00	-6.23268e+00	-3.87013e+00
     82500	 4.01821e-01	 6.02732e-01	-6.83364e+00	-6.23091e+00	-4.00995e+00
     82600	 3.21586e-01	 4.82379e-01	-6.71660e+00	-6.23422e+00	-3.39655e+00
     82700	 3.93649e-01	 5.90473e-01	-6.82511e+00	-6.23463e+00	-3.96439e+00
     82800	 3.82218e-01	 5.73327e-01	-6.80806e+00	-6.23473e+00	-3.84023e+00
     82900	 3.89968e-01	 5.84952e-01	-6.81638e+00	-6.23143e+00	-3.91610e+00
     83000	 4.03424e-01	 6.05135e-01	-6.83930e+00	-6.23416e+00	-3.90881e+00
     83100	 3.99696e-01	 5.99544e-01	-6.82995e+00	-6.23040e+00	-3.99229e+00
     83200	 3.63147e-01	 5.44721e-01	-6.77776e+00	-6.23304e+00	-3.68911e+00
     83300	 3.56018e-01	 5.34027e-01	-6.76788e+00	-6.23385e+00	-3.66750e+00
     83400	 3.68344e-01	 5.52516e-01	-6.79001e+00	-6.23750e+00	-3.67439e+00
     83500	 3.24378e-01	 4.86567e-01	-6.72326e+00	-6.23669e+00	-3.40863e+00
     83600	 3.78280e-01	 5.67419e-01	-6.79960e+00	-6.23218e+00	-3.79634e+00
     83700	 3.89368e-01	 5.84052e-01	-6.81721e+00	-6.23316e+00	-3.86831e+00
     83800	 3.57665e-01	 5.36497e-01	-6.77035e+00	-6.23386e+00	-3.49343e+00
     83900	 3.55452e-01	 5.33178e-01	-6.76776e+00	-6.23458e+00	-3.72388e+00
     84000	 3.73512e-01	 5.60268e-01	-6.79432e+00	-6.23405e+00	-3.71122e+00
     84100	 3.70228e-01	 5.55342e-01	-6.78880e+00	-6.23345e+00	-3.77206e+00
     84200	 3.51657e-01	 5.27486e-01	-6.75729e+00	-6.22981e+00	-3.58022e+00
     84300	 3.63031e-01	 5.44547e-01	-6.77957e+00	-6.23503e+00	-3.66092e+00
     84400	 3.89029e-01	 5.83543e-01	-6.81547e+00	-6.23192e+00	-3.90965e+00
     84500	 3.69108e-01	 5.53663e-01	-6.79304e+00	-6.23938e+00	-3.69922e+00
     84600	 3.99329e-01	 5.98994e-01	-6.83171e+00	-6.23272e+00	-3.97492e+00
     84700	 3.71284e-01	 5.56926e-01	-6.79330e+00	-6.23637e+00	-3.61847e+00
     84800	 3.78159e-01	 5.67239e-01	-6.80236e+00	-6.23512e+00	-3.81145e+00
     84900	 3.78030e-01	 5.67045e-01	-6.80206e+00	-6.23502e+00	-3.84946e+00
     85000	 3.81487e-01	 5.72231e-01	-6.80290e+00	-6.23066e+00	-3.74388e+00
     85100	 4.16163e-01	 6.24245e-01	-6.85867e+00	-6.23443e+00	-4.12335e+00
     85200	 3.47334e-01	 5.21000e-01	-6.75904e+00	-6.23804e+00	-3.59202e+00
     85300	 4.00756e-01	 6.01135e-01	-6.83379e+00	-6.23266e+00	-3.99803e+00
     85400	 3.80018e-01	 5.70027e-01	-6.80003e+00	-6.23001e+00	-3.83381e+00
     85500	 3.64156e-01	 5.46234e-01	-6.78031e+00	-6.23408e+00	-3.78389e+00
     85600	 3.90284e-01	 5.85426e-01	-6.81906e+00	-6.23363e+00	-3.86710e+00
     85700	 3.76071e-01	 5.64106e-01	-6.80060e+00	-6.23650e+00	-3.83487e+00
     85800	 4.20998e-01	 6.31497e-01	-6.86293e+00	-6.23144e+00	-4.20508e+00
     85900	 3.69823e-01	 5.54734e-01	-6.78805e+00	-6.23332e+00	-3.69921e+00
     86000	 3.10112e-01	 4.65168e-01	-6.69794e+00	-6.23277e+00	-3.36009e+00
     86100	 3.96545e-01	 5.94817e-01	-6.82950e+00	-6.23468e+00	-3.99325e+00
     86200	 3.88627e-01	 5.82941e-01	-6.82193e+00	-6.23899e+00	-3.97470e+00
     86300	 3.75009e-01	 5.62514e-01	-6.79830e+00	-6.23578e+00	-3.81417e+00
     86400	 4.04934e-01	 6.07402e-01	-6.84537e+00	-6.23797e+00	-4.05269e+00
     86500	 3.69987e-01	 5.54980e-01	-6.78698e+00	-6.23200e+00	-3.79960e+00
     86600	 3.57934e-01	 5.36900e-01	-6.76795e+00	-6.23105e+00	-3.72434e+00
     86700	 3.66748e-01	 5.50122e-01	-6.77805e+00	-6.22793e+00	-3.71061e+00
     86800	 3.90869e-01	 5.86303e-01	-6.81838e+00	-6.23207e+00	-3.85300e+00
     86900	 3.60580e-01	 5.40870e-01	-6.77453e+00	-6.23366e+00	-3.78797e+00
     87000	 3.93400e-01	 5.90100e-01	-6.82228e+00	-6.23217e+00	-3.93975e+00
     87100	 4.00343e-01	 6.00514e-01	-6.83363e+00	-6.23311e+00	-3.98275e+00
     87200	 3.57503e-01	 5.36255e-01	-6.77028e+00	-6.23403e+00	-3.67613e+00
     87300	 3.56245e-01	 5.34368e-01	-6.76537e+00	-6.23100e+00	-3.67238e+00
     87400	 3.68815e-01	 5.53222e-01	-6.78206e+00	-6.22884e+00	-3.70703e+00
     87500	 3.91240e-01	 5.86861e-01	-6.81776e+00	-6.23090e+00	-3.94130e+00
     87600	 3.62599e-01	 5.43898e-01	-6.77621e+00	-6.23231e+00	-3.66008e+00
     87700	 3.73100e-01	 5.59650e-01	-6.79237e+00	-6.23272e+00	-3.83794e+00
     87800	 3.66535e-01	 5.49802e-01	-6.78315e+00	-6.23335e+00	-3.70456e+00
     87900	 3.65225e-01	 5.47838e-01	-6.78325e+00	-6.23542e+00	-3.67774e+00
     88000	 3.47666e-01	 5.21498e-01	-6.75379e+00	-6.23229e+00	-3.56624e+00
     88100	 3.75183e-01	 5.62774e-01	-6.79856e+00	-6.23578e+00	-3.86507e+00
     88200	 3.75106e-01	 5.62659e-01	-6.79673e+00	-6.23407e+00	-3.85696e+00
     88300	 3.90641e-01	 5.85961e-01	-6.82569e+00	-6.23973e+00	-3.97165e+00
     88400	 3.20024e-01	 4.80036e-01	-6.71559e+00	-6.23555e+00	-3.40870e+00
     88500	 3.76380e-01	 5.64569e-01	-6.79791e+00	-6.23334e+00	-3.77232e+00
     88600	 3.82103e-01	 5.73154e-01	-6.80565e+00	-6.23250e+00	-3.78694e+00
     88700	 3.59478e-01	 5.39218e-01	-6.77321e+00	-6.23399e+00	-3.70512e+00
     88800	 3.66868e-01	 5.50303e-01	-6.78159e+00	-6.23129e+00	-3.70301e+00
     88900	 4.02096e-01	 6.03144e-01	-6.83245e+00	-6.22931e+00	-3.96125e+00
     89000	 3.75797e-01	 5.63695e-01	-6.79577e+00	-6.23208e+00	-3.78803e+00
     89100	 3.90303e-01	 5.85455e-01	-6.81800e+00	-6.23255e+00	-3.94783e+00
     89200	 3.97711e-01	 5.96566e-01	-6.83042e+00	-6.23386e+00	-3.98662e+00
     89300	 3.63461e-01	 5.45192e-01	-6.78094e+00	-6.23575e+00	-3.74856e+00
     89400	 3.90368e-01	 5.85552e-01	-6.81885e+00	-6.23330e+00	-3.96611e+00
     89500	 3.67198e-01	 5.50797e-01	-6.78476e+00	-6.23396e+00	-3.77611e+00
     89600	 3.52658e-01	 5.28987e-01	-6.76327e+00	-6.23428e+00	-3.68902e+00
     89700	 3.85168e-01	 5.77753e-01	-6.81145e+00	-6.23369e+00	-3.80411e+00
     89800	 4.13191e-01	 6.19787e-01	-6.85229e+00	-6.23250e+00	-4.02517e+00
     89900	 3.81385e-01	 5.72078e-01	-6.80302e+00	-6.23094e+00	-3.77929e+00
     90000	 3.73440e-01	 5.60160e-01	-6.79172e+00	-6.23156e+00	-3.82080e+00
     90100	 3.73073e-01	 5.59610e-01	-6.79325e+00	-6.23364e+00	-3.66583e+00
     90200	 3.43800e-01	 5.15700e-01	-6.74918e+00	-6.23348e+00	-3.59680e+00
     90300	 3.71447e-01	 5.57171e-01	-6.78922e+00	-6.23205e+00	-3.77321e+00
     90400	 4.25699e-01	 6.38549e-01	-6.86852e+00	-6.22997e+00	-4.14368e+00
     90500	 3.88201e-01	 5.82302e-01	-6.81762e+00	-6.23532e+00	-3.74309e+00
     90600	 3.94924e-01	 5.92386e-01	-6.82651e+00	-6.23412e+00	-3.88735e+00
     90700	 4.03925e-01	 6.05888e-01	-6.84250e+00	-6.23661e+00	-4.00907e+00
     90800	 3.91003e-01	 5.86505e-01	-6.81758e+00	-6.23107e+00	-3.86409e+00
     90900	 3.70470e-01	 5.55705e-01	-6.78979e+00	-6.23409e+00	-3.71596e+00
     91000	 3.83339e-01	 5.75008e-01	-6.80658e+00	-6.23157e+00	-3.84561e+00
     91100	 3.88746e-01	 5.83118e-01	-6.81515e+00	-6.23204e+00	-3.84782e+00
     91200	 3.53043e-01	 5.29564e-01	-6.76417e+00	-6.23461e+00	-3.65164e+00
     91300	 3.45066e-01	 5.17599e-01	-6.75092e+00	-6.23332e+00	-3.52238e+00
     91400	 3.85595e-01	 5.78393e-01	-6.80881e+00	-6.23042e+00	-3.86940e+00
     91500	 3.60990e-01	 5.41485e-01	-6.77443e+00	-6.23295e+00	-3.67759e+00
     91600	 3.73210e-01	 5.59815e-01	-6.79381e+00	-6.23400e+00	-3.74860e+00
     91700	 3.70727e-01	 5.56091e-01	-6.78755e+00	-6.23146e+00	-3.77026e+00
     91800	 3.97645e-01	 5.96467e-01	-6.83219e+00	-6.23572e+00	-3.96834e+00
     91900	 4.03708e-01	 6.05561e-01	-6.83805e+00	-6.23249e+00	-3.94066e+00
     92000	 3.53017e-01	 5.29526e-01	-6.76743e+00	-6.23791e+00	-3.66908e+00
     92100	 3.55804e-01	 5.33706e-01	-6.76578e+00	-6.23207e+00	-3.69249e+00
     92200	 3.74322e-01	 5.61483e-01	-6.79492e+00	-6.23344e+00	-3.79631e+00
     92300	 3.58114e-01	 5.37171e-01	-6.76931e+00	-6.23214e+00	-3.65780e+00
     92400	 3.81541e-01	 5.72312e-01	-6.80306e+00	-6.23074e+00	-3.76675e+00
     92500	 3.94406e-01	 5.91609e-01	-6.82417e+00	-6.23256e+00	-3.94959e+00
     92600	 3.95998e-01	 5.93997e-01	-6.82577e+00	-6.23177e+00	-3.87654e+00
     92700	 4.14901e-01	 6.22352e-01	-6.85441e+00	-6.23206e+00	-3.92129e+00
     92800	 3.56944e-01	 5.35416e-01	-6.77074e+00	-6.23532e+00	-3.69037e+00
     92900	 3.86090e-01	 5.79136e-01	-6.81186e+00	-6.23272e+00	-3.76970e+00
     93000	 3.91064e-01	 5.86596e-01	-6.81884e+00	-6.23224e+00	-3.95155e+00
     93100	 3.76943e-01	 5.65415e-01	-6.79967e+00	-6.23426e+00	-3.79898e+00
     93200	 3.98855e-01	 5.98283e-01	-6.83287e+00	-6.23459e+00	-4.01600e+00
     93300	 3.74950e-01	 5.62425e-01	-6.79512e+00	-6.23269e+00	-3.77497e+00
     93400	 3.84530e-01	 5.76795e-01	-6.81481e+00	-6.23802e+00	-3.92983e+00
     93500	 3.89264e-01	 5.83897e-01	-6.81894e+00	-6.23505e+00	-3.77314e+00
     93600	 3.85432e-01	 5.78148e-01	-6.81113e+00	-6.23298e+00	-3.87501e+00
     93700	 3.90550e-01	 5.85825e-01	-6.81786e+00	-6.23204e+00	-3.91388e+00
     93800	 3.46776e-01	 5.20163e-01	-6.75548e+00	-6.23532e+00	-3.63462e+00
     93900	 3.77362e-01	 5.66044e-01	-6.79730e+00	-6.23126e+00	-3.77672e+00
     94000	 3.62761e-01	 5.44142e-01	-6.77798e+00	-6.23383e+00	-3.67316e+00
     94100	 4.00785e-01	 6.01177e-01	-6.82999e+00	-6.22881e+00	-3.92802e+00
     94200	 3.89751e-01	 5.84627e-01	-6.81722e+00	-6.23260e+00	-3.89903e+00
     94300	 3.74882e-01	 5.62324e-01	-6.79560e+00	-6.23327e+00	-3.77574e+00
     94400	 3.56684e-01	 5.35027e-01	-6.76795e+00	-6.23293e+00	-3.66533e+00
     94500	 3.88157e-01	 5.82235e-01	-6.81388e+00	-6.23164e+00	-3.90693e+00
     94600	 4.11315e-01	 6.16973e-01	-6.84910e+00	-6.23213e+00	-3.99502e+00
     94700	 3.46109e-01	 5.19163e-01	-6.74671e+00	-6.22755e+00	-3.45378e+00
     94800	 3.67681e-01	 5.51522e-01	-6.78341e+00	-6.23189e+00	-3.69631e+00
     94900	 3.67654e-01	 5.51482e-01	-6.78611e+00	-6.23463e+00	-3.63760e+00
     95000	 4.15700e-01	 6.23550e-01	-6.85596e+00	-6.23241e+00	-4.00582e+00
     95100	 3.92573e-01	 5.88859e-01	-6.82408e+00	-6.23522e+00	-3.85093e+00
     95200	 3.99458e-01	 5.99187e-01	-6.83387e+00	-6.23468e+00	-4.02183e+00
     95300	 3.57061e-01	 5.35592e-01	-6.76777e+00	-6.23218e+00	-3.61057e+00
     95400	 3.89201e-01	 5.83802e-01	-6.81384e+00	-6.23004e+00	-3.83308e+00
     95500	 3.99479e-01	 5.99218e-01	-6.83318e+00	-6.23396e+00	-3.90783e+00
     95600	 3.90282e-01	 5.85423e-01	-6.81837e+00	-6.23295e+00	-3.89107e+00
     95700	 3.63990e-01	 5.45985e-01	-6.77925e+00	-6.23327e+00	-3.46614e+00
     95800	 3.68145e-01	 5.52217e-01	-6.78131e+00	-6.22909e+00	-3.67294e+00
     95900	 3.91480e-01	 5.87221e-01	-6.81885e+00	-6.23162e+00	-3.88981e+00
     96000	 3.84715e-01	 5.77073e-01	-6.80694e+00	-6.22987e+00	-3.90387e+00
     96100	 3.75727e-01	 5.63591e-01	-6.79587e+00	-6.23228e+00	-3.75335e+00
     96200	 3.69747e-01	 5.54620e-01	-6.78652e+00	-6.23190e+00	-3.74202e+00
     96300	 3.99857e-01	 5.99785e-01	-6.83261e+00	-6.23283e+00	-3.94420e+00
     96400	 3.98794e-01	 5.98191e-01	-6.83123e+00	-6.23304e+00	-4.05141e+00
     96500	 3.91395e-01	 5.87092e-01	-6.81906e+00	-6.23197e+00	-3.93095e+00
     96600	 3.79977e-01	 5.69965e-01	-6.80668e+00	-6.23672e+00	-3.79750e+00
     96700	 4.05792e-01	 6.08688e-01	-6.83923e+00	-6.23054e+00	-3.97986e+00
     96800	 3.55560e-01	 5.33339e-01	-6.76642e+00	-6.23309e+00	-3.64399e+00
     96900	 3.64413e-01	 5.46620e-01	-6.78086e+00	-6.23424e+00	-3.68294e+00
     97000	 3.74184e-01	 5.61276e-01	-6.79726e+00	-6.23599e+00	-3.86673e+00
     97100	 3.80863e-01	 5.71295e-01	-6.80543e+00	-6.23413e+00	-3.86147e+00
     97200	 3.81932e-01	 5.72898e-01	-6.80715e+00	-6.23425e+00	-3.86010e+00
     97300	 3.66181e-01	 5.49271e-01	-6.78599e+00	-6.23672e+00	-3.81786e+00
     97400	 3.85505e-01	 5.78258e-01	-6.81210e+00	-6.23385e+00	-3.80009e+00
     97500	 3.91693e-01	 5.87539e-01	-6.81790e+00	-6.23036e+00	-3.86061e+00
     97600	 3.51916e-01	 5.27873e-01	-6.76046e+00	-6.23258e+00	-3.71127e+00
     97700	 4.11270e-01	 6.16905e-01	-6.84744e+00	-6.23053e+00	-3.98790e+00
     97800	 3.91772e-01	 5.87658e-01	-6.82346e+00	-6.23580e+00	-3.94461e+00
     97900	 3.52194e-01	 5.28291e-01	-6.76111e+00	-6.23282e+00	-3.55147e+00
     98000	 3.68756e-01	 5.53134e-01	-6.79073e+00	-6.23760e+00	-3.67574e+00
     98100	 3.65347e-01	 5.48021e-01	-6.78282e+00	-6.23480e+00	-3.72184e+00
     98200	 3.45097e-01	 5.17645e-01	-6.75460e+00	-6.23696e+00	-3.47317e+00
     98300	 3.89854e-01	 5.84782e-01	-6.81862e+00	-6.23384e+00	-3.93106e+00
     98400	 3.82884e-01	 5.74327e-01	-6.81015e+00	-6.23583e+00	-3.88185e+00
     98500	 3.99676e-01	 5.99514e-01	-6.83186e+00	-6.23234e+00	-3.92772e+00
     98600	 3.89740e-01	 5.84610e-01	-6.82008e+00	-6.23547e+00	-3.86722e+00
     98700	 4.20441e-01	 6.30662e-01	-6.86204e+00	-6.23138e+00	-4.11850e+00
     98800	 3.98871e-01	 5.98307e-01	-6.83269e+00	-6.23438e+00	-4.00509e+00
     98900	 3.49521e-01	 5.24281e-01	-6.76039e+00	-6.23611e+00	-3.54371e+00
     99000	 3.65878e-01	 5.48818e-01	-6.78361e+00	-6.23479e+00	-3.71213e+00
     99100	 4.21799e-01	 6.32699e-01	-6.86786e+00	-6.23516e+00	-4.16355e+00
     99200	 3.56690e-01	 5.35035e-01	-6.77184e+00	-6.23680e+00	-3.73473e+00
     99300	 3.54509e-01	 5.31763e-01	-6.76520e+00	-6.23344e+00	-3.62410e+00
     99400	 3.84835e-01	 5.77252e-01	-6.81173e+00	-6.23448e+00	-3.86825e+00
     99500	 3.70525e-01	 5.55788e-01	-6.79039e+00	-6.23460e+00	-3.85671e+00
     99600	 3.75094e-01	 5.62641e-01	-6.79455e+00	-6.23191e+00	-3.63402e+00
     99700	 4.13212e-01	 6.19818e-01	-6.85066e+00	-6.23084e+00	-4.09089e+00
     99800	 3.32956e-01	 4.99435e-01	-6.73339e+00	-6.23395e+00	-3.37243e+00
     99900	 3.60608e-01	 5.40913e-01	-6.77615e+00	-6.23523e+00	-3.66473e+00
    100000	 3.99320e-01	 5.98981e-01	-6.83445e+00	-6.23547e+00	-3.99873e+00
