       100	 3.70063e-01	 5.55095e-01	-6.28070e+00	-5.72531e+00	-3.65219e+00
       200	 4.15041e-01	 6.22561e-01	-6.34829e+00	-5.72542e+00	-4.00186e+00
       300	 4.06280e-01	 6.09420e-01	-6.33495e+00	-5.72522e+00	-4.00021e+00
       400	 3.58470e-01	 5.37705e-01	-6.26312e+00	-5.72511e+00	-3.54128e+00
       500	 3.90625e-01	 5.85938e-01	-6.31117e+00	-5.72493e+00	-3.93267e+00
       600	 3.87904e-01	 5.81856e-01	-6.30752e+00	-5.72533e+00	-3.88615e+00
       700	 3.59396e-01	 5.39094e-01	-6.26476e+00	-5.72533e+00	-3.60756e+00
       800	 3.84130e-01	 5.76194e-01	-6.30195e+00	-5.72543e+00	-3.84091e+00
       900	 3.66778e-01	 5.50167e-01	-6.27612e+00	-5.72565e+00	-3.62245e+00
      1000	 3.71733e-01	 5.57599e-01	-6.28296e+00	-5.72506e+00	-3.77003e+00
      1100	 3.70405e-01	 5.55608e-01	-6.28142e+00	-5.72551e+00	-3.71190e+00
      1200	 3.88899e-01	 5.83348e-01	-6.30889e+00	-5.72525e+00	-3.80823e+00
      1300	 3.63281e-01	 5.44921e-01	-6.27057e+00	-5.72533e+00	-3.72101e+00
      1400	 3.67379e-01	 5.51069e-01	-6.27618e+00	-5.72480e+00	-3.69737e+00
      1500	 3.37553e-01	 5.06330e-01	-6.23241e+00	-5.72573e+00	-3.41100e+00
      1600	 3.96479e-01	 5.94719e-01	-6.32013e+00	-5.72510e+00	-3.94650e+00
      1700	 3.81137e-01	 5.71706e-01	-6.29757e+00	-5.72557e+00	-3.77014e+00
      1800	 3.78796e-01	 5.68195e-01	-6.29330e+00	-5.72477e+00	-3.76992e+00
      1900	 3.62094e-01	 5.43140e-01	-6.26864e+00	-5.72517e+00	-3.68375e+00
      2000	 3.80795e-01	 5.71193e-01	-6.29678e+00	-5.72529e+00	-3.81748e+00
      2100	 3.91908e-01	 5.87861e-01	-6.31343e+00	-5.72527e+00	-3.90978e+00
      2200	 3.75121e-01	 5.62681e-01	-6.28833e+00	-5.72529e+00	-3.79981e+00
      2300	 3.35405e-01	 5.03108e-01	-6.22877e+00	-5.72531e+00	-3.39703e+00
      2400	 3.81754e-01	 5.72631e-01	-6.29778e+00	-5.72481e+00	-3.82779e+00
      2500	 3.76677e-01	 5.65015e-01	-6.28986e+00	-5.72453e+00	-3.86613e+00
      2600	 3.59872e-01	 5.39809e-01	-6.26484e+00	-5.72471e+00	-3.65376e+00
      2700	 4.09852e-01	 6.14778e-01	-6.34034e+00	-5.72526e+00	-4.00459e+00
      2800	 3.76994e-01	 5.65491e-01	-6.29111e+00	-5.72529e+00	-3.83215e+00
      2900	 3.68031e-01	 5.52047e-01	-6.27744e+00	-5.72507e+00	-3.68828e+00
      3000	 3.84119e-01	 5.76179e-01	-6.30178e+00	-5.72528e+00	-3.83162e+00
      3100	 3.90488e-01	 5.85732e-01	-6.31125e+00	-5.72520e+00	-3.86023e+00
      3200	 3.59862e-01	 5.39793e-01	-6.26574e+00	-5.72562e+00	-3.60379e+00
      3300	 3.56367e-01	 5.34550e-01	-6.26019e+00	-5.72528e+00	-3.66888e+00
      3400	 3.83563e-01	 5.75345e-01	-6.30046e+00	-5.72483e+00	-3.83157e+00
      3500	 3.81942e-01	 5.72913e-01	-6.29865e+00	-5.72542e+00	-3.72893e+00
      3600	 3.98028e-01	 5.97042e-01	-6.32262e+00	-5.72528e+00	-3.90843e+00
      3700	 3.63386e-01	 5.45080e-01	-6.27014e+00	-5.72474e+00	-3.74852e+00
      3800	 4.11970e-01	 6.17955e-01	-6.34369e+00	-5.72547e+00	-3.94771e+00
      3900	 3.60589e-01	 5.40884e-01	-6.26659e+00	-5.72539e+00	-3.68239e+00
      4000	 3.62090e-01	 5.43135e-01	-6.26861e+00	-5.72512e+00	-3.66352e+00
      4100	 3.94450e-01	 5.91675e-01	-6.31699e+00	-5.72497e+00	-3.95974e+00
      4200	 3.63511e-01	 5.45267e-01	-6.27069e+00	-5.72506e+00	-3.68515e+00
      4300	 3.52825e-01	 5.29237e-01	-6.25476e+00	-5.72520e+00	-3.57163e+00
      4400	 3.55164e-01	 5.32746e-01	-6.25841e+00	-5.72531e+00	-3.66150e+00
      4500	 3.67334e-01	 5.51001e-01	-6.27687e+00	-5.72552e+00	-3.65383e+00
      4600	 3.52597e-01	 5.28895e-01	-6.25434e+00	-5.72506e+00	-3.64170e+00
      4700	 3.27975e-01	 4.91963e-01	-6.21722e+00	-5.72492e+00	-3.47733e+00
      4800	 3.75092e-01	 5.62638e-01	-6.28838e+00	-5.72544e+00	-3.68498e+00
      4900	 3.64307e-01	 5.46460e-01	-6.27209e+00	-5.72530e+00	-3.63989e+00
      5000	 3.71181e-01	 5.56772e-01	-6.28228e+00	-5.72519e+00	-3.67437e+00
      5100	 3.95167e-01	 5.92751e-01	-6.31814e+00	-5.72510e+00	-3.91729e+00
      5200	 4.12652e-01	 6.18978e-01	-6.34462e+00	-5.72533e+00	-4.05739e+00
      5300	 3.47265e-01	 5.20898e-01	-6.24611e+00	-5.72485e+00	-3.58396e+00
      5400	 3.78616e-01	 5.67925e-01	-6.29350e+00	-5.72527e+00	-3.72566e+00
      5500	 3.85822e-01	 5.78733e-01	-6.30420e+00	-5.72515e+00	-3.81713e+00
      5600	 3.67012e-01	 5.50518e-01	-6.27598e+00	-5.72513e+00	-3.66481e+00
      5700	 4.24072e-01	 6.36109e-01	-6.36156e+00	-5.72518e+00	-4.16446e+00
      5800	 3.47849e-01	 5.21774e-01	-6.24721e+00	-5.72509e+00	-3.60130e+00
      5900	 3.79244e-01	 5.68866e-01	-6.29424e+00	-5.72506e+00	-3.83007e+00
      6000	 3.74362e-01	 5.61543e-01	-6.28696e+00	-5.72506e+00	-3.82277e+00
      6100	 3.67760e-01	 5.51640e-01	-6.27737e+00	-5.72537e+00	-3.71070e+00
      6200	 3.48604e-01	 5.22905e-01	-6.24850e+00	-5.72523e+00	-3.64108e+00
      6300	 3.77046e-01	 5.65570e-01	-6.29066e+00	-5.72478e+00	-3.86045e+00
      6400	 3.84811e-01	 5.77217e-01	-6.30276e+00	-5.72522e+00	-3.86160e+00
      6500	 3.90377e-01	 5.85565e-01	-6.31100e+00	-5.72514e+00	-3.91682e+00
      6600	 3.90440e-01	 5.85660e-01	-6.31135e+00	-5.72538e+00	-3.88035e+00
      6700	 3.67297e-01	 5.50945e-01	-6.27683e+00	-5.72557e+00	-3.75476e+00
      6800	 3.80957e-01	 5.71435e-01	-6.29679e+00	-5.72506e+00	-3.82906e+00
      6900	 3.81072e-01	 5.71608e-01	-6.29680e+00	-5.72487e+00	-3.86941e+00
      7000	 3.41081e-01	 5.11621e-01	-6.23712e+00	-5.72515e+00	-3.43588e+00
      7100	 3.93383e-01	 5.90075e-01	-6.31557e+00	-5.72517e+00	-3.90069e+00
      7200	 3.64514e-01	 5.46772e-01	-6.27242e+00	-5.72530e+00	-3.67473e+00
      7300	 3.81578e-01	 5.72366e-01	-6.29784e+00	-5.72516e+00	-3.81890e+00
      7400	 3.82869e-01	 5.74304e-01	-6.30011e+00	-5.72547e+00	-3.73825e+00
      7500	 3.74416e-01	 5.61623e-01	-6.28712e+00	-5.72517e+00	-3.72204e+00
      7600	 3.72892e-01	 5.59338e-01	-6.28523e+00	-5.72555e+00	-3.71341e+00
      7700	 3.84876e-01	 5.77314e-01	-6.30301e+00	-5.72535e+00	-3.85884e+00
      7800	 3.82843e-01	 5.74265e-01	-6.29988e+00	-5.72528e+00	-3.84448e+00
      7900	 3.30369e-01	 4.95554e-01	-6.22081e+00	-5.72485e+00	-3.45122e+00
      8000	 3.65480e-01	 5.48220e-01	-6.27396e+00	-5.72540e+00	-3.72383e+00
      8100	 3.73199e-01	 5.59799e-01	-6.28549e+00	-5.72535e+00	-3.75236e+00
      8200	 3.84485e-01	 5.76727e-01	-6.30260e+00	-5.72553e+00	-3.78256e+00
      8300	 4.26990e-01	 6.40486e-01	-6.36577e+00	-5.72501e+00	-4.13911e+00
      8400	 3.65679e-01	 5.48518e-01	-6.27370e+00	-5.72484e+00	-3.73833e+00
      8500	 3.85945e-01	 5.78918e-01	-6.30463e+00	-5.72539e+00	-3.80531e+00
      8600	 4.12922e-01	 6.19383e-01	-6.34501e+00	-5.72529e+00	-4.07416e+00
      8700	 3.90627e-01	 5.85940e-01	-6.31147e+00	-5.72520e+00	-3.92232e+00
      8800	 3.54648e-01	 5.31972e-01	-6.25746e+00	-5.72514e+00	-3.57474e+00
      8900	 3.90961e-01	 5.86441e-01	-6.31183e+00	-5.72509e+00	-3.89882e+00
      9000	 3.87515e-01	 5.81273e-01	-6.30683e+00	-5.72525e+00	-3.83752e+00
      9100	 3.71567e-01	 5.57350e-01	-6.28265e+00	-5.72495e+00	-3.66017e+00
      9200	 4.07808e-01	 6.11711e-01	-6.33769e+00	-5.72567e+00	-3.97107e+00
      9300	 3.47371e-01	 5.21057e-01	-6.24622e+00	-5.72485e+00	-3.53796e+00
      9400	 3.96994e-01	 5.95491e-01	-6.32104e+00	-5.72524e+00	-3.96628e+00
      9500	 4.00979e-01	 6.01469e-01	-6.32684e+00	-5.72506e+00	-3.96906e+00
      9600	 3.72002e-01	 5.58004e-01	-6.28381e+00	-5.72548e+00	-3.73938e+00
      9700	 3.42231e-01	 5.13346e-01	-6.23906e+00	-5.72536e+00	-3.52496e+00
      9800	 4.04147e-01	 6.06221e-01	-6.33162e+00	-5.72508e+00	-3.96700e+00
      9900	 3.70688e-01	 5.56032e-01	-6.28137e+00	-5.72500e+00	-3.73633e+00
     10000	 3.83964e-01	 5.75946e-01	-6.30121e+00	-5.72496e+00	-3.82744e+00
     10100	 4.00289e-01	 6.00434e-01	-6.32560e+00	-5.72482e+00	-3.96585e+00
     10200	 3.76909e-01	 5.65364e-01	-6.29065e+00	-5.72490e+00	-3.80690e+00
     10300	 3.38652e-01	 5.07977e-01	-6.23336e+00	-5.72504e+00	-3.52079e+00
     10400	 3.86329e-01	 5.79493e-01	-6.30555e+00	-5.72573e+00	-3.85723e+00
     10500	 3.60048e-01	 5.40072e-01	-6.26551e+00	-5.72510e+00	-3.68629e+00
     10600	 3.98325e-01	 5.97488e-01	-6.32286e+00	-5.72507e+00	-3.97482e+00
     10700	 3.80573e-01	 5.70859e-01	-6.29659e+00	-5.72546e+00	-3.83508e+00
     10800	 3.74347e-01	 5.61521e-01	-6.28698e+00	-5.72516e+00	-3.76537e+00
     10900	 3.80353e-01	 5.70529e-01	-6.29621e+00	-5.72535e+00	-3.78398e+00
     11000	 3.77552e-01	 5.66328e-01	-6.29202e+00	-5.72528e+00	-3.75835e+00
     11100	 3.66277e-01	 5.49415e-01	-6.27518e+00	-5.72545e+00	-3.73475e+00
     11200	 3.57073e-01	 5.35609e-01	-6.26118e+00	-5.72523e+00	-3.63492e+00
     11300	 3.59856e-01	 5.39784e-01	-6.26551e+00	-5.72541e+00	-3.70654e+00
     11400	 3.99648e-01	 5.99473e-01	-6.32535e+00	-5.72558e+00	-3.82251e+00
     11500	 4.03356e-01	 6.05034e-01	-6.32996e+00	-5.72460e+00	-3.96622e+00
     11600	 3.63475e-01	 5.45212e-01	-6.27070e+00	-5.72514e+00	-3.71169e+00
     11700	 3.59632e-01	 5.39447e-01	-6.26521e+00	-5.72544e+00	-3.68179e+00
     11800	 3.55312e-01	 5.32969e-01	-6.25827e+00	-5.72497e+00	-3.68967e+00
     11900	 3.53388e-01	 5.30082e-01	-6.25534e+00	-5.72492e+00	-3.63303e+00
     12000	 4.23525e-01	 6.35288e-01	-6.36106e+00	-5.72548e+00	-4.06831e+00
     12100	 3.76679e-01	 5.65018e-01	-6.29026e+00	-5.72494e+00	-3.83803e+00
     12200	 3.74971e-01	 5.62456e-01	-6.28831e+00	-5.72553e+00	-3.66032e+00
     12300	 3.96555e-01	 5.94833e-01	-6.31982e+00	-5.72471e+00	-3.96612e+00
     12400	 3.94143e-01	 5.91215e-01	-6.31654e+00	-5.72501e+00	-3.92201e+00
     12500	 3.97285e-01	 5.95927e-01	-6.32117e+00	-5.72493e+00	-3.96504e+00
     12600	 3.92318e-01	 5.88477e-01	-6.31368e+00	-5.72491e+00	-3.89835e+00
     12700	 4.00219e-01	 6.00329e-01	-6.32558e+00	-5.72495e+00	-3.99420e+00
     12800	 3.57762e-01	 5.36643e-01	-6.26221e+00	-5.72526e+00	-3.58484e+00
     12900	 3.78084e-01	 5.67126e-01	-6.29263e+00	-5.72518e+00	-3.81509e+00
     13000	 3.76504e-01	 5.64756e-01	-6.28998e+00	-5.72486e+00	-3.85456e+00
     13100	 3.81685e-01	 5.72527e-01	-6.29837e+00	-5.72553e+00	-3.78405e+00
     13200	 3.97864e-01	 5.96796e-01	-6.32220e+00	-5.72510e+00	-3.95487e+00
     13300	 3.63597e-01	 5.45395e-01	-6.27046e+00	-5.72474e+00	-3.75081e+00
     13400	 3.74673e-01	 5.62009e-01	-6.28724e+00	-5.72494e+00	-3.75055e+00
     13500	 3.67846e-01	 5.51769e-01	-6.27749e+00	-5.72540e+00	-3.65436e+00
     13600	 3.72517e-01	 5.58775e-01	-6.28477e+00	-5.72562e+00	-3.79621e+00
     13700	 3.91090e-01	 5.86635e-01	-6.31243e+00	-5.72545e+00	-3.87448e+00
     13800	 3.45795e-01	 5.18693e-01	-6.24443e+00	-5.72539e+00	-3.47932e+00
     13900	 3.69032e-01	 5.53548e-01	-6.27942e+00	-5.72557e+00	-3.70218e+00
     14000	 3.92246e-01	 5.88370e-01	-6.31405e+00	-5.72539e+00	-3.79139e+00
     14100	 3.85435e-01	 5.78153e-01	-6.30321e+00	-5.72473e+00	-3.91263e+00
     14200	 3.90529e-01	 5.85793e-01	-6.31157e+00	-5.72546e+00	-3.92872e+00
     14300	 3.49191e-01	 5.23787e-01	-6.24937e+00	-5.72524e+00	-3.56905e+00
     14400	 3.89618e-01	 5.84427e-01	-6.30993e+00	-5.72519e+00	-3.95555e+00
     14500	 4.04577e-01	 6.06865e-01	-6.33229e+00	-5.72514e+00	-3.90341e+00
     14600	 3.88801e-01	 5.83201e-01	-6.30839e+00	-5.72487e+00	-3.89506e+00
     14700	 3.95781e-01	 5.93672e-01	-6.31919e+00	-5.72519e+00	-3.92992e+00
     14800	 4.02922e-01	 6.04383e-01	-6.32933e+00	-5.72467e+00	-3.95697e+00
     14900	 3.27875e-01	 4.91812e-01	-6.21746e+00	-5.72526e+00	-3.46897e+00
     15000	 3.76082e-01	 5.64123e-01	-6.28994e+00	-5.72547e+00	-3.70813e+00
     15100	 3.89603e-01	 5.84404e-01	-6.31005e+00	-5.72531e+00	-3.87003e+00
     15200	 3.73146e-01	 5.59719e-01	-6.28545e+00	-5.72540e+00	-3.75987e+00
     15300	 3.75569e-01	 5.63353e-01	-6.28916e+00	-5.72547e+00	-3.77667e+00
     15400	 3.24787e-01	 4.87180e-01	-6.21273e+00	-5.72520e+00	-3.43155e+00
     15500	 3.79893e-01	 5.69839e-01	-6.29485e+00	-5.72470e+00	-3.79428e+00
     15600	 3.96125e-01	 5.94187e-01	-6.31990e+00	-5.72539e+00	-3.91748e+00
     15700	 3.62958e-01	 5.44437e-01	-6.26970e+00	-5.72498e+00	-3.51448e+00
     15800	 3.77864e-01	 5.66796e-01	-6.29232e+00	-5.72524e+00	-3.84075e+00
     15900	 3.98781e-01	 5.98171e-01	-6.32366e+00	-5.72521e+00	-3.90334e+00
     16000	 3.96969e-01	 5.95453e-01	-6.32089e+00	-5.72513e+00	-3.89411e+00
     16100	 3.84163e-01	 5.76245e-01	-6.30244e+00	-5.72587e+00	-3.78709e+00
     16200	 3.87283e-01	 5.80924e-01	-6.30642e+00	-5.72513e+00	-3.93622e+00
     16300	 3.67311e-01	 5.50967e-01	-6.27665e+00	-5.72537e+00	-3.65861e+00
     16400	 3.66914e-01	 5.50371e-01	-6.27575e+00	-5.72508e+00	-3.66424e+00
     16500	 3.64714e-01	 5.47071e-01	-6.27235e+00	-5.72496e+00	-3.68679e+00
     16600	 3.77863e-01	 5.66794e-01	-6.29228e+00	-5.72517e+00	-3.75573e+00
     16700	 4.07293e-01	 6.10940e-01	-6.33634e+00	-5.72511e+00	-3.93586e+00
     16800	 4.06957e-01	 6.10436e-01	-6.33557e+00	-5.72484e+00	-4.01677e+00
     16900	 3.68546e-01	 5.52818e-01	-6.27858e+00	-5.72543e+00	-3.65277e+00
     17000	 3.85173e-01	 5.77760e-01	-6.30315e+00	-5.72510e+00	-3.83774e+00
     17100	 3.85796e-01	 5.78694e-01	-6.30428e+00	-5.72530e+00	-3.90202e+00
     17200	 3.97509e-01	 5.96263e-01	-6.32141e+00	-5.72486e+00	-3.97733e+00
     17300	 3.89451e-01	 5.84176e-01	-6.30980e+00	-5.72529e+00	-3.82985e+00
     17400	 3.77008e-01	 5.65513e-01	-6.29096e+00	-5.72513e+00	-3.74961e+00
     17500	 3.63078e-01	 5.44618e-01	-6.26956e+00	-5.72463e+00	-3.69148e+00
     17600	 3.82014e-01	 5.73020e-01	-6.29851e+00	-5.72517e+00	-3.83442e+00
     17700	 3.61944e-01	 5.42916e-01	-6.26803e+00	-5.72474e+00	-3.75045e+00
     17800	 3.52681e-01	 5.29022e-01	-6.25492e+00	-5.72558e+00	-3.52267e+00
     17900	 3.96049e-01	 5.94074e-01	-6.31978e+00	-5.72540e+00	-3.91532e+00
     18000	 3.98585e-01	 5.97877e-01	-6.32360e+00	-5.72542e+00	-3.89664e+00
     18100	 3.43898e-01	 5.15847e-01	-6.24134e+00	-5.72514e+00	-3.55349e+00
     18200	 3.71415e-01	 5.57123e-01	-6.28257e+00	-5.72510e+00	-3.76107e+00
     18300	 3.60173e-01	 5.40260e-01	-6.26555e+00	-5.72497e+00	-3.74237e+00
     18400	 3.82371e-01	 5.73557e-01	-6.29899e+00	-5.72513e+00	-3.84377e+00
     18500	 3.88500e-01	 5.82750e-01	-6.30796e+00	-5.72491e+00	-3.88764e+00
     18600	 3.66720e-01	 5.50079e-01	-6.27557e+00	-5.72519e+00	-3.65949e+00
     18700	 4.00596e-01	 6.00895e-01	-6.32644e+00	-5.72523e+00	-3.93512e+00
     18800	 3.66759e-01	 5.50138e-01	-6.27580e+00	-5.72538e+00	-3.64320e+00
     18900	 3.65453e-01	 5.48180e-01	-6.27397e+00	-5.72545e+00	-3.63065e+00
     19000	 3.49922e-01	 5.24882e-01	-6.25017e+00	-5.72495e+00	-3.64866e+00
     19100	 3.75900e-01	 5.63850e-01	-6.28987e+00	-5.72567e+00	-3.70571e+00
     19200	 3.79016e-01	 5.68524e-01	-6.29367e+00	-5.72482e+00	-3.82016e+00
     19300	 3.73419e-01	 5.60128e-01	-6.28612e+00	-5.72568e+00	-3.69806e+00
     19400	 3.83525e-01	 5.75288e-01	-6.30108e+00	-5.72549e+00	-3.79358e+00
     19500	 3.78721e-01	 5.68081e-01	-6.29378e+00	-5.72535e+00	-3.78930e+00
     19600	 3.69078e-01	 5.53618e-01	-6.27895e+00	-5.72501e+00	-3.79521e+00
     19700	 3.89907e-01	 5.84861e-01	-6.31058e+00	-5.72541e+00	-3.85935e+00
     19800	 3.69991e-01	 5.54986e-01	-6.28089e+00	-5.72556e+00	-3.73463e+00
     19900	 3.99330e-01	 5.98995e-01	-6.32432e+00	-5.72503e+00	-3.88729e+00
     20000	 4.00433e-01	 6.00649e-01	-6.32610e+00	-5.72512e+00	-3.94632e+00
     20100	 3.96374e-01	 5.94561e-01	-6.32008e+00	-5.72520e+00	-3.94140e+00
     20200	 3.95309e-01	 5.92964e-01	-6.31845e+00	-5.72517e+00	-3.88891e+00
     20300	 3.68723e-01	 5.53085e-01	-6.27814e+00	-5.72472e+00	-3.72731e+00
     20400	 4.07445e-01	 6.11167e-01	-6.33678e+00	-5.72533e+00	-4.01744e+00
     20500	 3.68590e-01	 5.52884e-01	-6.27852e+00	-5.72528e+00	-3.75357e+00
     20600	 3.63542e-01	 5.45314e-01	-6.27105e+00	-5.72542e+00	-3.64256e+00
     20700	 3.76692e-01	 5.65038e-01	-6.29093e+00	-5.72557e+00	-3.72928e+00
     20800	 4.01467e-01	 6.02201e-01	-6.32742e+00	-5.72493e+00	-3.90833e+00
     20900	 3.37946e-01	 5.06920e-01	-6.23256e+00	-5.72531e+00	-3.44914e+00
     21000	 3.71692e-01	 5.57538e-01	-6.28298e+00	-5.72510e+00	-3.68971e+00
     21100	 4.06436e-01	 6.09654e-01	-6.33526e+00	-5.72533e+00	-3.92266e+00
     21200	 3.71694e-01	 5.57540e-01	-6.28322e+00	-5.72532e+00	-3.73393e+00
     21300	 3.80135e-01	 5.70203e-01	-6.29590e+00	-5.72543e+00	-3.76837e+00
     21400	 3.57862e-01	 5.36794e-01	-6.26271e+00	-5.72559e+00	-3.59571e+00
     21500	 3.87967e-01	 5.81950e-01	-6.30749e+00	-5.72524e+00	-3.84723e+00
     21600	 3.89481e-01	 5.84221e-01	-6.30974e+00	-5.72520e+00	-3.88901e+00
     21700	 4.15729e-01	 6.23594e-01	-6.34901e+00	-5.72512e+00	-4.06096e+00
     21800	 3.66544e-01	 5.49817e-01	-6.27540e+00	-5.72526e+00	-3.69501e+00
     21900	 3.63957e-01	 5.45935e-01	-6.27130e+00	-5.72505e+00	-3.66909e+00
     22000	 4.07709e-01	 6.11563e-01	-6.33698e+00	-5.72513e+00	-3.96842e+00
     22100	 3.68916e-01	 5.53374e-01	-6.27961e+00	-5.72589e+00	-3.60492e+00
     22200	 3.66473e-01	 5.49709e-01	-6.27488e+00	-5.72486e+00	-3.67797e+00
     22300	 3.51489e-01	 5.27234e-01	-6.25299e+00	-5.72537e+00	-3.56415e+00
     22400	 3.97528e-01	 5.96292e-01	-6.32162e+00	-5.72499e+00	-3.93234e+00
     22500	 4.02784e-01	 6.04176e-01	-6.32902e+00	-5.72459e+00	-3.99681e+00
     22600	 3.36132e-01	 5.04198e-01	-6.22995e+00	-5.72540e+00	-3.50814e+00
     22700	 3.65458e-01	 5.48187e-01	-6.27346e+00	-5.72493e+00	-3.71876e+00
     22800	 4.04345e-01	 6.06517e-01	-6.33186e+00	-5.72506e+00	-3.97939e+00
     22900	 3.77545e-01	 5.66318e-01	-6.29203e+00	-5.72536e+00	-3.71767e+00
     23000	 3.61101e-01	 5.41652e-01	-6.26753e+00	-5.72550e+00	-3.66066e+00
     23100	 3.72327e-01	 5.58491e-01	-6.28412e+00	-5.72528e+00	-3.81657e+00
     23200	 4.11546e-01	 6.17319e-01	-6.34275e+00	-5.72514e+00	-4.04607e+00
     23300	 3.69106e-01	 5.53659e-01	-6.27951e+00	-5.72549e+00	-3.68151e+00
     23400	 3.54716e-01	 5.32074e-01	-6.25803e+00	-5.72563e+00	-3.56548e+00
     23500	 3.65173e-01	 5.47759e-01	-6.27319e+00	-5.72511e+00	-3.72302e+00
     23600	 4.22734e-01	 6.34101e-01	-6.35962e+00	-5.72526e+00	-4.09659e+00
     23700	 3.52190e-01	 5.28285e-01	-6.25387e+00	-5.72526e+00	-3.64630e+00
     23800	 3.49225e-01	 5.23837e-01	-6.24992e+00	-5.72573e+00	-3.41812e+00
     23900	 3.80472e-01	 5.70707e-01	-6.29603e+00	-5.72501e+00	-3.85186e+00
     24000	 3.57061e-01	 5.35591e-01	-6.26125e+00	-5.72533e+00	-3.67801e+00
     24100	 3.89377e-01	 5.84066e-01	-6.30980e+00	-5.72543e+00	-3.85264e+00
     24200	 3.93540e-01	 5.90310e-01	-6.31604e+00	-5.72545e+00	-3.84853e+00
     24300	 4.01791e-01	 6.02686e-01	-6.32789e+00	-5.72488e+00	-3.98489e+00
     24400	 3.88511e-01	 5.82767e-01	-6.30827e+00	-5.72522e+00	-3.93571e+00
     24500	 3.74241e-01	 5.61361e-01	-6.28681e+00	-5.72512e+00	-3.75963e+00
     24600	 3.81386e-01	 5.72079e-01	-6.29744e+00	-5.72506e+00	-3.83364e+00
     24700	 3.81955e-01	 5.72933e-01	-6.29829e+00	-5.72507e+00	-3.78385e+00
     24800	 3.79992e-01	 5.69988e-01	-6.29536e+00	-5.72504e+00	-3.87210e+00
     24900	 3.82910e-01	 5.74365e-01	-6.30001e+00	-5.72532e+00	-3.82369e+00
     25000	 3.83031e-01	 5.74546e-01	-6.30019e+00	-5.72534e+00	-3.85555e+00
     25100	 3.63825e-01	 5.45737e-01	-6.27093e+00	-5.72486e+00	-3.67024e+00
     25200	 3.58107e-01	 5.37160e-01	-6.26265e+00	-5.72517e+00	-3.57487e+00
     25300	 3.71124e-01	 5.56686e-01	-6.28227e+00	-5.72524e+00	-3.73099e+00
     25400	 4.20386e-01	 6.30579e-01	-6.35624e+00	-5.72537e+00	-4.04511e+00
     25500	 3.36066e-01	 5.04099e-01	-6.22948e+00	-5.72499e+00	-3.59524e+00
     25600	 3.72792e-01	 5.59188e-01	-6.28484e+00	-5.72531e+00	-3.73532e+00
     25700	 3.31688e-01	 4.97532e-01	-6.22289e+00	-5.72502e+00	-3.51693e+00
     25800	 3.27004e-01	 4.90506e-01	-6.21637e+00	-5.72550e+00	-3.43689e+00
     25900	 4.17595e-01	 6.26392e-01	-6.35171e+00	-5.72503e+00	-4.04382e+00
     26000	 3.92610e-01	 5.88915e-01	-6.31435e+00	-5.72516e+00	-3.94365e+00
     26100	 3.47660e-01	 5.21490e-01	-6.24650e+00	-5.72470e+00	-3.61027e+00
     26200	 3.57246e-01	 5.35869e-01	-6.26199e+00	-5.72576e+00	-3.53345e+00
     26300	 3.68180e-01	 5.52270e-01	-6.27819e+00	-5.72557e+00	-3.67601e+00
     26400	 3.90421e-01	 5.85632e-01	-6.31115e+00	-5.72522e+00	-3.86497e+00
     26500	 3.95431e-01	 5.93147e-01	-6.31814e+00	-5.72474e+00	-3.99164e+00
     26600	 4.30863e-01	 6.46294e-01	-6.37181e+00	-5.72521e+00	-4.17345e+00
     26700	 3.76838e-01	 5.65258e-01	-6.29068e+00	-5.72511e+00	-3.80729e+00
     26800	 3.47619e-01	 5.21428e-01	-6.24696e+00	-5.72521e+00	-3.60169e+00
     26900	 3.71910e-01	 5.57865e-01	-6.28347e+00	-5.72525e+00	-3.69780e+00
     27000	 4.00623e-01	 6.00934e-01	-6.32620e+00	-5.72497e+00	-3.93606e+00
     27100	 3.52762e-01	 5.29143e-01	-6.25450e+00	-5.72502e+00	-3.55536e+00
     27200	 3.78759e-01	 5.68138e-01	-6.29351e+00	-5.72505e+00	-3.74135e+00
     27300	 3.73212e-01	 5.59819e-01	-6.28547e+00	-5.72530e+00	-3.70629e+00
     27400	 3.78697e-01	 5.68046e-01	-6.29345e+00	-5.72508e+00	-3.79585e+00
     27500	 3.96267e-01	 5.94401e-01	-6.32002e+00	-5.72530e+00	-3.94456e+00
     27600	 3.72575e-01	 5.58862e-01	-6.28427e+00	-5.72507e+00	-3.69897e+00
     27700	 3.95866e-01	 5.93799e-01	-6.31910e+00	-5.72499e+00	-3.92460e+00
     27800	 4.09104e-01	 6.13656e-01	-6.33897e+00	-5.72504e+00	-4.04208e+00
     27900	 3.78068e-01	 5.67103e-01	-6.29338e+00	-5.72597e+00	-3.66317e+00
     28000	 4.10007e-01	 6.15010e-01	-6.34016e+00	-5.72484e+00	-4.06857e+00
     28100	 3.52327e-01	 5.28490e-01	-6.25404e+00	-5.72520e+00	-3.62961e+00
     28200	 3.51169e-01	 5.26753e-01	-6.25222e+00	-5.72515e+00	-3.57944e+00
     28300	 4.00697e-01	 6.01045e-01	-6.32640e+00	-5.72505e+00	-4.00031e+00
     28400	 3.65563e-01	 5.48344e-01	-6.27378e+00	-5.72513e+00	-3.76640e+00
     28500	 3.96544e-01	 5.94815e-01	-6.32042e+00	-5.72529e+00	-3.94791e+00
     28600	 3.98842e-01	 5.98263e-01	-6.32398e+00	-5.72541e+00	-3.94173e+00
     28700	 3.71553e-01	 5.57330e-01	-6.28273e+00	-5.72510e+00	-3.86041e+00
     28800	 4.02264e-01	 6.03396e-01	-6.32872e+00	-5.72500e+00	-3.97081e+00
     28900	 3.90485e-01	 5.85728e-01	-6.31143e+00	-5.72540e+00	-3.81994e+00
     29000	 3.82398e-01	 5.73598e-01	-6.29919e+00	-5.72530e+00	-3.81942e+00
     29100	 3.91555e-01	 5.87332e-01	-6.31312e+00	-5.72546e+00	-3.86436e+00
     29200	 3.81703e-01	 5.72555e-01	-6.29798e+00	-5.72507e+00	-3.78936e+00
     29300	 3.72001e-01	 5.58002e-01	-6.28320e+00	-5.72487e+00	-3.75852e+00
     29400	 3.65984e-01	 5.48977e-01	-6.27471e+00	-5.72541e+00	-3.72737e+00
     29500	 3.59022e-01	 5.38533e-01	-6.26435e+00	-5.72551e+00	-3.53474e+00
     29600	 3.98947e-01	 5.98420e-01	-6.32392e+00	-5.72520e+00	-3.95380e+00
     29700	 3.86629e-01	 5.79944e-01	-6.30555e+00	-5.72527e+00	-3.89786e+00
     29800	 3.87834e-01	 5.81751e-01	-6.30691e+00	-5.72487e+00	-3.93481e+00
     29900	 3.68870e-01	 5.53306e-01	-6.27869e+00	-5.72509e+00	-3.72973e+00
     30000	 3.45876e-01	 5.18814e-01	-6.24449e+00	-5.72532e+00	-3.57577e+00
     30100	 3.86976e-01	 5.80464e-01	-6.30579e+00	-5.72501e+00	-3.82539e+00
     30200	 3.82916e-01	 5.74373e-01	-6.30000e+00	-5.72530e+00	-3.80830e+00
     30300	 4.07330e-01	 6.10994e-01	-6.33651e+00	-5.72519e+00	-3.99732e+00
     30400	 3.61191e-01	 5.41786e-01	-6.26772e+00	-5.72562e+00	-3.67060e+00
     30500	 4.00984e-01	 6.01476e-01	-6.32676e+00	-5.72496e+00	-3.97188e+00
     30600	 3.69806e-01	 5.54710e-01	-6.28089e+00	-5.72585e+00	-3.64216e+00
     30700	 3.90660e-01	 5.85990e-01	-6.31154e+00	-5.72527e+00	-3.83334e+00
     30800	 3.49044e-01	 5.23567e-01	-6.24979e+00	-5.72588e+00	-3.46331e+00
     30900	 3.78537e-01	 5.67806e-01	-6.29285e+00	-5.72473e+00	-3.80517e+00
     31000	 4.08103e-01	 6.12155e-01	-6.33716e+00	-5.72469e+00	-4.06289e+00
     31100	 3.70863e-01	 5.56294e-01	-6.28184e+00	-5.72522e+00	-3.72227e+00
     31200	 3.61369e-01	 5.42053e-01	-6.26740e+00	-5.72500e+00	-3.67260e+00
     31300	 3.75004e-01	 5.62507e-01	-6.28824e+00	-5.72540e+00	-3.77083e+00
     31400	 3.64076e-01	 5.46115e-01	-6.27147e+00	-5.72499e+00	-3.71764e+00
     31500	 4.19388e-01	 6.29082e-01	-6.35453e+00	-5.72515e+00	-4.09523e+00
     31600	 3.87676e-01	 5.81514e-01	-6.30716e+00	-5.72531e+00	-3.83066e+00
     31700	 3.84473e-01	 5.76709e-01	-6.30192e+00	-5.72488e+00	-3.90242e+00
     31800	 3.94008e-01	 5.91013e-01	-6.31665e+00	-5.72532e+00	-3.81708e+00
     31900	 4.13675e-01	 6.20513e-01	-6.34584e+00	-5.72503e+00	-4.01904e+00
     32000	 3.74470e-01	 5.61705e-01	-6.28693e+00	-5.72485e+00	-3.80321e+00
     32100	 3.89693e-01	 5.84540e-01	-6.30968e+00	-5.72484e+00	-3.91741e+00
     32200	 3.80340e-01	 5.70510e-01	-6.29627e+00	-5.72546e+00	-3.76550e+00
     32300	 3.86997e-01	 5.80495e-01	-6.30642e+00	-5.72560e+00	-3.72882e+00
     32400	 3.91223e-01	 5.86835e-01	-6.31210e+00	-5.72491e+00	-3.91301e+00
     32500	 4.02820e-01	 6.04229e-01	-6.32959e+00	-5.72505e+00	-4.03073e+00
     32600	 4.02049e-01	 6.03073e-01	-6.32865e+00	-5.72528e+00	-3.90029e+00
     32700	 3.44265e-01	 5.16398e-01	-6.24223e+00	-5.72549e+00	-3.43637e+00
     32800	 3.78752e-01	 5.68128e-01	-6.29401e+00	-5.72559e+00	-3.70821e+00
     32900	 3.68210e-01	 5.52314e-01	-6.27832e+00	-5.72567e+00	-3.65306e+00
     33000	 3.81591e-01	 5.72387e-01	-6.29743e+00	-5.72471e+00	-3.83073e+00
     33100	 3.93323e-01	 5.89984e-01	-6.31544e+00	-5.72515e+00	-3.86257e+00
     33200	 4.21717e-01	 6.32576e-01	-6.35822e+00	-5.72536e+00	-4.15019e+00
     33300	 3.45553e-01	 5.18329e-01	-6.24419e+00	-5.72553e+00	-3.50974e+00
     33400	 4.06744e-01	 6.10116e-01	-6.33553e+00	-5.72513e+00	-4.00883e+00
     33500	 3.77591e-01	 5.66387e-01	-6.29151e+00	-5.72480e+00	-3.81048e+00
     33600	 3.70103e-01	 5.55155e-01	-6.28062e+00	-5.72513e+00	-3.68317e+00
     33700	 3.77726e-01	 5.66589e-01	-6.29213e+00	-5.72517e+00	-3.78430e+00
     33800	 3.62169e-01	 5.43254e-01	-6.26869e+00	-5.72510e+00	-3.64164e+00
     33900	 3.94922e-01	 5.92383e-01	-6.31806e+00	-5.72537e+00	-3.89029e+00
     34000	 3.91306e-01	 5.86959e-01	-6.31256e+00	-5.72528e+00	-3.74646e+00
     34100	 3.75526e-01	 5.63290e-01	-6.28872e+00	-5.72508e+00	-3.80863e+00
     34200	 4.04891e-01	 6.07337e-01	-6.33252e+00	-5.72486e+00	-4.01967e+00
     34300	 4.02587e-01	 6.03880e-01	-6.32968e+00	-5.72550e+00	-3.94170e+00
     34400	 3.88397e-01	 5.82596e-01	-6.30825e+00	-5.72535e+00	-3.81349e+00
     34500	 3.53613e-01	 5.30420e-01	-6.25592e+00	-5.72518e+00	-3.59443e+00
     34600	 3.78894e-01	 5.68341e-01	-6.29347e+00	-5.72483e+00	-3.82234e+00
     34700	 4.10257e-01	 6.15386e-01	-6.34084e+00	-5.72517e+00	-4.04277e+00
     34800	 3.65693e-01	 5.48539e-01	-6.27428e+00	-5.72543e+00	-3.68025e+00
     34900	 3.98488e-01	 5.97733e-01	-6.32269e+00	-5.72465e+00	-3.95981e+00
     35000	 3.63706e-01	 5.45559e-01	-6.27137e+00	-5.72547e+00	-3.61136e+00
     35100	 3.58496e-01	 5.37744e-01	-6.26363e+00	-5.72554e+00	-3.61788e+00
     35200	 4.10326e-01	 6.15489e-01	-6.34101e+00	-5.72521e+00	-4.07815e+00
     35300	 3.58777e-01	 5.38165e-01	-6.26382e+00	-5.72534e+00	-3.61977e+00
     35400	 3.92792e-01	 5.89187e-01	-6.31514e+00	-5.72562e+00	-3.84237e+00
     35500	 3.95601e-01	 5.93402e-01	-6.31904e+00	-5.72532e+00	-3.93132e+00
     35600	 3.73907e-01	 5.60861e-01	-6.28665e+00	-5.72540e+00	-3.78638e+00
     35700	 4.24248e-01	 6.36372e-01	-6.36216e+00	-5.72551e+00	-4.08881e+00
     35800	 3.90606e-01	 5.85909e-01	-6.31139e+00	-5.72518e+00	-3.90602e+00
     35900	 3.48676e-01	 5.23014e-01	-6.24871e+00	-5.72533e+00	-3.50824e+00
     36000	 3.83340e-01	 5.75010e-01	-6.29979e+00	-5.72448e+00	-3.95281e+00
     36100	 3.77045e-01	 5.65568e-01	-6.29111e+00	-5.72519e+00	-3.79957e+00
     36200	 3.78316e-01	 5.67474e-01	-6.29316e+00	-5.72534e+00	-3.78213e+00
     36300	 4.06101e-01	 6.09151e-01	-6.33459e+00	-5.72511e+00	-3.97335e+00
     36400	 3.74635e-01	 5.61953e-01	-6.28779e+00	-5.72551e+00	-3.71551e+00
     36500	 3.95224e-01	 5.92836e-01	-6.31857e+00	-5.72542e+00	-3.90328e+00
     36600	 3.64440e-01	 5.46659e-01	-6.27285e+00	-5.72584e+00	-3.60205e+00
     36700	 3.92166e-01	 5.88248e-01	-6.31378e+00	-5.72518e+00	-3.88734e+00
     36800	 3.84253e-01	 5.76379e-01	-6.30197e+00	-5.72527e+00	-3.80891e+00
     36900	 4.04474e-01	 6.06711e-01	-6.33204e+00	-5.72504e+00	-4.00584e+00
     37000	 3.56008e-01	 5.34012e-01	-6.25997e+00	-5.72554e+00	-3.67141e+00
     37100	 3.67953e-01	 5.51930e-01	-6.27778e+00	-5.72553e+00	-3.67286e+00
     37200	 3.58695e-01	 5.38042e-01	-6.26405e+00	-5.72567e+00	-3.64500e+00
     37300	 3.37731e-01	 5.06597e-01	-6.23196e+00	-5.72501e+00	-3.51924e+00
     37400	 4.00590e-01	 6.00884e-01	-6.32625e+00	-5.72506e+00	-4.05740e+00
     37500	 4.03278e-01	 6.04917e-01	-6.33074e+00	-5.72551e+00	-4.02277e+00
     37600	 3.33298e-01	 4.99947e-01	-6.22584e+00	-5.72552e+00	-3.51882e+00
     37700	 3.89953e-01	 5.84929e-01	-6.31073e+00	-5.72550e+00	-3.86452e+00
     37800	 3.82834e-01	 5.74250e-01	-6.30013e+00	-5.72555e+00	-3.79668e+00
     37900	 3.96328e-01	 5.94492e-01	-6.31979e+00	-5.72500e+00	-3.98664e+00
     38000	 3.93587e-01	 5.90381e-01	-6.31602e+00	-5.72535e+00	-3.88204e+00
     38100	 3.53488e-01	 5.30233e-01	-6.25611e+00	-5.72551e+00	-3.61397e+00
     38200	 3.59780e-01	 5.39670e-01	-6.26540e+00	-5.72543e+00	-3.58648e+00
     38300	 3.22454e-01	 4.83681e-01	-6.20959e+00	-5.72549e+00	-3.34703e+00
     38400	 3.72055e-01	 5.58083e-01	-6.28346e+00	-5.72503e+00	-3.80238e+00
     38500	 4.11425e-01	 6.17138e-01	-6.34257e+00	-5.72510e+00	-4.00146e+00
     38600	 4.08828e-01	 6.13242e-01	-6.33794e+00	-5.72441e+00	-4.11839e+00
     38700	 4.08029e-01	 6.12044e-01	-6.33734e+00	-5.72498e+00	-3.99595e+00
     38800	 3.64936e-01	 5.47404e-01	-6.27319e+00	-5.72549e+00	-3.66210e+00
     38900	 3.65908e-01	 5.48862e-01	-6.27440e+00	-5.72518e+00	-3.75433e+00
     39000	 3.69001e-01	 5.53502e-01	-6.27882e+00	-5.72500e+00	-3.77750e+00
     39100	 4.04311e-01	 6.06467e-01	-6.33189e+00	-5.72514e+00	-3.99994e+00
     39200	 3.57115e-01	 5.35672e-01	-6.26140e+00	-5.72538e+00	-3.55908e+00
     39300	 3.39279e-01	 5.08919e-01	-6.23454e+00	-5.72529e+00	-3.57547e+00
     39400	 3.49812e-01	 5.24718e-01	-6.25036e+00	-5.72528e+00	-3.56779e+00
     39500	 4.09176e-01	 6.13764e-01	-6.33901e+00	-5.72496e+00	-4.06212e+00
     39600	 3.86267e-01	 5.79400e-01	-6.30516e+00	-5.72543e+00	-3.91252e+00
     39700	 3.52085e-01	 5.28128e-01	-6.25333e+00	-5.72485e+00	-3.68367e+00
     39800	 3.50045e-01	 5.25068e-01	-6.25034e+00	-5.72494e+00	-3.62108e+00
     39900	 3.68680e-01	 5.53019e-01	-6.27869e+00	-5.72537e+00	-3.70733e+00
     40000	 3.78810e-01	 5.68215e-01	-6.29393e+00	-5.72542e+00	-3.74675e+00
     40100	 3.97237e-01	 5.95856e-01	-6.32151e+00	-5.72534e+00	-3.91815e+00
     40200	 3.86303e-01	 5.79454e-01	-6.30522e+00	-5.72545e+00	-3.84563e+00
     40300	 3.68166e-01	 5.52249e-01	-6.27831e+00	-5.72575e+00	-3.58638e+00
     40400	 4.01531e-01	 6.02296e-01	-6.32785e+00	-5.72524e+00	-3.91481e+00
     40500	 3.99187e-01	 5.98781e-01	-6.32396e+00	-5.72489e+00	-3.94913e+00
     40600	 4.01255e-01	 6.01883e-01	-6.32767e+00	-5.72547e+00	-3.95515e+00
     40700	 3.95178e-01	 5.92767e-01	-6.31798e+00	-5.72492e+00	-3.87153e+00
     40800	 3.94250e-01	 5.91375e-01	-6.31661e+00	-5.72492e+00	-3.93953e+00
     40900	 4.11627e-01	 6.17441e-01	-6.34271e+00	-5.72500e+00	-3.98126e+00
     41000	 4.10730e-01	 6.16095e-01	-6.34131e+00	-5.72493e+00	-4.08589e+00
     41100	 4.05369e-01	 6.08054e-01	-6.33346e+00	-5.72510e+00	-4.00305e+00
     41200	 3.81651e-01	 5.72476e-01	-6.29780e+00	-5.72502e+00	-3.75748e+00
     41300	 3.89973e-01	 5.84959e-01	-6.31045e+00	-5.72517e+00	-3.93748e+00
     41400	 3.81384e-01	 5.72076e-01	-6.29727e+00	-5.72489e+00	-3.79287e+00
     41500	 3.49722e-01	 5.24583e-01	-6.25059e+00	-5.72566e+00	-3.60051e+00
     41600	 4.03848e-01	 6.05773e-01	-6.33163e+00	-5.72554e+00	-3.95578e+00
     41700	 4.08211e-01	 6.12317e-01	-6.33746e+00	-5.72484e+00	-4.01766e+00
     41800	 3.85656e-01	 5.78484e-01	-6.30346e+00	-5.72466e+00	-3.88330e+00
     41900	 3.42825e-01	 5.14238e-01	-6.23990e+00	-5.72527e+00	-3.57513e+00
     42000	 4.03566e-01	 6.05349e-01	-6.33072e+00	-5.72510e+00	-3.96697e+00
     42100	 3.74066e-01	 5.61100e-01	-6.28630e+00	-5.72489e+00	-3.74348e+00
     42200	 4.18902e-01	 6.28352e-01	-6.35400e+00	-5.72537e+00	-4.02169e+00
     42300	 3.78499e-01	 5.67748e-01	-6.29332e+00	-5.72527e+00	-3.74890e+00
     42400	 4.24224e-01	 6.36335e-01	-6.36160e+00	-5.72498e+00	-4.13068e+00
     42500	 3.76611e-01	 5.64916e-01	-6.29049e+00	-5.72524e+00	-3.80304e+00
     42600	 4.04911e-01	 6.07367e-01	-6.33231e+00	-5.72466e+00	-4.03006e+00
     42700	 3.86387e-01	 5.79580e-01	-6.30515e+00	-5.72527e+00	-3.93727e+00
     42800	 3.55115e-01	 5.32673e-01	-6.25810e+00	-5.72508e+00	-3.66236e+00
     42900	 3.98076e-01	 5.97114e-01	-6.32223e+00	-5.72481e+00	-3.96636e+00
     43000	 3.33873e-01	 5.00809e-01	-6.22610e+00	-5.72496e+00	-3.51391e+00
     43100	 3.66066e-01	 5.49099e-01	-6.27440e+00	-5.72497e+00	-3.75862e+00
     43200	 3.90072e-01	 5.85108e-01	-6.31074e+00	-5.72532e+00	-3.83658e+00
     43300	 3.84627e-01	 5.76940e-01	-6.30284e+00	-5.72559e+00	-3.81640e+00
     43400	 3.83824e-01	 5.75736e-01	-6.30118e+00	-5.72513e+00	-3.86544e+00
     43500	 3.99096e-01	 5.98645e-01	-6.32402e+00	-5.72510e+00	-3.92357e+00
     43600	 3.56183e-01	 5.34275e-01	-6.25937e+00	-5.72475e+00	-3.64901e+00
     43700	 3.62268e-01	 5.43403e-01	-6.26939e+00	-5.72563e+00	-3.66720e+00
     43800	 3.71600e-01	 5.57400e-01	-6.28326e+00	-5.72550e+00	-3.75198e+00
     43900	 4.04940e-01	 6.07409e-01	-6.33305e+00	-5.72533e+00	-3.93207e+00
     44000	 3.59203e-01	 5.38805e-01	-6.26444e+00	-5.72527e+00	-3.68835e+00
     44100	 3.73193e-01	 5.59789e-01	-6.28590e+00	-5.72578e+00	-3.65086e+00
     44200	 3.83246e-01	 5.74869e-01	-6.30037e+00	-5.72517e+00	-3.79970e+00
     44300	 3.58425e-01	 5.37637e-01	-6.26359e+00	-5.72561e+00	-3.55219e+00
     44400	 3.67463e-01	 5.51195e-01	-6.27691e+00	-5.72539e+00	-3.67917e+00
     44500	 3.82094e-01	 5.73141e-01	-6.29823e+00	-5.72477e+00	-3.85215e+00
     44600	 3.62467e-01	 5.43701e-01	-6.26879e+00	-5.72473e+00	-3.78467e+00
     44700	 4.14421e-01	 6.21631e-01	-6.34717e+00	-5.72527e+00	-4.11141e+00
     44800	 3.60268e-01	 5.40402e-01	-6.26583e+00	-5.72511e+00	-3.70181e+00
     44900	 3.88817e-01	 5.83226e-01	-6.30859e+00	-5.72504e+00	-3.85659e+00
     45000	 4.05854e-01	 6.08781e-01	-6.33421e+00	-5.72514e+00	-4.00392e+00
     45100	 3.90723e-01	 5.86085e-01	-6.31189e+00	-5.72548e+00	-3.87178e+00
     45200	 3.87255e-01	 5.80882e-01	-6.30660e+00	-5.72540e+00	-3.88115e+00
     45300	 3.70042e-01	 5.55063e-01	-6.28075e+00	-5.72536e+00	-3.71191e+00
     45400	 3.82258e-01	 5.73387e-01	-6.29870e+00	-5.72495e+00	-3.88028e+00
     45500	 3.89129e-01	 5.83694e-01	-6.30906e+00	-5.72504e+00	-3.88139e+00
     45600	 3.27506e-01	 4.91258e-01	-6.21715e+00	-5.72552e+00	-3.42073e+00
     45700	 3.37023e-01	 5.05534e-01	-6.23050e+00	-5.72461e+00	-3.54087e+00
     45800	 3.72418e-01	 5.58627e-01	-6.28439e+00	-5.72541e+00	-3.70546e+00
     45900	 3.93171e-01	 5.89756e-01	-6.31506e+00	-5.72499e+00	-3.96680e+00
     46000	 3.70149e-01	 5.55224e-01	-6.28053e+00	-5.72496e+00	-3.79890e+00
     46100	 3.82561e-01	 5.73842e-01	-6.29915e+00	-5.72503e+00	-3.81737e+00
     46200	 3.24723e-01	 4.87085e-01	-6.21252e+00	-5.72507e+00	-3.48620e+00
     46300	 3.57450e-01	 5.36175e-01	-6.26161e+00	-5.72509e+00	-3.66117e+00
     46400	 4.05514e-01	 6.08272e-01	-6.33376e+00	-5.72516e+00	-3.95169e+00
     46500	 3.71353e-01	 5.57029e-01	-6.28296e+00	-5.72561e+00	-3.70881e+00
     46600	 3.92857e-01	 5.89286e-01	-6.31466e+00	-5.72504e+00	-3.88607e+00
     46700	 3.58426e-01	 5.37639e-01	-6.26285e+00	-5.72488e+00	-3.71674e+00
     46800	 3.36763e-01	 5.05145e-01	-6.23032e+00	-5.72485e+00	-3.57112e+00
     46900	 3.79754e-01	 5.69631e-01	-6.29483e+00	-5.72489e+00	-3.71471e+00
     47000	 3.84662e-01	 5.76993e-01	-6.30241e+00	-5.72509e+00	-3.77671e+00
     47100	 3.81079e-01	 5.71618e-01	-6.29687e+00	-5.72495e+00	-3.86020e+00
     47200	 3.92049e-01	 5.88074e-01	-6.31307e+00	-5.72471e+00	-3.84558e+00
     47300	 4.04227e-01	 6.06340e-01	-6.33167e+00	-5.72503e+00	-4.00791e+00
     47400	 3.93126e-01	 5.89689e-01	-6.31459e+00	-5.72458e+00	-3.97503e+00
     47500	 3.93739e-01	 5.90608e-01	-6.31606e+00	-5.72512e+00	-3.83963e+00
     47600	 4.01051e-01	 6.01577e-01	-6.32697e+00	-5.72504e+00	-4.02742e+00
     47700	 3.80935e-01	 5.71402e-01	-6.29671e+00	-5.72499e+00	-3.77383e+00
     47800	 3.83760e-01	 5.75641e-01	-6.30043e+00	-5.72450e+00	-3.88936e+00
     47900	 3.91487e-01	 5.87231e-01	-6.31238e+00	-5.72484e+00	-3.88574e+00
     48000	 3.95478e-01	 5.93217e-01	-6.31838e+00	-5.72484e+00	-3.97182e+00
     48100	 3.70259e-01	 5.55389e-01	-6.28108e+00	-5.72537e+00	-3.57956e+00
     48200	 3.43941e-01	 5.15911e-01	-6.24125e+00	-5.72503e+00	-3.55050e+00
     48300	 3.74819e-01	 5.62229e-01	-6.28770e+00	-5.72517e+00	-3.78003e+00
     48400	 3.59923e-01	 5.39885e-01	-6.26531e+00	-5.72513e+00	-3.70457e+00
     48500	 3.67726e-01	 5.51590e-01	-6.27683e+00	-5.72492e+00	-3.70567e+00
     48600	 3.78412e-01	 5.67619e-01	-6.29260e+00	-5.72467e+00	-3.77667e+00
     48700	 3.90681e-01	 5.86022e-01	-6.31126e+00	-5.72494e+00	-3.97688e+00
     48800	 4.00997e-01	 6.01495e-01	-6.32651e+00	-5.72473e+00	-3.97036e+00
     48900	 3.61217e-01	 5.41826e-01	-6.26757e+00	-5.72540e+00	-3.65274e+00
     49000	 3.68955e-01	 5.53432e-01	-6.27907e+00	-5.72529e+00	-3.73830e+00
     49100	 3.48407e-01	 5.22610e-01	-6.24802e+00	-5.72508e+00	-3.57311e+00
     49200	 3.79561e-01	 5.69341e-01	-6.29479e+00	-5.72514e+00	-3.78829e+00
     49300	 4.05421e-01	 6.08131e-01	-6.33370e+00	-5.72526e+00	-3.99245e+00
     49400	 3.89079e-01	 5.83619e-01	-6.30882e+00	-5.72492e+00	-3.85384e+00
     49500	 3.89795e-01	 5.84692e-01	-6.31022e+00	-5.72515e+00	-3.88247e+00
     49600	 3.85253e-01	 5.77879e-01	-6.30330e+00	-5.72510e+00	-3.76394e+00
     49700	 4.03747e-01	 6.05620e-01	-6.33109e+00	-5.72519e+00	-3.99060e+00
     49800	 3.92773e-01	 5.89160e-01	-6.31501e+00	-5.72555e+00	-3.90658e+00
     49900	 3.61098e-01	 5.41647e-01	-6.26804e+00	-5.72605e+00	-3.52755e+00
     50000	 3.50488e-01	 5.25732e-01	-6.25104e+00	-5.72496e+00	-3.67075e+00
     50100	 3.71504e-01	 5.57256e-01	-6.28303e+00	-5.72543e+00	-3.75112e+00
     50200	 3.43586e-01	 5.15379e-01	-6.24065e+00	-5.72493e+00	-3.50805e+00
     50300	 3.73887e-01	 5.60831e-01	-6.28636e+00	-5.72519e+00	-3.71851e+00
     50400	 3.81049e-01	 5.71573e-01	-6.29707e+00	-5.72520e+00	-3.86248e+00
     50500	 3.84429e-01	 5.76643e-01	-6.30224e+00	-5.72531e+00	-3.82942e+00
     50600	 3.47196e-01	 5.20794e-01	-6.24635e+00	-5.72521e+00	-3.59299e+00
     50700	 3.97710e-01	 5.96565e-01	-6.32160e+00	-5.72472e+00	-4.04022e+00
     50800	 3.80402e-01	 5.70603e-01	-6.29610e+00	-5.72518e+00	-3.83821e+00
     50900	 3.97273e-01	 5.95909e-01	-6.32075e+00	-5.72455e+00	-4.01629e+00
     51000	 3.64698e-01	 5.47047e-01	-6.27219e+00	-5.72482e+00	-3.77034e+00
     51100	 3.15439e-01	 4.73159e-01	-6.19900e+00	-5.72545e+00	-3.35162e+00
     51200	 3.81492e-01	 5.72239e-01	-6.29796e+00	-5.72540e+00	-3.70273e+00
     51300	 3.65260e-01	 5.47891e-01	-6.27335e+00	-5.72508e+00	-3.68355e+00
     51400	 3.97314e-01	 5.95971e-01	-6.32107e+00	-5.72479e+00	-4.03561e+00
     51500	 3.66301e-01	 5.49451e-01	-6.27479e+00	-5.72498e+00	-3.74500e+00
     51600	 4.04314e-01	 6.06470e-01	-6.33207e+00	-5.72533e+00	-3.97258e+00
     51700	 3.62034e-01	 5.43051e-01	-6.26840e+00	-5.72500e+00	-3.74634e+00
     51800	 3.68884e-01	 5.53325e-01	-6.27918e+00	-5.72552e+00	-3.59432e+00
     51900	 3.72276e-01	 5.58414e-01	-6.28403e+00	-5.72531e+00	-3.77711e+00
     52000	 3.84708e-01	 5.77062e-01	-6.30237e+00	-5.72497e+00	-3.85758e+00
     52100	 3.75577e-01	 5.63365e-01	-6.28880e+00	-5.72513e+00	-3.76634e+00
     52200	 3.56479e-01	 5.34719e-01	-6.26032e+00	-5.72528e+00	-3.57915e+00
     52300	 3.67869e-01	 5.51804e-01	-6.27748e+00	-5.72535e+00	-3.75158e+00
     52400	 3.52215e-01	 5.28322e-01	-6.25400e+00	-5.72533e+00	-3.55370e+00
     52500	 3.98940e-01	 5.98410e-01	-6.32406e+00	-5.72534e+00	-3.98991e+00
     52600	 4.04714e-01	 6.07071e-01	-6.33214e+00	-5.72477e+00	-4.06441e+00
     52700	 3.79708e-01	 5.69562e-01	-6.29494e+00	-5.72506e+00	-3.84691e+00
     52800	 3.75652e-01	 5.63478e-01	-6.28891e+00	-5.72509e+00	-3.78811e+00
     52900	 3.79033e-01	 5.68550e-01	-6.29368e+00	-5.72484e+00	-3.79057e+00
     53000	 3.87602e-01	 5.81403e-01	-6.30672e+00	-5.72501e+00	-3.90264e+00
     53100	 4.18656e-01	 6.27983e-01	-6.35323e+00	-5.72494e+00	-4.16947e+00
     53200	 3.92892e-01	 5.89339e-01	-6.31491e+00	-5.72525e+00	-3.85437e+00
     53300	 3.81493e-01	 5.72240e-01	-6.29786e+00	-5.72529e+00	-3.87114e+00
     53400	 3.55936e-01	 5.33904e-01	-6.25934e+00	-5.72512e+00	-3.65661e+00
     53500	 4.01054e-01	 6.01581e-01	-6.32670e+00	-5.72483e+00	-4.00504e+00
     53600	 3.96321e-01	 5.94482e-01	-6.31973e+00	-5.72495e+00	-3.97364e+00
     53700	 3.64336e-01	 5.46505e-01	-6.27163e+00	-5.72479e+00	-3.67815e+00
     53800	 3.74146e-01	 5.61219e-01	-6.28644e+00	-5.72489e+00	-3.84504e+00
     53900	 4.04295e-01	 6.06442e-01	-6.33195e+00	-5.72521e+00	-3.95838e+00
     54000	 3.41201e-01	 5.11802e-01	-6.23747e+00	-5.72528e+00	-3.49685e+00
     54100	 3.65125e-01	 5.47688e-01	-6.27307e+00	-5.72501e+00	-3.71591e+00
     54200	 4.00620e-01	 6.00930e-01	-6.32626e+00	-5.72501e+00	-3.96676e+00
     54300	 3.73139e-01	 5.59709e-01	-6.28465e+00	-5.72461e+00	-3.79669e+00
     54400	 3.86251e-01	 5.79376e-01	-6.30497e+00	-5.72528e+00	-3.84162e+00
     54500	 3.93266e-01	 5.89899e-01	-6.31614e+00	-5.72592e+00	-3.77028e+00
     54600	 4.05114e-01	 6.07671e-01	-6.33334e+00	-5.72537e+00	-4.03503e+00
     54700	 4.20909e-01	 6.31364e-01	-6.35657e+00	-5.72493e+00	-4.10028e+00
     54800	 3.52890e-01	 5.29335e-01	-6.25459e+00	-5.72491e+00	-3.64336e+00
     54900	 3.83213e-01	 5.74819e-01	-6.30032e+00	-5.72520e+00	-3.71979e+00
     55000	 3.97454e-01	 5.96180e-01	-6.32160e+00	-5.72509e+00	-3.97736e+00
     55100	 3.82499e-01	 5.73749e-01	-6.29903e+00	-5.72496e+00	-3.83536e+00
     55200	 3.58904e-01	 5.38357e-01	-6.26412e+00	-5.72546e+00	-3.51406e+00
     55300	 3.95144e-01	 5.92716e-01	-6.31814e+00	-5.72511e+00	-3.97372e+00
     55400	 3.34267e-01	 5.01400e-01	-6.22676e+00	-5.72499e+00	-3.56277e+00
     55500	 3.75145e-01	 5.62717e-01	-6.28856e+00	-5.72553e+00	-3.63691e+00
     55600	 3.40681e-01	 5.11021e-01	-6.23657e+00	-5.72521e+00	-3.38487e+00
     55700	 3.63533e-01	 5.45299e-01	-6.27053e+00	-5.72489e+00	-3.69786e+00
     55800	 3.88517e-01	 5.82776e-01	-6.30800e+00	-5.72485e+00	-3.87206e+00
     55900	 3.84232e-01	 5.76348e-01	-6.30220e+00	-5.72548e+00	-3.80145e+00
     56000	 4.01683e-01	 6.02525e-01	-6.32781e+00	-5.72500e+00	-3.97914e+00
     56100	 4.02849e-01	 6.04274e-01	-6.32924e+00	-5.72466e+00	-4.05789e+00
     56200	 3.56568e-01	 5.34852e-01	-6.26045e+00	-5.72530e+00	-3.61596e+00
     56300	 3.76214e-01	 5.64321e-01	-6.29012e+00	-5.72547e+00	-3.76997e+00
     56400	 3.64975e-01	 5.47462e-01	-6.27284e+00	-5.72506e+00	-3.68758e+00
     56500	 3.70538e-01	 5.55807e-01	-6.28130e+00	-5.72517e+00	-3.77305e+00
     56600	 3.57578e-01	 5.36366e-01	-6.26241e+00	-5.72569e+00	-3.57823e+00
     56700	 3.90407e-01	 5.85610e-01	-6.31101e+00	-5.72506e+00	-3.85347e+00
     56800	 3.66709e-01	 5.50064e-01	-6.27601e+00	-5.72562e+00	-3.59724e+00
     56900	 3.59344e-01	 5.39016e-01	-6.26480e+00	-5.72547e+00	-3.59777e+00
     57000	 4.02611e-01	 6.03916e-01	-6.32883e+00	-5.72462e+00	-4.01067e+00
     57100	 3.92505e-01	 5.88758e-01	-6.31351e+00	-5.72445e+00	-3.90086e+00
     57200	 3.77496e-01	 5.66244e-01	-6.29136e+00	-5.72481e+00	-3.79447e+00
     57300	 3.99794e-01	 5.99690e-01	-6.32467e+00	-5.72472e+00	-3.96843e+00
     57400	 3.67610e-01	 5.51416e-01	-6.27695e+00	-5.72517e+00	-3.76698e+00
     57500	 3.79942e-01	 5.69914e-01	-6.29537e+00	-5.72514e+00	-3.81360e+00
     57600	 4.16730e-01	 6.25095e-01	-6.35080e+00	-5.72542e+00	-3.99805e+00
     57700	 3.61749e-01	 5.42623e-01	-6.26836e+00	-5.72540e+00	-3.65034e+00
     57800	 4.03627e-01	 6.05441e-01	-6.33122e+00	-5.72551e+00	-3.94997e+00
     57900	 3.74389e-01	 5.61583e-01	-6.28766e+00	-5.72574e+00	-3.64669e+00
     58000	 3.41184e-01	 5.11776e-01	-6.23784e+00	-5.72573e+00	-3.44108e+00
     58100	 3.90630e-01	 5.85944e-01	-6.31166e+00	-5.72540e+00	-3.83365e+00
     58200	 4.06344e-01	 6.09517e-01	-6.33527e+00	-5.72542e+00	-3.99343e+00
     58300	 3.73217e-01	 5.59825e-01	-6.28494e+00	-5.72480e+00	-3.80612e+00
     58400	 3.61718e-01	 5.42576e-01	-6.26832e+00	-5.72538e+00	-3.67688e+00
     58500	 3.61350e-01	 5.42026e-01	-6.26743e+00	-5.72509e+00	-3.67132e+00
     58600	 3.65244e-01	 5.47867e-01	-6.27357e+00	-5.72538e+00	-3.62436e+00
     58700	 3.87454e-01	 5.81181e-01	-6.30667e+00	-5.72520e+00	-3.89291e+00
     58800	 3.54302e-01	 5.31454e-01	-6.25666e+00	-5.72488e+00	-3.58672e+00
     58900	 3.94554e-01	 5.91831e-01	-6.31689e+00	-5.72479e+00	-3.89841e+00
     59000	 3.84609e-01	 5.76914e-01	-6.30214e+00	-5.72493e+00	-3.87056e+00
     59100	 3.79381e-01	 5.69072e-01	-6.29488e+00	-5.72551e+00	-3.70889e+00
     59200	 3.65189e-01	 5.47783e-01	-6.27364e+00	-5.72553e+00	-3.67045e+00
     59300	 3.78044e-01	 5.67066e-01	-6.29241e+00	-5.72502e+00	-3.78674e+00
     59400	 4.08547e-01	 6.12821e-01	-6.33862e+00	-5.72551e+00	-4.02023e+00
     59500	 3.76779e-01	 5.65169e-01	-6.29055e+00	-5.72509e+00	-3.76157e+00
     59600	 3.72560e-01	 5.58840e-01	-6.28430e+00	-5.72516e+00	-3.80139e+00
     59700	 4.31277e-01	 6.46916e-01	-6.37218e+00	-5.72500e+00	-4.22915e+00
     59800	 3.84731e-01	 5.77096e-01	-6.30270e+00	-5.72529e+00	-3.84704e+00
     59900	 4.11614e-01	 6.17421e-01	-6.34240e+00	-5.72470e+00	-4.01986e+00
     60000	 3.71972e-01	 5.57958e-01	-6.28377e+00	-5.72550e+00	-3.78457e+00
     60100	 3.73770e-01	 5.60654e-01	-6.28649e+00	-5.72555e+00	-3.66537e+00
     60200	 3.48248e-01	 5.22372e-01	-6.24815e+00	-5.72542e+00	-3.52985e+00
     60300	 3.87594e-01	 5.81390e-01	-6.30673e+00	-5.72501e+00	-3.84989e+00
     60400	 3.67702e-01	 5.51553e-01	-6.27734e+00	-5.72550e+00	-3.72893e+00
     60500	 3.53034e-01	 5.29551e-01	-6.25541e+00	-5.72548e+00	-3.60805e+00
     60600	 3.64746e-01	 5.47119e-01	-6.27236e+00	-5.72489e+00	-3.71168e+00
     60700	 3.55011e-01	 5.32517e-01	-6.25781e+00	-5.72496e+00	-3.63382e+00
     60800	 3.76397e-01	 5.64596e-01	-6.29011e+00	-5.72524e+00	-3.73128e+00
     60900	 3.57310e-01	 5.35964e-01	-6.26119e+00	-5.72489e+00	-3.67614e+00
     61000	 3.98201e-01	 5.97301e-01	-6.32265e+00	-5.72504e+00	-3.93496e+00
     61100	 3.87864e-01	 5.81796e-01	-6.30723e+00	-5.72514e+00	-3.78232e+00
     61200	 3.82890e-01	 5.74335e-01	-6.29938e+00	-5.72472e+00	-3.92843e+00
     61300	 3.76663e-01	 5.64995e-01	-6.29072e+00	-5.72541e+00	-3.70926e+00
     61400	 3.58055e-01	 5.37082e-01	-6.26278e+00	-5.72535e+00	-3.67056e+00
     61500	 3.74037e-01	 5.61056e-01	-6.28606e+00	-5.72469e+00	-3.81360e+00
     61600	 3.68550e-01	 5.52825e-01	-6.27876e+00	-5.72561e+00	-3.66601e+00
     61700	 3.84554e-01	 5.76832e-01	-6.30243e+00	-5.72528e+00	-3.82276e+00
     61800	 3.80565e-01	 5.70848e-01	-6.29598e+00	-5.72481e+00	-3.82889e+00
     61900	 3.91566e-01	 5.87350e-01	-6.31277e+00	-5.72511e+00	-3.89631e+00
     62000	 4.14457e-01	 6.21685e-01	-6.34754e+00	-5.72552e+00	-3.98476e+00
     62100	 3.62043e-01	 5.43064e-01	-6.26841e+00	-5.72504e+00	-3.66859e+00
     62200	 3.68554e-01	 5.52831e-01	-6.27834e+00	-5.72520e+00	-3.73701e+00
     62300	 3.89995e-01	 5.84992e-01	-6.31063e+00	-5.72533e+00	-3.89643e+00
     62400	 4.09406e-01	 6.14108e-01	-6.33951e+00	-5.72512e+00	-4.00871e+00
     62500	 4.01901e-01	 6.02852e-01	-6.32883e+00	-5.72568e+00	-3.93026e+00
     62600	 3.96440e-01	 5.94660e-01	-6.31997e+00	-5.72501e+00	-3.96353e+00
     62700	 3.90569e-01	 5.85854e-01	-6.31162e+00	-5.72548e+00	-3.85031e+00
     62800	 3.94059e-01	 5.91088e-01	-6.31639e+00	-5.72500e+00	-3.92360e+00
     62900	 3.60600e-01	 5.40899e-01	-6.26626e+00	-5.72504e+00	-3.66800e+00
     63000	 3.46454e-01	 5.19682e-01	-6.24557e+00	-5.72554e+00	-3.40222e+00
     63100	 3.91767e-01	 5.87651e-01	-6.31314e+00	-5.72515e+00	-3.88780e+00
     63200	 3.84199e-01	 5.76298e-01	-6.30195e+00	-5.72534e+00	-3.86651e+00
     63300	 3.69262e-01	 5.53892e-01	-6.27980e+00	-5.72555e+00	-3.67970e+00
     63400	 3.68874e-01	 5.53311e-01	-6.27860e+00	-5.72497e+00	-3.76663e+00
     63500	 3.93072e-01	 5.89608e-01	-6.31538e+00	-5.72546e+00	-3.82579e+00
     63600	 3.82790e-01	 5.74184e-01	-6.30014e+00	-5.72563e+00	-3.74776e+00
     63700	 3.71615e-01	 5.57422e-01	-6.28268e+00	-5.72495e+00	-3.81864e+00
     63800	 3.82890e-01	 5.74334e-01	-6.29994e+00	-5.72527e+00	-3.80793e+00
     63900	 3.87372e-01	 5.81058e-01	-6.30664e+00	-5.72527e+00	-3.82306e+00
     64000	 3.46274e-01	 5.19411e-01	-6.24527e+00	-5.72549e+00	-3.55536e+00
     64100	 3.76502e-01	 5.64752e-01	-6.29042e+00	-5.72536e+00	-3.80226e+00
     64200	 4.04738e-01	 6.07106e-01	-6.33197e+00	-5.72460e+00	-4.00753e+00
     64300	 3.94018e-01	 5.91026e-01	-6.31631e+00	-5.72499e+00	-3.91459e+00
     64400	 3.74012e-01	 5.61018e-01	-6.28719e+00	-5.72588e+00	-3.62676e+00
     64500	 4.11374e-01	 6.17061e-01	-6.34269e+00	-5.72534e+00	-3.99622e+00
     64600	 3.67753e-01	 5.51629e-01	-6.27725e+00	-5.72528e+00	-3.67324e+00
     64700	 3.89856e-01	 5.84784e-01	-6.31030e+00	-5.72520e+00	-3.87744e+00
     64800	 3.65830e-01	 5.48744e-01	-6.27415e+00	-5.72507e+00	-3.74257e+00
     64900	 3.58754e-01	 5.38131e-01	-6.26371e+00	-5.72524e+00	-3.61378e+00
     65000	 4.02985e-01	 6.04477e-01	-6.32976e+00	-5.72500e+00	-3.92995e+00
     65100	 3.91128e-01	 5.86691e-01	-6.31197e+00	-5.72499e+00	-3.88822e+00
     65200	 3.53371e-01	 5.30056e-01	-6.25561e+00	-5.72521e+00	-3.61954e+00
     65300	 4.07028e-01	 6.10542e-01	-6.33574e+00	-5.72491e+00	-4.01992e+00
     65400	 3.54159e-01	 5.31239e-01	-6.25648e+00	-5.72488e+00	-3.64235e+00
     65500	 4.02700e-01	 6.04050e-01	-6.32934e+00	-5.72499e+00	-3.97545e+00
     65600	 3.68224e-01	 5.52336e-01	-6.27755e+00	-5.72489e+00	-3.84263e+00
     65700	 3.66741e-01	 5.50111e-01	-6.27581e+00	-5.72536e+00	-3.66785e+00
     65800	 3.55618e-01	 5.33426e-01	-6.25883e+00	-5.72504e+00	-3.70088e+00
     65900	 3.67489e-01	 5.51234e-01	-6.27646e+00	-5.72488e+00	-3.73660e+00
     66000	 4.13806e-01	 6.20710e-01	-6.34652e+00	-5.72552e+00	-3.92015e+00
     66100	 3.53812e-01	 5.30718e-01	-6.25600e+00	-5.72494e+00	-3.60707e+00
     66200	 4.26050e-01	 6.39075e-01	-6.36439e+00	-5.72503e+00	-4.15384e+00
     66300	 3.78942e-01	 5.68413e-01	-6.29380e+00	-5.72505e+00	-3.87049e+00
     66400	 3.86535e-01	 5.79803e-01	-6.30562e+00	-5.72550e+00	-3.74468e+00
     66500	 3.42961e-01	 5.14441e-01	-6.23976e+00	-5.72498e+00	-3.57137e+00
     66600	 3.89970e-01	 5.84956e-01	-6.31037e+00	-5.72509e+00	-3.89730e+00
     66700	 3.84500e-01	 5.76750e-01	-6.30197e+00	-5.72491e+00	-3.90636e+00
     66800	 3.54268e-01	 5.31402e-01	-6.25726e+00	-5.72549e+00	-3.56747e+00
     66900	 3.85220e-01	 5.77830e-01	-6.30329e+00	-5.72513e+00	-3.87796e+00
     67000	 3.90186e-01	 5.85278e-01	-6.31107e+00	-5.72548e+00	-3.78877e+00
     67100	 3.80372e-01	 5.70558e-01	-6.29588e+00	-5.72499e+00	-3.84910e+00
     67200	 3.98334e-01	 5.97500e-01	-6.32314e+00	-5.72529e+00	-3.95109e+00
     67300	 3.75821e-01	 5.63731e-01	-6.28906e+00	-5.72502e+00	-3.79745e+00
     67400	 3.79180e-01	 5.68770e-01	-6.29420e+00	-5.72512e+00	-3.79297e+00
     67500	 3.81582e-01	 5.72372e-01	-6.29809e+00	-5.72542e+00	-3.82309e+00
     67600	 3.66187e-01	 5.49280e-01	-6.27444e+00	-5.72484e+00	-3.74974e+00
     67700	 3.93262e-01	 5.89893e-01	-6.31509e+00	-5.72487e+00	-3.96768e+00
     67800	 4.06910e-01	 6.10366e-01	-6.33616e+00	-5.72550e+00	-3.90544e+00
     67900	 3.89846e-01	 5.84769e-01	-6.31046e+00	-5.72540e+00	-3.79638e+00
     68000	 3.77301e-01	 5.65952e-01	-6.29206e+00	-5.72577e+00	-3.78517e+00
     68100	 3.86573e-01	 5.79859e-01	-6.30547e+00	-5.72529e+00	-3.81834e+00
     68200	 3.79561e-01	 5.69341e-01	-6.29435e+00	-5.72471e+00	-3.86786e+00
     68300	 3.92847e-01	 5.89270e-01	-6.31493e+00	-5.72535e+00	-3.87199e+00
     68400	 3.58613e-01	 5.37919e-01	-6.26305e+00	-5.72481e+00	-3.75295e+00
     68500	 3.93096e-01	 5.89645e-01	-6.31492e+00	-5.72496e+00	-3.86866e+00
     68600	 3.73776e-01	 5.60663e-01	-6.28641e+00	-5.72544e+00	-3.79410e+00
     68700	 3.70389e-01	 5.55583e-01	-6.28132e+00	-5.72540e+00	-3.71216e+00
     68800	 3.26588e-01	 4.89882e-01	-6.21540e+00	-5.72513e+00	-3.42785e+00
     68900	 3.75851e-01	 5.63776e-01	-6.28910e+00	-5.72501e+00	-3.81053e+00
     69000	 3.86133e-01	 5.79199e-01	-6.30429e+00	-5.72475e+00	-3.86510e+00
     69100	 4.04561e-01	 6.06841e-01	-6.33210e+00	-5.72495e+00	-3.93858e+00
     69200	 3.32353e-01	 4.98530e-01	-6.22388e+00	-5.72501e+00	-3.46344e+00
     69300	 3.99462e-01	 5.99193e-01	-6.32483e+00	-5.72534e+00	-3.95808e+00
     69400	 4.14214e-01	 6.21321e-01	-6.34684e+00	-5.72523e+00	-4.10760e+00
     69500	 3.68770e-01	 5.53155e-01	-6.27880e+00	-5.72535e+00	-3.72287e+00
     69600	 3.89135e-01	 5.83703e-01	-6.30900e+00	-5.72499e+00	-3.89712e+00
     69700	 4.19384e-01	 6.29077e-01	-6.35406e+00	-5.72469e+00	-4.15614e+00
     69800	 3.68159e-01	 5.52238e-01	-6.27768e+00	-5.72511e+00	-3.70965e+00
     69900	 3.64088e-01	 5.46131e-01	-6.27132e+00	-5.72487e+00	-3.74808e+00
     70000	 3.90898e-01	 5.86346e-01	-6.31127e+00	-5.72464e+00	-3.90313e+00
     70100	 3.94826e-01	 5.92239e-01	-6.31784e+00	-5.72528e+00	-3.87620e+00
     70200	 4.19616e-01	 6.29425e-01	-6.35520e+00	-5.72549e+00	-4.08032e+00
     70300	 3.63110e-01	 5.44665e-01	-6.27024e+00	-5.72521e+00	-3.74473e+00
     70400	 3.82080e-01	 5.73120e-01	-6.29863e+00	-5.72521e+00	-3.82295e+00
     70500	 3.64054e-01	 5.46081e-01	-6.27155e+00	-5.72513e+00	-3.66636e+00
     70600	 3.65638e-01	 5.48457e-01	-6.27395e+00	-5.72512e+00	-3.77730e+00
     70700	 3.60029e-01	 5.40043e-01	-6.26583e+00	-5.72544e+00	-3.60359e+00
     70800	 3.71064e-01	 5.56596e-01	-6.28253e+00	-5.72562e+00	-3.67805e+00
     70900	 3.99418e-01	 5.99127e-01	-6.32428e+00	-5.72484e+00	-3.98723e+00
     71000	 3.40547e-01	 5.10820e-01	-6.23637e+00	-5.72521e+00	-3.54583e+00
     71100	 3.66814e-01	 5.50221e-01	-6.27654e+00	-5.72597e+00	-3.61381e+00
     71200	 3.59601e-01	 5.39401e-01	-6.26433e+00	-5.72461e+00	-3.64991e+00
     71300	 3.86692e-01	 5.80038e-01	-6.30558e+00	-5.72524e+00	-3.85318e+00
     71400	 3.94454e-01	 5.91681e-01	-6.31696e+00	-5.72497e+00	-3.95313e+00
     71500	 3.51548e-01	 5.27321e-01	-6.25280e+00	-5.72506e+00	-3.54783e+00
     71600	 3.67414e-01	 5.51121e-01	-6.27640e+00	-5.72496e+00	-3.78274e+00
     71700	 3.80840e-01	 5.71261e-01	-6.29683e+00	-5.72521e+00	-3.78080e+00
     71800	 4.15638e-01	 6.23457e-01	-6.34845e+00	-5.72471e+00	-4.09415e+00
     71900	 3.64707e-01	 5.47061e-01	-6.27264e+00	-5.72524e+00	-3.63931e+00
     72000	 3.58184e-01	 5.37276e-01	-6.26279e+00	-5.72519e+00	-3.65772e+00
     72100	 3.95258e-01	 5.92887e-01	-6.31833e+00	-5.72514e+00	-3.87393e+00
     72200	 4.08583e-01	 6.12874e-01	-6.33844e+00	-5.72527e+00	-3.98903e+00
     72300	 3.52645e-01	 5.28968e-01	-6.25437e+00	-5.72505e+00	-3.56412e+00
     72400	 3.35700e-01	 5.03550e-01	-6.22910e+00	-5.72519e+00	-3.52693e+00
     72500	 3.81438e-01	 5.72157e-01	-6.29776e+00	-5.72529e+00	-3.83661e+00
     72600	 3.51842e-01	 5.27764e-01	-6.25298e+00	-5.72488e+00	-3.63469e+00
     72700	 3.64532e-01	 5.46798e-01	-6.27209e+00	-5.72497e+00	-3.79595e+00
     72800	 4.03276e-01	 6.04914e-01	-6.33099e+00	-5.72578e+00	-3.93636e+00
     72900	 3.77992e-01	 5.66987e-01	-6.29232e+00	-5.72502e+00	-3.77016e+00
     73000	 3.69594e-01	 5.54391e-01	-6.27994e+00	-5.72522e+00	-3.76752e+00
     73100	 3.92041e-01	 5.88061e-01	-6.31366e+00	-5.72530e+00	-3.92512e+00
     73200	 3.62862e-01	 5.44294e-01	-6.27015e+00	-5.72554e+00	-3.60460e+00
     73300	 3.89941e-01	 5.84911e-01	-6.31049e+00	-5.72527e+00	-3.83322e+00
     73400	 3.77797e-01	 5.66696e-01	-6.29220e+00	-5.72514e+00	-3.81804e+00
     73500	 3.89658e-01	 5.84486e-01	-6.30960e+00	-5.72483e+00	-3.91293e+00
     73600	 3.43575e-01	 5.15363e-01	-6.24088e+00	-5.72514e+00	-3.56192e+00
     73700	 3.77163e-01	 5.65745e-01	-6.29142e+00	-5.72534e+00	-3.79652e+00
     73800	 3.98607e-01	 5.97910e-01	-6.32328e+00	-5.72505e+00	-4.00473e+00
     73900	 3.96748e-01	 5.95122e-01	-6.32094e+00	-5.72550e+00	-3.90223e+00
     74000	 3.55871e-01	 5.33807e-01	-6.25930e+00	-5.72514e+00	-3.60002e+00
     74100	 4.07667e-01	 6.11500e-01	-6.33722e+00	-5.72542e+00	-3.97066e+00
     74200	 3.92723e-01	 5.89084e-01	-6.31447e+00	-5.72506e+00	-3.94507e+00
     74300	 3.67014e-01	 5.50521e-01	-6.27599e+00	-5.72513e+00	-3.79477e+00
     74400	 3.95120e-01	 5.92679e-01	-6.31784e+00	-5.72488e+00	-3.88573e+00
     74500	 3.18909e-01	 4.78363e-01	-6.20351e+00	-5.72477e+00	-3.36664e+00
     74600	 3.94867e-01	 5.92300e-01	-6.31779e+00	-5.72517e+00	-3.94308e+00
     74700	 3.81274e-01	 5.71911e-01	-6.29791e+00	-5.72569e+00	-3.71470e+00
     74800	 3.88383e-01	 5.82574e-01	-6.30761e+00	-5.72474e+00	-3.87842e+00
     74900	 3.72851e-01	 5.59276e-01	-6.28491e+00	-5.72533e+00	-3.79703e+00
     75000	 3.56423e-01	 5.34635e-01	-6.26027e+00	-5.72530e+00	-3.67700e+00
     75100	 3.59850e-01	 5.39776e-01	-6.26520e+00	-5.72505e+00	-3.68756e+00
     75200	 3.65761e-01	 5.48642e-01	-6.27391e+00	-5.72496e+00	-3.75173e+00
     75300	 3.70927e-01	 5.56390e-01	-6.28179e+00	-5.72508e+00	-3.83194e+00
     75400	 3.79498e-01	 5.69248e-01	-6.29470e+00	-5.72515e+00	-3.77214e+00
     75500	 3.46780e-01	 5.20170e-01	-6.24555e+00	-5.72500e+00	-3.61131e+00
     75600	 3.69423e-01	 5.54135e-01	-6.27926e+00	-5.72480e+00	-3.69638e+00
     75700	 3.77083e-01	 5.65624e-01	-6.29197e+00	-5.72600e+00	-3.71181e+00
     75800	 3.82466e-01	 5.73698e-01	-6.29921e+00	-5.72518e+00	-3.89797e+00
     75900	 3.56021e-01	 5.34031e-01	-6.25991e+00	-5.72555e+00	-3.65975e+00
     76000	 3.65848e-01	 5.48772e-01	-6.27402e+00	-5.72491e+00	-3.77219e+00
     76100	 3.83741e-01	 5.75612e-01	-6.30099e+00	-5.72508e+00	-3.93139e+00
     76200	 4.12958e-01	 6.19437e-01	-6.34515e+00	-5.72544e+00	-4.00455e+00
     76300	 3.78114e-01	 5.67171e-01	-6.29234e+00	-5.72485e+00	-3.92654e+00
     76400	 3.36872e-01	 5.05308e-01	-6.23077e+00	-5.72513e+00	-3.49612e+00
     76500	 3.81559e-01	 5.72338e-01	-6.29794e+00	-5.72534e+00	-3.77621e+00
     76600	 3.76387e-01	 5.64581e-01	-6.29023e+00	-5.72536e+00	-3.78389e+00
     76700	 3.80937e-01	 5.71405e-01	-6.29637e+00	-5.72464e+00	-3.87092e+00
     76800	 3.86451e-01	 5.79676e-01	-6.30535e+00	-5.72531e+00	-3.84358e+00
     76900	 3.78604e-01	 5.67906e-01	-6.29347e+00	-5.72525e+00	-3.69832e+00
     77000	 3.95710e-01	 5.93565e-01	-6.31911e+00	-5.72523e+00	-3.93459e+00
     77100	 3.65014e-01	 5.47521e-01	-6.27290e+00	-5.72502e+00	-3.73444e+00
     77200	 3.74323e-01	 5.61484e-01	-6.28712e+00	-5.72532e+00	-3.76052e+00
     77300	 3.64109e-01	 5.46164e-01	-6.27188e+00	-5.72539e+00	-3.65283e+00
     77400	 3.72332e-01	 5.58499e-01	-6.28380e+00	-5.72496e+00	-3.78146e+00
     77500	 3.53702e-01	 5.30553e-01	-6.25603e+00	-5.72510e+00	-3.64137e+00
     77600	 3.70067e-01	 5.55100e-01	-6.28068e+00	-5.72524e+00	-3.74884e+00
     77700	 3.98211e-01	 5.97317e-01	-6.32267e+00	-5.72503e+00	-3.94179e+00
     77800	 3.43303e-01	 5.14954e-01	-6.24056e+00	-5.72526e+00	-3.53002e+00
     77900	 3.61491e-01	 5.42236e-01	-6.26805e+00	-5.72549e+00	-3.60388e+00
     78000	 3.67122e-01	 5.50683e-01	-6.27616e+00	-5.72513e+00	-3.72062e+00
     78100	 3.91362e-01	 5.87043e-01	-6.31239e+00	-5.72506e+00	-3.96877e+00
     78200	 3.76120e-01	 5.64180e-01	-6.29006e+00	-5.72556e+00	-3.72587e+00
     78300	 3.65976e-01	 5.48964e-01	-6.27535e+00	-5.72606e+00	-3.66447e+00
     78400	 3.85509e-01	 5.78263e-01	-6.30388e+00	-5.72532e+00	-3.81502e+00
     78500	 4.01432e-01	 6.02148e-01	-6.32755e+00	-5.72511e+00	-3.98518e+00
     78600	 3.70568e-01	 5.55853e-01	-6.28154e+00	-5.72540e+00	-3.74903e+00
     78700	 3.92150e-01	 5.88225e-01	-6.31418e+00	-5.72563e+00	-3.87457e+00
     78800	 3.82780e-01	 5.74170e-01	-6.29998e+00	-5.72546e+00	-3.79255e+00
     78900	 3.76048e-01	 5.64071e-01	-6.29030e+00	-5.72593e+00	-3.50417e+00
     79000	 3.63836e-01	 5.45755e-01	-6.27130e+00	-5.72521e+00	-3.72125e+00
     79100	 3.92991e-01	 5.89487e-01	-6.31440e+00	-5.72460e+00	-3.90717e+00
     79200	 4.16208e-01	 6.24311e-01	-6.35001e+00	-5.72541e+00	-3.98634e+00
     79300	 3.58234e-01	 5.37351e-01	-6.26311e+00	-5.72542e+00	-3.65073e+00
     79400	 3.71059e-01	 5.56589e-01	-6.28221e+00	-5.72527e+00	-3.67518e+00
     79500	 3.85110e-01	 5.77664e-01	-6.30273e+00	-5.72478e+00	-3.78066e+00
     79600	 3.68710e-01	 5.53065e-01	-6.27833e+00	-5.72495e+00	-3.70351e+00
     79700	 3.45792e-01	 5.18688e-01	-6.24399e+00	-5.72490e+00	-3.61282e+00
     79800	 3.81420e-01	 5.72130e-01	-6.29732e+00	-5.72487e+00	-3.83831e+00
     79900	 3.66059e-01	 5.49089e-01	-6.27482e+00	-5.72538e+00	-3.72492e+00
     80000	 3.91772e-01	 5.87658e-01	-6.31351e+00	-5.72550e+00	-3.85973e+00
     80100	 4.06615e-01	 6.09922e-01	-6.33525e+00	-5.72500e+00	-4.04050e+00
     80200	 4.00683e-01	 6.01024e-01	-6.32639e+00	-5.72506e+00	-3.95277e+00
     80300	 4.17003e-01	 6.25504e-01	-6.35061e+00	-5.72483e+00	-4.13675e+00
     80400	 3.76722e-01	 5.65083e-01	-6.29083e+00	-5.72539e+00	-3.81975e+00
     80500	 3.77576e-01	 5.66364e-01	-6.29145e+00	-5.72474e+00	-3.75741e+00
     80600	 3.76649e-01	 5.64973e-01	-6.29058e+00	-5.72525e+00	-3.82300e+00
     80700	 3.98708e-01	 5.98062e-01	-6.32364e+00	-5.72529e+00	-3.87500e+00
     80800	 3.52753e-01	 5.29129e-01	-6.25479e+00	-5.72531e+00	-3.54367e+00
     80900	 4.16882e-01	 6.25323e-01	-6.35099e+00	-5.72536e+00	-4.06935e+00
     81000	 4.15904e-01	 6.23856e-01	-6.34971e+00	-5.72554e+00	-4.03622e+00
     81100	 3.66496e-01	 5.49744e-01	-6.27520e+00	-5.72509e+00	-3.72348e+00
     81200	 3.94882e-01	 5.92323e-01	-6.31735e+00	-5.72474e+00	-3.98174e+00
     81300	 3.81194e-01	 5.71791e-01	-6.29737e+00	-5.72531e+00	-3.77912e+00
     81400	 3.94760e-01	 5.92141e-01	-6.31764e+00	-5.72518e+00	-3.92577e+00
     81500	 3.69543e-01	 5.54314e-01	-6.27964e+00	-5.72499e+00	-3.72385e+00
     81600	 4.14538e-01	 6.21807e-01	-6.34723e+00	-5.72515e+00	-4.05267e+00
     81700	 3.87593e-01	 5.81390e-01	-6.30707e+00	-5.72538e+00	-3.76565e+00
     81800	 3.77833e-01	 5.66749e-01	-6.29294e+00	-5.72583e+00	-3.76814e+00
     81900	 3.72268e-01	 5.58402e-01	-6.28357e+00	-5.72484e+00	-3.72211e+00
     82000	 3.72899e-01	 5.59349e-01	-6.28462e+00	-5.72494e+00	-3.85542e+00
     82100	 3.64489e-01	 5.46733e-01	-6.27208e+00	-5.72501e+00	-3.69872e+00
     82200	 3.69221e-01	 5.53832e-01	-6.27965e+00	-5.72549e+00	-3.69107e+00
     82300	 3.86096e-01	 5.79143e-01	-6.30469e+00	-5.72523e+00	-3.91019e+00
     82400	 4.07078e-01	 6.10617e-01	-6.33642e+00	-5.72549e+00	-3.99045e+00
     82500	 3.83728e-01	 5.75593e-01	-6.30067e+00	-5.72481e+00	-3.87042e+00
     82600	 3.82217e-01	 5.73325e-01	-6.29801e+00	-5.72443e+00	-3.80005e+00
     82700	 3.35975e-01	 5.03963e-01	-6.22976e+00	-5.72544e+00	-3.43922e+00
     82800	 4.19290e-01	 6.28936e-01	-6.35415e+00	-5.72494e+00	-4.16727e+00
     82900	 3.95548e-01	 5.93322e-01	-6.31840e+00	-5.72478e+00	-3.93549e+00
     83000	 3.78199e-01	 5.67299e-01	-6.29267e+00	-5.72506e+00	-3.81949e+00
     83100	 4.24902e-01	 6.37353e-01	-6.36292e+00	-5.72531e+00	-4.11375e+00
     83200	 4.18766e-01	 6.28149e-01	-6.35370e+00	-5.72529e+00	-4.08920e+00
     83300	 3.63746e-01	 5.45619e-01	-6.27212e+00	-5.72618e+00	-3.55817e+00
     83400	 3.80836e-01	 5.71254e-01	-6.29642e+00	-5.72487e+00	-3.82426e+00
     83500	 3.64251e-01	 5.46377e-01	-6.27178e+00	-5.72507e+00	-3.70158e+00
     83600	 3.44170e-01	 5.16255e-01	-6.24197e+00	-5.72537e+00	-3.53139e+00
     83700	 3.37882e-01	 5.06822e-01	-6.23215e+00	-5.72497e+00	-3.53796e+00
     83800	 3.92645e-01	 5.88968e-01	-6.31431e+00	-5.72504e+00	-3.85330e+00
     83900	 3.79492e-01	 5.69238e-01	-6.29434e+00	-5.72478e+00	-3.84622e+00
     84000	 3.75444e-01	 5.63165e-01	-6.28848e+00	-5.72502e+00	-3.78750e+00
     84100	 4.06781e-01	 6.10172e-01	-6.33553e+00	-5.72503e+00	-4.06157e+00
     84200	 3.63843e-01	 5.45764e-01	-6.27249e+00	-5.72639e+00	-3.52012e+00
     84300	 3.84283e-01	 5.76425e-01	-6.30226e+00	-5.72552e+00	-3.84188e+00
     84400	 4.15491e-01	 6.23236e-01	-6.34941e+00	-5.72590e+00	-3.97537e+00
     84500	 3.66752e-01	 5.50127e-01	-6.27611e+00	-5.72567e+00	-3.60791e+00
     84600	 3.46420e-01	 5.19629e-01	-6.24546e+00	-5.72548e+00	-3.53660e+00
     84700	 4.00228e-01	 6.00343e-01	-6.32566e+00	-5.72503e+00	-3.91600e+00
     84800	 3.71264e-01	 5.56897e-01	-6.28267e+00	-5.72545e+00	-3.72696e+00
     84900	 3.62875e-01	 5.44312e-01	-6.26972e+00	-5.72502e+00	-3.66907e+00
     85000	 3.96337e-01	 5.94506e-01	-6.31970e+00	-5.72489e+00	-3.93256e+00
     85100	 3.70360e-01	 5.55540e-01	-6.28073e+00	-5.72489e+00	-3.75602e+00
     85200	 3.42383e-01	 5.13574e-01	-6.23924e+00	-5.72532e+00	-3.56055e+00
     85300	 3.70893e-01	 5.56340e-01	-6.28173e+00	-5.72506e+00	-3.65535e+00
     85400	 3.81291e-01	 5.71936e-01	-6.29739e+00	-5.72514e+00	-3.74859e+00
     85500	 4.10836e-01	 6.16254e-01	-6.34182e+00	-5.72531e+00	-3.99704e+00
     85600	 4.05616e-01	 6.08424e-01	-6.33363e+00	-5.72489e+00	-4.02411e+00
     85700	 3.74923e-01	 5.62384e-01	-6.28814e+00	-5.72541e+00	-3.72757e+00
     85800	 4.22755e-01	 6.34133e-01	-6.35964e+00	-5.72524e+00	-4.16319e+00
     85900	 3.82148e-01	 5.73222e-01	-6.29898e+00	-5.72545e+00	-3.80860e+00
     86000	 3.94855e-01	 5.92283e-01	-6.31808e+00	-5.72549e+00	-3.84191e+00
     86100	 3.87107e-01	 5.80660e-01	-6.30591e+00	-5.72492e+00	-3.86747e+00
     86200	 3.70224e-01	 5.55336e-01	-6.28085e+00	-5.72521e+00	-3.73905e+00
     86300	 3.97425e-01	 5.96138e-01	-6.32190e+00	-5.72546e+00	-3.90344e+00
     86400	 3.69763e-01	 5.54644e-01	-6.28011e+00	-5.72513e+00	-3.74352e+00
     86500	 3.73040e-01	 5.59559e-01	-6.28534e+00	-5.72542e+00	-3.74395e+00
     86600	 3.65634e-01	 5.48451e-01	-6.27377e+00	-5.72500e+00	-3.69434e+00
     86700	 3.86197e-01	 5.79295e-01	-6.30479e+00	-5.72520e+00	-3.86216e+00
     86800	 3.95200e-01	 5.92800e-01	-6.31804e+00	-5.72492e+00	-3.95812e+00
     86900	 3.82133e-01	 5.73199e-01	-6.29894e+00	-5.72542e+00	-3.86188e+00
     87000	 3.88172e-01	 5.82258e-01	-6.30789e+00	-5.72530e+00	-3.93706e+00
     87100	 3.77705e-01	 5.66558e-01	-6.29230e+00	-5.72543e+00	-3.76455e+00
     87200	 3.89378e-01	 5.84067e-01	-6.30946e+00	-5.72508e+00	-3.85181e+00
     87300	 3.95203e-01	 5.92804e-01	-6.31844e+00	-5.72528e+00	-3.94212e+00
     87400	 3.58544e-01	 5.37815e-01	-6.26355e+00	-5.72544e+00	-3.57583e+00
     87500	 3.60224e-01	 5.40335e-01	-6.26592e+00	-5.72526e+00	-3.65308e+00
     87600	 4.01830e-01	 6.02746e-01	-6.32822e+00	-5.72517e+00	-3.97857e+00
     87700	 3.80939e-01	 5.71408e-01	-6.29736e+00	-5.72567e+00	-3.78932e+00
     87800	 3.38812e-01	 5.08218e-01	-6.23375e+00	-5.72521e+00	-3.48441e+00
     87900	 3.54844e-01	 5.32266e-01	-6.25761e+00	-5.72501e+00	-3.68845e+00
     88000	 3.45470e-01	 5.18205e-01	-6.24395e+00	-5.72542e+00	-3.58318e+00
     88100	 3.89106e-01	 5.83660e-01	-6.30908e+00	-5.72513e+00	-3.81911e+00
     88200	 3.89064e-01	 5.83595e-01	-6.30895e+00	-5.72502e+00	-3.81700e+00
     88300	 4.07194e-01	 6.10790e-01	-6.33623e+00	-5.72517e+00	-3.97381e+00
     88400	 3.64026e-01	 5.46039e-01	-6.27143e+00	-5.72507e+00	-3.70758e+00
     88500	 3.88965e-01	 5.83448e-01	-6.30924e+00	-5.72548e+00	-3.87253e+00
     88600	 3.74376e-01	 5.61564e-01	-6.28699e+00	-5.72511e+00	-3.80604e+00
     88700	 4.37217e-01	 6.55826e-01	-6.38134e+00	-5.72522e+00	-4.18407e+00
     88800	 3.96040e-01	 5.94061e-01	-6.31970e+00	-5.72536e+00	-3.89874e+00
     88900	 3.87614e-01	 5.81421e-01	-6.30659e+00	-5.72487e+00	-3.92980e+00
     89000	 3.74972e-01	 5.62457e-01	-6.28803e+00	-5.72522e+00	-3.75859e+00
     89100	 3.55879e-01	 5.33818e-01	-6.25982e+00	-5.72563e+00	-3.54880e+00
     89200	 3.89240e-01	 5.83861e-01	-6.30961e+00	-5.72546e+00	-3.86827e+00
     89300	 3.88385e-01	 5.82577e-01	-6.30787e+00	-5.72498e+00	-3.93225e+00
     89400	 3.61848e-01	 5.42773e-01	-6.26802e+00	-5.72498e+00	-3.69417e+00
     89500	 3.74153e-01	 5.61229e-01	-6.28591e+00	-5.72438e+00	-3.81030e+00
     89600	 3.66648e-01	 5.49972e-01	-6.27574e+00	-5.72547e+00	-3.69616e+00
     89700	 3.83458e-01	 5.75187e-01	-6.30106e+00	-5.72554e+00	-3.88924e+00
     89800	 3.82704e-01	 5.74057e-01	-6.29969e+00	-5.72533e+00	-3.82517e+00
     89900	 4.05461e-01	 6.08192e-01	-6.33316e+00	-5.72466e+00	-4.01724e+00
     90000	 3.84986e-01	 5.77479e-01	-6.30231e+00	-5.72456e+00	-3.75304e+00
     90100	 3.68320e-01	 5.52480e-01	-6.27780e+00	-5.72499e+00	-3.76021e+00
     90200	 4.03416e-01	 6.05125e-01	-6.33065e+00	-5.72521e+00	-3.97499e+00
     90300	 4.05653e-01	 6.08480e-01	-6.33402e+00	-5.72523e+00	-3.95729e+00
     90400	 3.60055e-01	 5.40082e-01	-6.26531e+00	-5.72491e+00	-3.73255e+00
     90500	 3.95645e-01	 5.93467e-01	-6.31888e+00	-5.72510e+00	-3.97722e+00
     90600	 3.59750e-01	 5.39625e-01	-6.26535e+00	-5.72541e+00	-3.57765e+00
     90700	 3.79946e-01	 5.69919e-01	-6.29521e+00	-5.72501e+00	-3.81650e+00
     90800	 3.80511e-01	 5.70767e-01	-6.29608e+00	-5.72498e+00	-3.75606e+00
     90900	 4.06183e-01	 6.09274e-01	-6.33488e+00	-5.72528e+00	-3.97482e+00
     91000	 3.44092e-01	 5.16138e-01	-6.24140e+00	-5.72494e+00	-3.56159e+00
     91100	 3.81432e-01	 5.72148e-01	-6.29774e+00	-5.72528e+00	-3.86156e+00
     91200	 3.85015e-01	 5.77523e-01	-6.30291e+00	-5.72504e+00	-3.88498e+00
     91300	 3.77199e-01	 5.65799e-01	-6.29205e+00	-5.72593e+00	-3.79352e+00
     91400	 3.79643e-01	 5.69464e-01	-6.29503e+00	-5.72525e+00	-3.81215e+00
     91500	 3.93699e-01	 5.90549e-01	-6.31611e+00	-5.72526e+00	-3.86208e+00
     91600	 3.77115e-01	 5.65673e-01	-6.29135e+00	-5.72532e+00	-3.75351e+00
     91700	 3.80661e-01	 5.70991e-01	-6.29606e+00	-5.72477e+00	-3.88832e+00
     91800	 3.96023e-01	 5.94034e-01	-6.31938e+00	-5.72508e+00	-3.89351e+00
     91900	 3.76616e-01	 5.64924e-01	-6.29057e+00	-5.72532e+00	-3.76639e+00
     92000	 3.79128e-01	 5.68693e-01	-6.29438e+00	-5.72537e+00	-3.75863e+00
     92100	 3.82396e-01	 5.73594e-01	-6.29915e+00	-5.72525e+00	-3.73082e+00
     92200	 3.72541e-01	 5.58811e-01	-6.28457e+00	-5.72542e+00	-3.70195e+00
     92300	 3.71578e-01	 5.57367e-01	-6.28312e+00	-5.72542e+00	-3.71734e+00
     92400	 3.83722e-01	 5.75582e-01	-6.30123e+00	-5.72532e+00	-3.78307e+00
     92500	 3.75960e-01	 5.63940e-01	-6.28972e+00	-5.72545e+00	-3.71795e+00
     92600	 3.85921e-01	 5.78881e-01	-6.30423e+00	-5.72501e+00	-3.86432e+00
     92700	 3.90731e-01	 5.86096e-01	-6.31131e+00	-5.72490e+00	-3.90923e+00
     92800	 3.67532e-01	 5.51298e-01	-6.27715e+00	-5.72553e+00	-3.64987e+00
     92900	 4.24223e-01	 6.36335e-01	-6.36212e+00	-5.72547e+00	-4.15926e+00
     93000	 3.56377e-01	 5.34565e-01	-6.26000e+00	-5.72510e+00	-3.65044e+00
     93100	 3.78351e-01	 5.67527e-01	-6.29297e+00	-5.72513e+00	-3.78173e+00
     93200	 3.32143e-01	 4.98214e-01	-6.22450e+00	-5.72595e+00	-3.32719e+00
     93300	 4.04258e-01	 6.06387e-01	-6.33184e+00	-5.72516e+00	-4.06320e+00
     93400	 3.75105e-01	 5.62658e-01	-6.28829e+00	-5.72531e+00	-3.75744e+00
     93500	 3.77376e-01	 5.66064e-01	-6.29146e+00	-5.72506e+00	-3.78050e+00
     93600	 3.64935e-01	 5.47403e-01	-6.27332e+00	-5.72557e+00	-3.55806e+00
     93700	 3.63013e-01	 5.44520e-01	-6.27028e+00	-5.72543e+00	-3.63597e+00
     93800	 3.49451e-01	 5.24176e-01	-6.24997e+00	-5.72540e+00	-3.54084e+00
     93900	 4.12285e-01	 6.18428e-01	-6.34430e+00	-5.72555e+00	-4.05512e+00
     94000	 3.85223e-01	 5.77834e-01	-6.30345e+00	-5.72531e+00	-3.84064e+00
     94100	 3.99256e-01	 5.98883e-01	-6.32452e+00	-5.72531e+00	-3.95642e+00
     94200	 3.67195e-01	 5.50793e-01	-6.27640e+00	-5.72525e+00	-3.77258e+00
     94300	 3.72285e-01	 5.58428e-01	-6.28448e+00	-5.72570e+00	-3.66445e+00
     94400	 3.54782e-01	 5.32173e-01	-6.25805e+00	-5.72553e+00	-3.52625e+00
     94500	 3.71789e-01	 5.57683e-01	-6.28302e+00	-5.72494e+00	-3.75699e+00
     94600	 3.38590e-01	 5.07885e-01	-6.23309e+00	-5.72486e+00	-3.53635e+00
     94700	 3.65264e-01	 5.47896e-01	-6.27328e+00	-5.72509e+00	-3.61112e+00
     94800	 3.50285e-01	 5.25428e-01	-6.25085e+00	-5.72505e+00	-3.54209e+00
     94900	 3.80665e-01	 5.70997e-01	-6.29668e+00	-5.72535e+00	-3.82526e+00
     95000	 4.13645e-01	 6.20468e-01	-6.34585e+00	-5.72508e+00	-4.07190e+00
     95100	 3.89547e-01	 5.84321e-01	-6.31004e+00	-5.72542e+00	-3.81093e+00
     95200	 3.93314e-01	 5.89971e-01	-6.31549e+00	-5.72522e+00	-3.94522e+00
     95300	 3.83268e-01	 5.74902e-01	-6.30004e+00	-5.72483e+00	-3.86994e+00
     95400	 3.61587e-01	 5.42380e-01	-6.26765e+00	-5.72491e+00	-3.69550e+00
     95500	 3.96016e-01	 5.94023e-01	-6.31966e+00	-5.72534e+00	-3.89076e+00
     95600	 3.61887e-01	 5.42830e-01	-6.26822e+00	-5.72503e+00	-3.70727e+00
     95700	 3.95800e-01	 5.93699e-01	-6.31907e+00	-5.72507e+00	-3.90929e+00
     95800	 3.79538e-01	 5.69308e-01	-6.29426e+00	-5.72465e+00	-3.79606e+00
     95900	 3.39820e-01	 5.09731e-01	-6.23517e+00	-5.72504e+00	-3.45406e+00
     96000	 3.65325e-01	 5.47987e-01	-6.27307e+00	-5.72478e+00	-3.78569e+00
     96100	 3.58432e-01	 5.37648e-01	-6.26327e+00	-5.72526e+00	-3.62839e+00
     96200	 3.68197e-01	 5.52295e-01	-6.27857e+00	-5.72595e+00	-3.56516e+00
     96300	 3.69780e-01	 5.54669e-01	-6.27982e+00	-5.72485e+00	-3.75431e+00
     96400	 3.91189e-01	 5.86784e-01	-6.31236e+00	-5.72525e+00	-3.83894e+00
     96500	 4.16045e-01	 6.24068e-01	-6.34938e+00	-5.72502e+00	-4.15058e+00
     96600	 3.56888e-01	 5.35332e-01	-6.26089e+00	-5.72524e+00	-3.69419e+00
     96700	 3.73895e-01	 5.60843e-01	-6.28647e+00	-5.72529e+00	-3.73818e+00
     96800	 3.39326e-01	 5.08988e-01	-6.23485e+00	-5.72552e+00	-3.55122e+00
     96900	 3.71578e-01	 5.57366e-01	-6.28241e+00	-5.72475e+00	-3.73173e+00
     97000	 3.85118e-01	 5.77677e-01	-6.30293e+00	-5.72496e+00	-3.91908e+00
     97100	 3.65239e-01	 5.47858e-01	-6.27356e+00	-5.72539e+00	-3.75724e+00
     97200	 3.43942e-01	 5.15913e-01	-6.24132e+00	-5.72505e+00	-3.57528e+00
     97300	 3.90509e-01	 5.85764e-01	-6.31084e+00	-5.72478e+00	-3.92045e+00
     97400	 3.80364e-01	 5.70546e-01	-6.29624e+00	-5.72537e+00	-3.76620e+00
     97500	 3.50111e-01	 5.25167e-01	-6.25035e+00	-5.72486e+00	-3.57917e+00
     97600	 3.99625e-01	 5.99438e-01	-6.32492e+00	-5.72516e+00	-3.94868e+00
     97700	 3.68057e-01	 5.52086e-01	-6.27742e+00	-5.72504e+00	-3.73654e+00
     97800	 4.19139e-01	 6.28708e-01	-6.35385e+00	-5.72482e+00	-4.18338e+00
     97900	 4.03906e-01	 6.05858e-01	-6.33122e+00	-5.72506e+00	-3.99488e+00
     98000	 3.76992e-01	 5.65488e-01	-6.29071e+00	-5.72492e+00	-3.83505e+00
     98100	 3.72820e-01	 5.59230e-01	-6.28465e+00	-5.72510e+00	-3.78394e+00
     98200	 4.00416e-01	 6.00624e-01	-6.32601e+00	-5.72509e+00	-3.98053e+00
     98300	 3.76376e-01	 5.64564e-01	-6.28975e+00	-5.72488e+00	-3.82011e+00
     98400	 3.74066e-01	 5.61100e-01	-6.28648e+00	-5.72505e+00	-3.66093e+00
     98500	 3.29357e-01	 4.94036e-01	-6.21951e+00	-5.72507e+00	-3.41709e+00
     98600	 3.47433e-01	 5.21149e-01	-6.24673e+00	-5.72527e+00	-3.50515e+00
     98700	 3.84725e-01	 5.77088e-01	-6.30219e+00	-5.72477e+00	-3.82974e+00
     98800	 3.75946e-01	 5.63919e-01	-6.28895e+00	-5.72473e+00	-3.84617e+00
     98900	 3.94397e-01	 5.91596e-01	-6.31711e+00	-5.72521e+00	-3.95444e+00
     99000	 3.81159e-01	 5.71739e-01	-6.29704e+00	-5.72499e+00	-3.83032e+00
     99100	 3.53867e-01	 5.30801e-01	-6.25633e+00	-5.72516e+00	-3.64795e+00
     99200	 3.44899e-01	 5.17348e-01	-6.24276e+00	-5.72508e+00	-3.51438e+00
     99300	 3.76255e-01	 5.64383e-01	-6.28982e+00	-5.72507e+00	-3.84318e+00
     99400	 3.72951e-01	 5.59427e-01	-6.28560e+00	-5.72585e+00	-3.70808e+00
     99500	 3.51807e-01	 5.27711e-01	-6.25326e+00	-5.72520e+00	-3.60760e+00
     99600	 3.82386e-01	 5.73579e-01	-6.29904e+00	-5.72516e+00	-3.82696e+00
     99700	 3.58475e-01	 5.37712e-01	-6.26335e+00	-5.72525e+00	-3.62879e+00
     99800	 3.43183e-01	 5.14774e-01	-6.24002e+00	-5.72490e+00	-3.54147e+00
     99900	 3.80283e-01	 5.70425e-01	-6.29584e+00	-5.72508e+00	-3.77368e+00
    100000	 3.80480e-01	 5.70720e-01	-6.29620e+00	-5.72517e+00	-3.71190e+00
