100  3.84223e-01  5.76335e-01 -6.70379e+00 -6.12746e+00 -3.74482e+00
200  3.73230e-01  5.59845e-01 -6.68562e+00 -6.12577e+00 -3.67854e+00
300  3.67857e-01  5.51785e-01 -6.67553e+00 -6.12374e+00 -3.65194e+00
400  3.97089e-01  5.95633e-01 -6.72221e+00 -6.12658e+00 -3.85770e+00
500  3.67719e-01  5.51579e-01 -6.67602e+00 -6.12444e+00 -3.61592e+00
600  3.78232e-01  5.67348e-01 -6.69202e+00 -6.12468e+00 -3.73404e+00
700  3.85471e-01  5.78207e-01 -6.70533e+00 -6.12713e+00 -3.80938e+00
800  3.91480e-01  5.87220e-01 -6.71223e+00 -6.12501e+00 -3.82220e+00
900  3.59825e-01  5.39737e-01 -6.66229e+00 -6.12255e+00 -3.58832e+00
1000  3.77592e-01  5.66388e-01 -6.68994e+00 -6.12355e+00 -3.67376e+00
1100  3.90941e-01  5.86411e-01 -6.71076e+00 -6.12435e+00 -3.82619e+00
1200  3.83258e-01  5.74887e-01 -6.70126e+00 -6.12637e+00 -3.80572e+00
1300  3.76006e-01  5.64009e-01 -6.68766e+00 -6.12365e+00 -3.65064e+00
1400  3.84859e-01  5.77289e-01 -6.70059e+00 -6.12330e+00 -3.78418e+00
1500  3.84336e-01  5.76503e-01 -6.70126e+00 -6.12476e+00 -3.74221e+00
1600  3.74909e-01  5.62363e-01 -6.68239e+00 -6.12003e+00 -3.64746e+00
1700  3.85667e-01  5.78500e-01 -6.69718e+00 -6.11868e+00 -3.74643e+00
1800  3.90723e-01  5.86085e-01 -6.70821e+00 -6.12212e+00 -3.77647e+00
1900  3.95632e-01  5.93448e-01 -6.71324e+00 -6.11979e+00 -3.82950e+00
2000  3.80902e-01  5.71353e-01 -6.69070e+00 -6.11934e+00 -3.67462e+00
2100  3.68371e-01  5.52556e-01 -6.67227e+00 -6.11972e+00 -3.54005e+00
2200  3.82429e-01  5.73644e-01 -6.69431e+00 -6.12067e+00 -3.70215e+00
2300  3.53337e-01  5.30005e-01 -6.64811e+00 -6.11810e+00 -3.48823e+00
2400  3.74192e-01  5.61288e-01 -6.68094e+00 -6.11966e+00 -3.63048e+00
2500  3.75709e-01  5.63563e-01 -6.68402e+00 -6.12046e+00 -3.67467e+00
2600  3.81551e-01  5.72326e-01 -6.69266e+00 -6.12034e+00 -3.70362e+00
2700  3.65239e-01  5.47859e-01 -6.66596e+00 -6.11810e+00 -3.58944e+00
2800  3.63430e-01  5.45144e-01 -6.66326e+00 -6.11811e+00 -3.56908e+00
2900  3.78448e-01  5.67672e-01 -6.68622e+00 -6.11855e+00 -3.68179e+00
3000  3.83614e-01  5.75421e-01 -6.69277e+00 -6.11735e+00 -3.72429e+00
3100  3.65382e-01  5.48074e-01 -6.66631e+00 -6.11824e+00 -3.60273e+00
3200  3.97504e-01  5.96256e-01 -6.71521e+00 -6.11895e+00 -3.85375e+00
3300  3.90463e-01  5.85695e-01 -6.70520e+00 -6.11951e+00 -3.75327e+00
3400  3.79680e-01  5.69519e-01 -6.68621e+00 -6.11669e+00 -3.73833e+00
3500  3.80830e-01  5.71245e-01 -6.69027e+00 -6.11903e+00 -3.70137e+00
3600  3.75484e-01  5.63227e-01 -6.68033e+00 -6.11710e+00 -3.68144e+00
3700  3.79389e-01  5.69084e-01 -6.68533e+00 -6.11624e+00 -3.65051e+00
3800  3.84266e-01  5.76399e-01 -6.69183e+00 -6.11543e+00 -3.74155e+00
3900  3.87111e-01  5.80667e-01 -6.69564e+00 -6.11497e+00 -3.71637e+00
4000  3.66562e-01  5.49843e-01 -6.66326e+00 -6.11342e+00 -3.60133e+00
4100  3.59944e-01  5.39917e-01 -6.65373e+00 -6.11381e+00 -3.53307e+00
4200  3.73270e-01  5.59904e-01 -6.67188e+00 -6.11197e+00 -3.60890e+00
4300  3.70667e-01  5.56000e-01 -6.66769e+00 -6.11169e+00 -3.55520e+00
4400  3.88168e-01  5.82252e-01 -6.69800e+00 -6.11575e+00 -3.73907e+00
4500  3.73446e-01  5.60169e-01 -6.67293e+00 -6.11276e+00 -3.59748e+00
4600  3.72048e-01  5.58073e-01 -6.67190e+00 -6.11383e+00 -3.60285e+00
4700  3.89051e-01  5.83577e-01 -6.69837e+00 -6.11479e+00 -3.75082e+00
4800  3.78496e-01  5.67744e-01 -6.68356e+00 -6.11582e+00 -3.64562e+00
4900  3.65691e-01  5.48536e-01 -6.66363e+00 -6.11510e+00 -3.57991e+00
5000  3.86923e-01  5.80384e-01 -6.69467e+00 -6.11429e+00 -3.70594e+00
