100  2.88219e-01  4.32329e-01 -6.56010e+00 -6.12777e+00 -3.19702e+00
200  3.38263e-01  5.07395e-01 -6.63580e+00 -6.12841e+00 -3.40116e+00
300  3.35010e-01  5.02515e-01 -6.63103e+00 -6.12852e+00 -3.37865e+00
400  3.59169e-01  5.38754e-01 -6.66725e+00 -6.12850e+00 -3.59716e+00
500  3.64390e-01  5.46584e-01 -6.67513e+00 -6.12854e+00 -3.58351e+00
600  3.82435e-01  5.73652e-01 -6.70214e+00 -6.12849e+00 -3.74238e+00
700  3.74205e-01  5.61308e-01 -6.68991e+00 -6.12860e+00 -3.72427e+00
800  3.82538e-01  5.73807e-01 -6.70230e+00 -6.12849e+00 -3.78449e+00
900  3.75381e-01  5.63072e-01 -6.69156e+00 -6.12849e+00 -3.70946e+00
1000  3.78847e-01  5.68270e-01 -6.69682e+00 -6.12855e+00 -3.71119e+00
1100  3.85438e-01  5.78158e-01 -6.70664e+00 -6.12848e+00 -3.71736e+00
1200  3.85655e-01  5.78483e-01 -6.70710e+00 -6.12862e+00 -3.72824e+00
1300  3.89346e-01  5.84019e-01 -6.71253e+00 -6.12851e+00 -3.77603e+00
1400  3.84871e-01  5.77306e-01 -6.70582e+00 -6.12852e+00 -3.75191e+00
1500  3.71110e-01  5.56664e-01 -6.68504e+00 -6.12838e+00 -3.67439e+00
1600  3.72827e-01  5.59241e-01 -6.68762e+00 -6.12838e+00 -3.69737e+00
1700  3.81462e-01  5.72193e-01 -6.70050e+00 -6.12831e+00 -3.76389e+00
1800  3.87670e-01  5.81505e-01 -6.70977e+00 -6.12826e+00 -3.78765e+00
1900  3.77518e-01  5.66277e-01 -6.69447e+00 -6.12819e+00 -3.74664e+00
2000  3.90543e-01  5.85814e-01 -6.71420e+00 -6.12838e+00 -3.84425e+00
2100  3.79409e-01  5.69114e-01 -6.69745e+00 -6.12834e+00 -3.73516e+00
2200  3.70809e-01  5.56213e-01 -6.68469e+00 -6.12847e+00 -3.65472e+00
2300  3.86210e-01  5.79315e-01 -6.70792e+00 -6.12861e+00 -3.74540e+00
2400  3.70091e-01  5.55136e-01 -6.68367e+00 -6.12853e+00 -3.64345e+00
2500  3.84638e-01  5.76957e-01 -6.70538e+00 -6.12842e+00 -3.74360e+00
2600  3.89112e-01  5.83667e-01 -6.71219e+00 -6.12852e+00 -3.81142e+00
2700  3.76466e-01  5.64698e-01 -6.69317e+00 -6.12848e+00 -3.69429e+00
2800  3.93062e-01  5.89593e-01 -6.71794e+00 -6.12835e+00 -3.78793e+00
2900  3.74127e-01  5.61190e-01 -6.68957e+00 -6.12838e+00 -3.64119e+00
3000  3.79592e-01  5.69387e-01 -6.69776e+00 -6.12837e+00 -3.68151e+00
3100  3.76859e-01  5.65288e-01 -6.69353e+00 -6.12825e+00 -3.67653e+00
3200  3.96160e-01  5.94240e-01 -6.72246e+00 -6.12822e+00 -3.84105e+00
3300  3.83265e-01  5.74898e-01 -6.70328e+00 -6.12838e+00 -3.73242e+00
3400  3.67730e-01  5.51596e-01 -6.68006e+00 -6.12847e+00 -3.63980e+00
3500  3.89570e-01  5.84355e-01 -6.71282e+00 -6.12847e+00 -3.78691e+00
3600  3.93721e-01  5.90582e-01 -6.71906e+00 -6.12848e+00 -3.81531e+00
3700  3.82113e-01  5.73170e-01 -6.70165e+00 -6.12848e+00 -3.71171e+00
3800  3.80879e-01  5.71318e-01 -6.69975e+00 -6.12843e+00 -3.68938e+00
3900  3.75134e-01  5.62700e-01 -6.69107e+00 -6.12837e+00 -3.67581e+00
4000  3.86951e-01  5.80427e-01 -6.70891e+00 -6.12849e+00 -3.78818e+00
4100  3.84671e-01  5.77007e-01 -6.70541e+00 -6.12840e+00 -3.77871e+00
4200  3.74369e-01  5.61554e-01 -6.68993e+00 -6.12838e+00 -3.71260e+00
4300  3.88129e-01  5.82193e-01 -6.71062e+00 -6.12843e+00 -3.82146e+00
4400  3.74734e-01  5.62102e-01 -6.69045e+00 -6.12835e+00 -3.72642e+00
4500  3.87099e-01  5.80648e-01 -6.70896e+00 -6.12831e+00 -3.77651e+00
4600  3.76145e-01  5.64217e-01 -6.69253e+00 -6.12831e+00 -3.67587e+00
4700  3.64855e-01  5.47282e-01 -6.67548e+00 -6.12820e+00 -3.65792e+00
4800  3.82267e-01  5.73401e-01 -6.70173e+00 -6.12832e+00 -3.75180e+00
4900  3.79492e-01  5.69238e-01 -6.69768e+00 -6.12845e+00 -3.75409e+00
5000  3.78743e-01  5.68114e-01 -6.69662e+00 -6.12851e+00 -3.74882e+00
