100  3.71567e-01  5.57351e-01 -6.68494e+00 -6.12759e+00 -3.68612e+00
200  3.89154e-01  5.83731e-01 -6.71111e+00 -6.12738e+00 -3.79892e+00
300  3.92996e-01  5.89494e-01 -6.71737e+00 -6.12788e+00 -3.79473e+00
400  3.76961e-01  5.65442e-01 -6.69286e+00 -6.12742e+00 -3.70927e+00
500  3.79695e-01  5.69543e-01 -6.69731e+00 -6.12776e+00 -3.72991e+00
600  3.84032e-01  5.76048e-01 -6.70368e+00 -6.12763e+00 -3.76096e+00
700  3.62106e-01  5.43159e-01 -6.67079e+00 -6.12763e+00 -3.60767e+00
800  3.84212e-01  5.76318e-01 -6.70362e+00 -6.12731e+00 -3.78354e+00
900  3.74752e-01  5.62127e-01 -6.68927e+00 -6.12714e+00 -3.72586e+00
1000  3.78919e-01  5.68378e-01 -6.69596e+00 -6.12758e+00 -3.71957e+00
1100  3.87197e-01  5.80796e-01 -6.70828e+00 -6.12748e+00 -3.82217e+00
1200  3.79671e-01  5.69507e-01 -6.69697e+00 -6.12746e+00 -3.74763e+00
1300  3.74501e-01  5.61752e-01 -6.68931e+00 -6.12755e+00 -3.71282e+00
1400  3.93284e-01  5.89926e-01 -6.71766e+00 -6.12773e+00 -3.84871e+00
1500  3.84888e-01  5.77332e-01 -6.70463e+00 -6.12730e+00 -3.75356e+00
1600  3.63776e-01  5.45663e-01 -6.67314e+00 -6.12748e+00 -3.63570e+00
1700  3.88436e-01  5.82654e-01 -6.71114e+00 -6.12848e+00 -3.69682e+00
1800  3.78878e-01  5.68318e-01 -6.69536e+00 -6.12704e+00 -3.76688e+00
1900  3.70676e-01  5.56014e-01 -6.68335e+00 -6.12733e+00 -3.65523e+00
2000  3.83640e-01  5.75460e-01 -6.70313e+00 -6.12767e+00 -3.72556e+00
2100  3.86119e-01  5.79179e-01 -6.70664e+00 -6.12746e+00 -3.80790e+00
2200  3.94336e-01  5.91503e-01 -6.71925e+00 -6.12775e+00 -3.86569e+00
2300  3.89995e-01  5.84993e-01 -6.71265e+00 -6.12766e+00 -3.81738e+00
2400  3.82668e-01  5.74002e-01 -6.70184e+00 -6.12784e+00 -3.75008e+00
2500  3.78649e-01  5.67974e-01 -6.69572e+00 -6.12774e+00 -3.75873e+00
2600  3.99829e-01  5.99744e-01 -6.72745e+00 -6.12771e+00 -3.88260e+00
2700  4.04036e-01  6.06054e-01 -6.73395e+00 -6.12790e+00 -3.94954e+00
2800  3.78447e-01  5.67670e-01 -6.69552e+00 -6.12785e+00 -3.74830e+00
2900  3.72478e-01  5.58717e-01 -6.68625e+00 -6.12753e+00 -3.67586e+00
3000  3.72674e-01  5.59012e-01 -6.68667e+00 -6.12766e+00 -3.69475e+00
3100  3.80858e-01  5.71287e-01 -6.69895e+00 -6.12767e+00 -3.73009e+00
3200  3.66706e-01  5.50059e-01 -6.67755e+00 -6.12749e+00 -3.62263e+00
3300  3.81322e-01  5.71983e-01 -6.69954e+00 -6.12755e+00 -3.72216e+00
3400  3.78783e-01  5.68175e-01 -6.69556e+00 -6.12738e+00 -3.74782e+00
3500  3.66048e-01  5.49072e-01 -6.67672e+00 -6.12765e+00 -3.63881e+00
3600  3.90110e-01  5.85165e-01 -6.71341e+00 -6.12824e+00 -3.78931e+00
3700  3.90410e-01  5.85616e-01 -6.71372e+00 -6.12810e+00 -3.81823e+00
3800  3.86676e-01  5.80013e-01 -6.70770e+00 -6.12768e+00 -3.79318e+00
3900  3.65393e-01  5.48089e-01 -6.67486e+00 -6.12677e+00 -3.66510e+00
4000  3.71972e-01  5.57958e-01 -6.68574e+00 -6.12778e+00 -3.64538e+00
4100  3.82015e-01  5.73022e-01 -6.70057e+00 -6.12754e+00 -3.78598e+00
4200  3.67772e-01  5.51658e-01 -6.67887e+00 -6.12722e+00 -3.64559e+00
4300  3.73607e-01  5.60410e-01 -6.68776e+00 -6.12735e+00 -3.70976e+00
4400  3.84349e-01  5.76523e-01 -6.70457e+00 -6.12805e+00 -3.74895e+00
4500  3.85868e-01  5.78802e-01 -6.70595e+00 -6.12715e+00 -3.77597e+00
4600  3.75571e-01  5.63356e-01 -6.69073e+00 -6.12737e+00 -3.71885e+00
4700  3.85016e-01  5.77525e-01 -6.70584e+00 -6.12831e+00 -3.74921e+00
4800  3.76902e-01  5.65353e-01 -6.69328e+00 -6.12793e+00 -3.64388e+00
4900  3.69181e-01  5.53771e-01 -6.68156e+00 -6.12779e+00 -3.59876e+00
5000  3.85997e-01  5.78995e-01 -6.70661e+00 -6.12761e+00 -3.77968e+00
