100  3.82455e-01  5.73682e-01 -6.70195e+00 -6.12826e+00 -3.78268e+00
200  3.72562e-01  5.58843e-01 -6.68703e+00 -6.12819e+00 -3.69485e+00
300  3.70604e-01  5.55907e-01 -6.68415e+00 -6.12824e+00 -3.64735e+00
400  3.94649e-01  5.91974e-01 -6.72009e+00 -6.12811e+00 -3.82828e+00
500  4.10989e-01  6.16484e-01 -6.74475e+00 -6.12827e+00 -3.94154e+00
600  3.80795e-01  5.71193e-01 -6.69955e+00 -6.12836e+00 -3.74052e+00
700  3.95563e-01  5.93345e-01 -6.72142e+00 -6.12808e+00 -3.85014e+00
800  3.67852e-01  5.51778e-01 -6.67995e+00 -6.12817e+00 -3.64200e+00
900  3.87977e-01  5.81966e-01 -6.70985e+00 -6.12789e+00 -3.81284e+00
1000  3.84879e-01  5.77319e-01 -6.70568e+00 -6.12836e+00 -3.80224e+00
1100  3.81333e-01  5.71999e-01 -6.70012e+00 -6.12812e+00 -3.73679e+00
1200  3.70783e-01  5.56174e-01 -6.68448e+00 -6.12830e+00 -3.58710e+00
1300  3.89643e-01  5.84464e-01 -6.71269e+00 -6.12823e+00 -3.81646e+00
1400  3.98046e-01  5.97068e-01 -6.72524e+00 -6.12817e+00 -3.83874e+00
1500  3.65477e-01  5.48215e-01 -6.67646e+00 -6.12824e+00 -3.61505e+00
1600  3.72360e-01  5.58540e-01 -6.68696e+00 -6.12842e+00 -3.70350e+00
1700  3.92125e-01  5.88188e-01 -6.71620e+00 -6.12801e+00 -3.88396e+00
1800  3.90053e-01  5.85080e-01 -6.71354e+00 -6.12846e+00 -3.81133e+00
1900  3.68356e-01  5.52535e-01 -6.68071e+00 -6.12818e+00 -3.62136e+00
2000  3.79851e-01  5.69777e-01 -6.69819e+00 -6.12842e+00 -3.74078e+00
2100  3.86027e-01  5.79040e-01 -6.70725e+00 -6.12821e+00 -3.77437e+00
2200  3.68424e-01  5.52636e-01 -6.68089e+00 -6.12825e+00 -3.67103e+00
2300  3.79607e-01  5.69411e-01 -6.69753e+00 -6.12812e+00 -3.75641e+00
2400  3.80044e-01  5.70066e-01 -6.69836e+00 -6.12830e+00 -3.75772e+00
2500  3.69431e-01  5.54146e-01 -6.68217e+00 -6.12803e+00 -3.68270e+00
2600  3.81824e-01  5.72735e-01 -6.70104e+00 -6.12831e+00 -3.74775e+00
2700  3.73649e-01  5.60473e-01 -6.68859e+00 -6.12812e+00 -3.67238e+00
2800  3.76215e-01  5.64322e-01 -6.69249e+00 -6.12816e+00 -3.66561e+00
2900  3.86046e-01  5.79069e-01 -6.70717e+00 -6.12810e+00 -3.80546e+00
3000  3.83698e-01  5.75548e-01 -6.70363e+00 -6.12808e+00 -3.80290e+00
3100  3.71010e-01  5.56514e-01 -6.68483e+00 -6.12832e+00 -3.65381e+00
3200  3.85076e-01  5.77614e-01 -6.70584e+00 -6.12823e+00 -3.78334e+00
3300  3.87809e-01  5.81714e-01 -6.70988e+00 -6.12816e+00 -3.80308e+00
3400  3.81002e-01  5.71503e-01 -6.69975e+00 -6.12825e+00 -3.75351e+00
3500  3.95634e-01  5.93450e-01 -6.72156e+00 -6.12811e+00 -3.84188e+00
3600  3.75217e-01  5.62825e-01 -6.69112e+00 -6.12829e+00 -3.72476e+00
3700  3.74895e-01  5.62342e-01 -6.69045e+00 -6.12811e+00 -3.67336e+00
3800  3.90086e-01  5.85129e-01 -6.71340e+00 -6.12827e+00 -3.81619e+00
3900  3.91917e-01  5.87875e-01 -6.71583e+00 -6.12795e+00 -3.87568e+00
4000  3.86729e-01  5.80093e-01 -6.70820e+00 -6.12810e+00 -3.79863e+00
4100  3.73689e-01  5.60533e-01 -6.68871e+00 -6.12818e+00 -3.72776e+00
4200  3.68417e-01  5.52626e-01 -6.68096e+00 -6.12834e+00 -3.63322e+00
4300  3.94304e-01  5.91457e-01 -6.71960e+00 -6.12814e+00 -3.85472e+00
4400  3.83539e-01  5.75309e-01 -6.70357e+00 -6.12827e+00 -3.76892e+00
4500  3.83247e-01  5.74870e-01 -6.70320e+00 -6.12833e+00 -3.75603e+00
4600  3.89813e-01  5.84720e-01 -6.71282e+00 -6.12810e+00 -3.84558e+00
4700  3.79733e-01  5.69599e-01 -6.69787e+00 -6.12827e+00 -3.73122e+00
4800  3.98293e-01  5.97439e-01 -6.72555e+00 -6.12811e+00 -3.90727e+00
4900  3.97131e-01  5.95696e-01 -6.72375e+00 -6.12806e+00 -3.88263e+00
5000  3.65711e-01  5.48567e-01 -6.67651e+00 -6.12795e+00 -3.68611e+00
