100  3.74075e-01  5.61113e-01 -6.68953e+00 -6.12842e+00 -3.72234e+00
200  3.84196e-01  5.76294e-01 -6.70463e+00 -6.12833e+00 -3.74706e+00
300  3.79054e-01  5.68581e-01 -6.69680e+00 -6.12822e+00 -3.72844e+00
400  3.93280e-01  5.89921e-01 -6.71820e+00 -6.12828e+00 -3.78456e+00
500  3.80484e-01  5.70726e-01 -6.69908e+00 -6.12836e+00 -3.73287e+00
600  3.81434e-01  5.72151e-01 -6.70043e+00 -6.12828e+00 -3.70060e+00
700  3.80371e-01  5.70556e-01 -6.69880e+00 -6.12825e+00 -3.75003e+00
800  3.82051e-01  5.73077e-01 -6.70127e+00 -6.12819e+00 -3.73560e+00
900  3.70333e-01  5.55500e-01 -6.68379e+00 -6.12829e+00 -3.68005e+00
1000  3.77876e-01  5.66814e-01 -6.69487e+00 -6.12806e+00 -3.72027e+00
1100  3.79635e-01  5.69452e-01 -6.69784e+00 -6.12839e+00 -3.75450e+00
1200  3.82008e-01  5.73012e-01 -6.70126e+00 -6.12825e+00 -3.76366e+00
1300  3.91176e-01  5.86765e-01 -6.71484e+00 -6.12807e+00 -3.87328e+00
1400  3.76944e-01  5.65416e-01 -6.69358e+00 -6.12816e+00 -3.72348e+00
1500  3.86815e-01  5.80223e-01 -6.70838e+00 -6.12815e+00 -3.81972e+00
1600  3.74260e-01  5.61389e-01 -6.68960e+00 -6.12821e+00 -3.71648e+00
1700  3.79859e-01  5.69789e-01 -6.69802e+00 -6.12823e+00 -3.71987e+00
1800  3.90738e-01  5.86107e-01 -6.71447e+00 -6.12836e+00 -3.79866e+00
1900  3.80182e-01  5.70273e-01 -6.69842e+00 -6.12814e+00 -3.75781e+00
2000  3.94072e-01  5.91108e-01 -6.71934e+00 -6.12823e+00 -3.86182e+00
2100  3.72828e-01  5.59241e-01 -6.68759e+00 -6.12835e+00 -3.65356e+00
2200  3.92950e-01  5.89425e-01 -6.71766e+00 -6.12823e+00 -3.84388e+00
2300  3.54373e-01  5.31560e-01 -6.65972e+00 -6.12816e+00 -3.52980e+00
2400  3.86996e-01  5.80494e-01 -6.70888e+00 -6.12838e+00 -3.77387e+00
2500  3.79764e-01  5.69647e-01 -6.69803e+00 -6.12838e+00 -3.69075e+00
2600  3.76653e-01  5.64980e-01 -6.69340e+00 -6.12842e+00 -3.70142e+00
2700  3.69430e-01  5.54146e-01 -6.68244e+00 -6.12830e+00 -3.69568e+00
2800  3.81898e-01  5.72847e-01 -6.70097e+00 -6.12812e+00 -3.79548e+00
2900  3.79074e-01  5.68611e-01 -6.69664e+00 -6.12803e+00 -3.72207e+00
3000  3.83228e-01  5.74841e-01 -6.70298e+00 -6.12814e+00 -3.75984e+00
3100  3.86679e-01  5.80019e-01 -6.70813e+00 -6.12812e+00 -3.81468e+00
3200  3.67098e-01  5.50648e-01 -6.67900e+00 -6.12836e+00 -3.61849e+00
3300  3.85689e-01  5.78533e-01 -6.70671e+00 -6.12818e+00 -3.81307e+00
3400  3.75174e-01  5.62760e-01 -6.69073e+00 -6.12797e+00 -3.74133e+00
3500  3.80342e-01  5.70513e-01 -6.69863e+00 -6.12812e+00 -3.74993e+00
3600  3.77056e-01  5.65584e-01 -6.69389e+00 -6.12831e+00 -3.71221e+00
3700  3.99318e-01  5.98977e-01 -6.72707e+00 -6.12810e+00 -3.90545e+00
3800  3.81327e-01  5.71990e-01 -6.70058e+00 -6.12859e+00 -3.74653e+00
3900  3.73537e-01  5.60306e-01 -6.68854e+00 -6.12823e+00 -3.73343e+00
4000  3.68911e-01  5.53366e-01 -6.68167e+00 -6.12830e+00 -3.67535e+00
4100  3.87011e-01  5.80517e-01 -6.70876e+00 -6.12825e+00 -3.78118e+00
4200  3.87095e-01  5.80643e-01 -6.70898e+00 -6.12833e+00 -3.80166e+00
4300  3.90323e-01  5.85484e-01 -6.71361e+00 -6.12813e+00 -3.79635e+00
4400  3.81512e-01  5.72268e-01 -6.70067e+00 -6.12840e+00 -3.75542e+00
4500  3.57766e-01  5.36650e-01 -6.66480e+00 -6.12815e+00 -3.62499e+00
4600  3.75806e-01  5.63709e-01 -6.69183e+00 -6.12812e+00 -3.69728e+00
4700  3.73877e-01  5.60816e-01 -6.68903e+00 -6.12822e+00 -3.72432e+00
4800  3.89938e-01  5.84908e-01 -6.71305e+00 -6.12814e+00 -3.84772e+00
4900  3.90410e-01  5.85615e-01 -6.71398e+00 -6.12837e+00 -3.81208e+00
5000  3.88379e-01  5.82568e-01 -6.71103e+00 -6.12846e+00 -3.75125e+00
