100  3.82207e-01  5.73310e-01 -6.70099e+00 -6.12768e+00 -3.73232e+00
200  3.90650e-01  5.85976e-01 -6.71405e+00 -6.12808e+00 -3.75689e+00
300  3.73661e-01  5.60492e-01 -6.68856e+00 -6.12806e+00 -3.70055e+00
400  4.01959e-01  6.02938e-01 -6.73071e+00 -6.12778e+00 -3.88767e+00
500  3.78221e-01  5.67332e-01 -6.69490e+00 -6.12757e+00 -3.77545e+00
600  3.90419e-01  5.85628e-01 -6.71345e+00 -6.12783e+00 -3.80037e+00
700  3.91790e-01  5.87686e-01 -6.71539e+00 -6.12770e+00 -3.83081e+00
800  3.72487e-01  5.58731e-01 -6.68656e+00 -6.12783e+00 -3.70730e+00
900  3.66897e-01  5.50346e-01 -6.67784e+00 -6.12749e+00 -3.64718e+00
1000  3.61944e-01  5.42916e-01 -6.67060e+00 -6.12768e+00 -3.61190e+00
1100  3.92132e-01  5.88197e-01 -6.71583e+00 -6.12763e+00 -3.86171e+00
1200  3.82920e-01  5.74380e-01 -6.70228e+00 -6.12790e+00 -3.76666e+00
1300  3.80023e-01  5.70034e-01 -6.69795e+00 -6.12792e+00 -3.72966e+00
1400  3.78368e-01  5.67552e-01 -6.69485e+00 -6.12729e+00 -3.75453e+00
1500  3.86774e-01  5.80161e-01 -6.70774e+00 -6.12758e+00 -3.76945e+00
1600  3.74749e-01  5.62124e-01 -6.68956e+00 -6.12743e+00 -3.65364e+00
1700  3.86299e-01  5.79449e-01 -6.70757e+00 -6.12812e+00 -3.79472e+00
1800  3.88841e-01  5.83262e-01 -6.71136e+00 -6.12809e+00 -3.73647e+00
1900  3.88625e-01  5.82937e-01 -6.71083e+00 -6.12790e+00 -3.77915e+00
2000  3.77241e-01  5.65861e-01 -6.69374e+00 -6.12788e+00 -3.72853e+00
2100  3.89764e-01  5.84646e-01 -6.71254e+00 -6.12790e+00 -3.78558e+00
2200  3.87951e-01  5.81927e-01 -6.70980e+00 -6.12788e+00 -3.78083e+00
2300  3.74669e-01  5.62004e-01 -6.68957e+00 -6.12756e+00 -3.73491e+00
2400  3.67241e-01  5.50862e-01 -6.67822e+00 -6.12736e+00 -3.64739e+00
2500  3.79503e-01  5.69254e-01 -6.69656e+00 -6.12731e+00 -3.79514e+00
2600  3.90038e-01  5.85057e-01 -6.71302e+00 -6.12796e+00 -3.78023e+00
2700  3.91528e-01  5.87292e-01 -6.71499e+00 -6.12770e+00 -3.84713e+00
2800  3.75269e-01  5.62904e-01 -6.69058e+00 -6.12768e+00 -3.70354e+00
2900  3.73094e-01  5.59641e-01 -6.68742e+00 -6.12778e+00 -3.69987e+00
3000  3.73816e-01  5.60724e-01 -6.68875e+00 -6.12803e+00 -3.69053e+00
3100  3.71083e-01  5.56624e-01 -6.68421e+00 -6.12759e+00 -3.66573e+00
3200  3.80470e-01  5.70705e-01 -6.69869e+00 -6.12799e+00 -3.76279e+00
3300  3.76050e-01  5.64076e-01 -6.69180e+00 -6.12772e+00 -3.73821e+00
3400  3.81916e-01  5.72873e-01 -6.70054e+00 -6.12766e+00 -3.75610e+00
3500  3.79253e-01  5.68880e-01 -6.69682e+00 -6.12794e+00 -3.74975e+00
3600  3.90143e-01  5.85214e-01 -6.71318e+00 -6.12797e+00 -3.85116e+00
3700  3.68080e-01  5.52119e-01 -6.68010e+00 -6.12798e+00 -3.66091e+00
3800  3.77863e-01  5.66794e-01 -6.69452e+00 -6.12772e+00 -3.73967e+00
3900  3.82073e-01  5.73109e-01 -6.70094e+00 -6.12783e+00 -3.72584e+00
4000  3.74060e-01  5.61089e-01 -6.68885e+00 -6.12777e+00 -3.68858e+00
4100  3.94698e-01  5.92047e-01 -6.72002e+00 -6.12798e+00 -3.84179e+00
4200  3.84186e-01  5.76279e-01 -6.70401e+00 -6.12773e+00 -3.77547e+00
4300  3.86607e-01  5.79910e-01 -6.70764e+00 -6.12773e+00 -3.80616e+00
4400  3.91327e-01  5.86990e-01 -6.71502e+00 -6.12803e+00 -3.83605e+00
4500  3.92952e-01  5.89428e-01 -6.71702e+00 -6.12759e+00 -3.85881e+00
4600  3.70452e-01  5.55678e-01 -6.68299e+00 -6.12731e+00 -3.66407e+00
4700  3.66263e-01  5.49395e-01 -6.67734e+00 -6.12795e+00 -3.66616e+00
4800  3.78340e-01  5.67509e-01 -6.69529e+00 -6.12778e+00 -3.77676e+00
4900  3.74392e-01  5.61588e-01 -6.68889e+00 -6.12730e+00 -3.71565e+00
5000  3.63675e-01  5.45512e-01 -6.67325e+00 -6.12774e+00 -3.53805e+00
