100  3.91500e-01  5.87250e-01 -6.71498e+00 -6.12773e+00 -3.76489e+00
200  3.86575e-01  5.79862e-01 -6.70579e+00 -6.12592e+00 -3.75478e+00
300  3.50741e-01  5.26111e-01 -6.65038e+00 -6.12427e+00 -3.51780e+00
400  3.61427e-01  5.42141e-01 -6.66678e+00 -6.12464e+00 -3.65000e+00
500  3.69777e-01  5.54665e-01 -6.68024e+00 -6.12558e+00 -3.66564e+00
600  3.72808e-01  5.59212e-01 -6.68486e+00 -6.12565e+00 -3.67880e+00
700  3.78188e-01  5.67283e-01 -6.69406e+00 -6.12678e+00 -3.68199e+00
800  3.94970e-01  5.92455e-01 -6.71857e+00 -6.12611e+00 -3.87634e+00
900  3.67113e-01  5.50670e-01 -6.67563e+00 -6.12496e+00 -3.67195e+00
1000  3.66363e-01  5.49544e-01 -6.67524e+00 -6.12569e+00 -3.59651e+00
1100  3.64459e-01  5.46689e-01 -6.67104e+00 -6.12435e+00 -3.59380e+00
1200  3.82809e-01  5.74213e-01 -6.69811e+00 -6.12390e+00 -3.74374e+00
1300  3.80016e-01  5.70024e-01 -6.69439e+00 -6.12437e+00 -3.71764e+00
1400  3.77846e-01  5.66769e-01 -6.69353e+00 -6.12677e+00 -3.68367e+00
1500  3.86135e-01  5.79202e-01 -6.70611e+00 -6.12691e+00 -3.75544e+00
1600  3.65216e-01  5.47823e-01 -6.67520e+00 -6.12738e+00 -3.63787e+00
1700  3.76453e-01  5.64680e-01 -6.69123e+00 -6.12655e+00 -3.70168e+00
1800  3.86998e-01  5.80497e-01 -6.70850e+00 -6.12800e+00 -3.80387e+00
1900  3.78262e-01  5.67392e-01 -6.69374e+00 -6.12635e+00 -3.69900e+00
2000  3.57466e-01  5.36199e-01 -6.66180e+00 -6.12560e+00 -3.55477e+00
2100  3.78918e-01  5.68378e-01 -6.69463e+00 -6.12625e+00 -3.76991e+00
2200  3.57318e-01  5.35977e-01 -6.65871e+00 -6.12273e+00 -3.56570e+00
2300  3.69552e-01  5.54328e-01 -6.67794e+00 -6.12361e+00 -3.65349e+00
2400  3.71078e-01  5.56617e-01 -6.67960e+00 -6.12298e+00 -3.67526e+00
2500  3.65329e-01  5.47994e-01 -6.67074e+00 -6.12274e+00 -3.58343e+00
2600  3.92340e-01  5.88510e-01 -6.71210e+00 -6.12359e+00 -3.81758e+00
2700  3.76773e-01  5.65159e-01 -6.68808e+00 -6.12292e+00 -3.68325e+00
2800  3.81369e-01  5.72054e-01 -6.69518e+00 -6.12313e+00 -3.74698e+00
2900  3.64222e-01  5.46333e-01 -6.66982e+00 -6.12349e+00 -3.63293e+00
3000  3.66858e-01  5.50288e-01 -6.67394e+00 -6.12365e+00 -3.61278e+00
3100  3.90411e-01  5.85617e-01 -6.71090e+00 -6.12528e+00 -3.76206e+00
3200  3.60302e-01  5.40453e-01 -6.66313e+00 -6.12268e+00 -3.58551e+00
3300  3.95178e-01  5.92766e-01 -6.71594e+00 -6.12317e+00 -3.82605e+00
3400  3.94379e-01  5.91569e-01 -6.71278e+00 -6.12121e+00 -3.79320e+00
3500  3.74427e-01  5.61641e-01 -6.68300e+00 -6.12136e+00 -3.68723e+00
3600  3.64919e-01  5.47379e-01 -6.66957e+00 -6.12220e+00 -3.59917e+00
3700  3.62075e-01  5.43113e-01 -6.66449e+00 -6.12138e+00 -3.58313e+00
3800  3.88870e-01  5.83305e-01 -6.70536e+00 -6.12206e+00 -3.78802e+00
3900  3.86738e-01  5.80107e-01 -6.70102e+00 -6.12091e+00 -3.78207e+00
4000  3.78510e-01  5.67765e-01 -6.68862e+00 -6.12085e+00 -3.67510e+00
4100  3.68276e-01  5.52414e-01 -6.67361e+00 -6.12120e+00 -3.64294e+00
4200  3.54934e-01  5.32401e-01 -6.65375e+00 -6.12134e+00 -3.52003e+00
4300  3.76363e-01  5.64544e-01 -6.68495e+00 -6.12041e+00 -3.70834e+00
4400  3.81202e-01  5.71802e-01 -6.69146e+00 -6.11966e+00 -3.69897e+00
4500  3.96093e-01  5.94139e-01 -6.71234e+00 -6.11820e+00 -3.81836e+00
4600  3.81373e-01  5.72059e-01 -6.69191e+00 -6.11986e+00 -3.66877e+00
4700  3.92003e-01  5.88005e-01 -6.70875e+00 -6.12074e+00 -3.78775e+00
4800  3.75454e-01  5.63182e-01 -6.68369e+00 -6.12050e+00 -3.65641e+00
4900  3.85012e-01  5.77517e-01 -6.69640e+00 -6.11888e+00 -3.73688e+00
5000  3.77768e-01  5.66651e-01 -6.68389e+00 -6.11724e+00 -3.69946e+00
