100  3.75355e-01  5.63033e-01 -6.69117e+00 -6.12813e+00 -3.70738e+00
200  3.87541e-01  5.81311e-01 -6.70939e+00 -6.12808e+00 -3.78461e+00
300  3.70609e-01  5.55914e-01 -6.68410e+00 -6.12818e+00 -3.65053e+00
400  3.67917e-01  5.51876e-01 -6.68010e+00 -6.12822e+00 -3.65650e+00
500  3.91566e-01  5.87349e-01 -6.71589e+00 -6.12854e+00 -3.74391e+00
600  3.87749e-01  5.81623e-01 -6.70972e+00 -6.12810e+00 -3.79342e+00
700  3.83470e-01  5.75205e-01 -6.70321e+00 -6.12801e+00 -3.75582e+00
800  3.72603e-01  5.58905e-01 -6.68712e+00 -6.12821e+00 -3.71477e+00
900  3.79167e-01  5.68750e-01 -6.69699e+00 -6.12824e+00 -3.73630e+00
1000  3.81721e-01  5.72582e-01 -6.70065e+00 -6.12807e+00 -3.74459e+00
1100  3.72470e-01  5.58705e-01 -6.68709e+00 -6.12839e+00 -3.62195e+00
1200  3.90441e-01  5.85662e-01 -6.71379e+00 -6.12813e+00 -3.80756e+00
1300  3.87857e-01  5.81785e-01 -6.70988e+00 -6.12810e+00 -3.84957e+00
1400  3.88395e-01  5.82592e-01 -6.71099e+00 -6.12840e+00 -3.71615e+00
1500  3.74804e-01  5.62205e-01 -6.69077e+00 -6.12856e+00 -3.63403e+00
1600  3.76750e-01  5.65125e-01 -6.69347e+00 -6.12834e+00 -3.69931e+00
1700  3.87969e-01  5.81954e-01 -6.71008e+00 -6.12813e+00 -3.79393e+00
1800  3.89289e-01  5.83934e-01 -6.71193e+00 -6.12800e+00 -3.80977e+00
1900  3.80444e-01  5.70666e-01 -6.69872e+00 -6.12805e+00 -3.77911e+00
2000  3.90007e-01  5.85010e-01 -6.71306e+00 -6.12805e+00 -3.77871e+00
2100  3.85419e-01  5.78129e-01 -6.70615e+00 -6.12802e+00 -3.83202e+00
2200  3.76159e-01  5.64239e-01 -6.69225e+00 -6.12801e+00 -3.73011e+00
2300  3.68018e-01  5.52027e-01 -6.68010e+00 -6.12807e+00 -3.60903e+00
2400  3.74518e-01  5.61777e-01 -6.68979e+00 -6.12801e+00 -3.72154e+00
2500  3.85334e-01  5.78001e-01 -6.70613e+00 -6.12813e+00 -3.77782e+00
2600  3.70510e-01  5.55765e-01 -6.68383e+00 -6.12806e+00 -3.70873e+00
2700  3.57975e-01  5.36963e-01 -6.66533e+00 -6.12837e+00 -3.51829e+00
2800  3.79700e-01  5.69549e-01 -6.69783e+00 -6.12828e+00 -3.66996e+00
2900  3.78405e-01  5.67607e-01 -6.69560e+00 -6.12799e+00 -3.73471e+00
3000  3.63476e-01  5.45214e-01 -6.67353e+00 -6.12832e+00 -3.62454e+00
3100  3.83600e-01  5.75400e-01 -6.70342e+00 -6.12802e+00 -3.78407e+00
3200  3.86067e-01  5.79100e-01 -6.70704e+00 -6.12794e+00 -3.76590e+00
3300  3.88851e-01  5.83276e-01 -6.71148e+00 -6.12820e+00 -3.84239e+00
3400  3.80623e-01  5.70934e-01 -6.69917e+00 -6.12824e+00 -3.76809e+00
3500  3.74304e-01  5.61456e-01 -6.68946e+00 -6.12800e+00 -3.68822e+00
3600  3.92675e-01  5.89012e-01 -6.71704e+00 -6.12803e+00 -3.81238e+00
3700  3.83700e-01  5.75550e-01 -6.70360e+00 -6.12805e+00 -3.79169e+00
3800  3.80684e-01  5.71027e-01 -6.69922e+00 -6.12819e+00 -3.73845e+00
3900  3.90888e-01  5.86332e-01 -6.71456e+00 -6.12823e+00 -3.76633e+00
4000  3.91129e-01  5.86694e-01 -6.71454e+00 -6.12785e+00 -3.82665e+00
4100  3.71727e-01  5.57591e-01 -6.68581e+00 -6.12822e+00 -3.68162e+00
4200  3.77515e-01  5.66272e-01 -6.69451e+00 -6.12824e+00 -3.69365e+00
4300  3.75796e-01  5.63694e-01 -6.69191e+00 -6.12822e+00 -3.70366e+00
4400  3.94656e-01  5.91984e-01 -6.72012e+00 -6.12813e+00 -3.84809e+00
4500  3.67236e-01  5.50854e-01 -6.67888e+00 -6.12803e+00 -3.64408e+00
4600  3.62517e-01  5.43775e-01 -6.67169e+00 -6.12792e+00 -3.65313e+00
4700  3.71166e-01  5.56748e-01 -6.68503e+00 -6.12828e+00 -3.67758e+00
4800  3.74127e-01  5.61191e-01 -6.68918e+00 -6.12799e+00 -3.69594e+00
4900  3.76233e-01  5.64349e-01 -6.69245e+00 -6.12810e+00 -3.73255e+00
5000  3.60473e-01  5.40710e-01 -6.66876e+00 -6.12805e+00 -3.62577e+00
