100  3.34989e-01  5.02484e-01 -6.63097e+00 -6.12849e+00 -3.37843e+00
200  3.82404e-01  5.73606e-01 -6.70208e+00 -6.12847e+00 -3.74215e+00
300  3.75377e-01  5.63066e-01 -6.69152e+00 -6.12845e+00 -3.70924e+00
400  3.85647e-01  5.78470e-01 -6.70707e+00 -6.12860e+00 -3.72814e+00
500  3.71066e-01  5.56599e-01 -6.68495e+00 -6.12835e+00 -3.67404e+00
600  3.87656e-01  5.81484e-01 -6.70974e+00 -6.12825e+00 -3.78736e+00
700  3.79353e-01  5.69030e-01 -6.69735e+00 -6.12832e+00 -3.73405e+00
800  3.70098e-01  5.55147e-01 -6.68364e+00 -6.12849e+00 -3.64354e+00
900  3.75873e-01  5.63809e-01 -6.69225e+00 -6.12844e+00 -3.68985e+00
1000  3.79455e-01  5.69182e-01 -6.69753e+00 -6.12835e+00 -3.68168e+00
1100  3.83036e-01  5.74553e-01 -6.70289e+00 -6.12834e+00 -3.72984e+00
1200  3.92048e-01  5.88072e-01 -6.71654e+00 -6.12847e+00 -3.80424e+00
1300  3.76923e-01  5.65384e-01 -6.69379e+00 -6.12840e+00 -3.68178e+00
1400  3.70370e-01  5.55555e-01 -6.68392e+00 -6.12837e+00 -3.69253e+00
1500  3.85303e-01  5.77954e-01 -6.70628e+00 -6.12833e+00 -3.77661e+00
1600  3.73600e-01  5.60400e-01 -6.68878e+00 -6.12839e+00 -3.66380e+00
1700  3.79978e-01  5.69967e-01 -6.69837e+00 -6.12840e+00 -3.74714e+00
1800  3.74741e-01  5.62111e-01 -6.69037e+00 -6.12825e+00 -3.73152e+00
1900  3.88332e-01  5.82499e-01 -6.71086e+00 -6.12836e+00 -3.81648e+00
2000  3.74911e-01  5.62366e-01 -6.69061e+00 -6.12824e+00 -3.72403e+00
2100  3.68630e-01  5.52946e-01 -6.68119e+00 -6.12825e+00 -3.69447e+00
2200  3.96566e-01  5.94849e-01 -6.72307e+00 -6.12822e+00 -3.88720e+00
2300  3.87391e-01  5.81086e-01 -6.70949e+00 -6.12840e+00 -3.80503e+00
2400  3.74161e-01  5.61241e-01 -6.68954e+00 -6.12830e+00 -3.69311e+00
2500  3.90417e-01  5.85625e-01 -6.71378e+00 -6.12816e+00 -3.76787e+00
2600  3.80707e-01  5.71061e-01 -6.69920e+00 -6.12814e+00 -3.74511e+00
2700  3.97220e-01  5.95831e-01 -6.72412e+00 -6.12829e+00 -3.85584e+00
2800  3.80367e-01  5.70551e-01 -6.69885e+00 -6.12830e+00 -3.70651e+00
2900  3.97437e-01  5.96156e-01 -6.72456e+00 -6.12840e+00 -3.86795e+00
3000  3.79776e-01  5.69664e-01 -6.69811e+00 -6.12844e+00 -3.70841e+00
3100  3.97634e-01  5.96451e-01 -6.72463e+00 -6.12818e+00 -3.84829e+00
3200  3.76168e-01  5.64253e-01 -6.69253e+00 -6.12827e+00 -3.70816e+00
3300  3.71521e-01  5.57282e-01 -6.68552e+00 -6.12824e+00 -3.71396e+00
3400  3.72761e-01  5.59142e-01 -6.68739e+00 -6.12825e+00 -3.71930e+00
3500  3.82396e-01  5.73594e-01 -6.70191e+00 -6.12831e+00 -3.76469e+00
3600  3.93244e-01  5.89867e-01 -6.71832e+00 -6.12845e+00 -3.78250e+00
3700  3.72389e-01  5.58583e-01 -6.68691e+00 -6.12833e+00 -3.65775e+00
3800  3.74665e-01  5.61997e-01 -6.69026e+00 -6.12827e+00 -3.72462e+00
3900  3.75286e-01  5.62929e-01 -6.69126e+00 -6.12833e+00 -3.75023e+00
4000  3.86858e-01  5.80287e-01 -6.70854e+00 -6.12825e+00 -3.82891e+00
4100  3.82354e-01  5.73531e-01 -6.70172e+00 -6.12819e+00 -3.74598e+00
4200  3.79869e-01  5.69803e-01 -6.69821e+00 -6.12841e+00 -3.73075e+00
4300  3.69905e-01  5.54857e-01 -6.68338e+00 -6.12853e+00 -3.61445e+00
4400  3.76147e-01  5.64220e-01 -6.69268e+00 -6.12846e+00 -3.71061e+00
4500  3.88375e-01  5.82562e-01 -6.71095e+00 -6.12839e+00 -3.87365e+00
4600  3.84545e-01  5.76818e-01 -6.70511e+00 -6.12829e+00 -3.80493e+00
4700  3.63671e-01  5.45506e-01 -6.67384e+00 -6.12833e+00 -3.58652e+00
4800  4.07707e-01  6.11561e-01 -6.73978e+00 -6.12822e+00 -3.99153e+00
4900  3.67686e-01  5.51529e-01 -6.67997e+00 -6.12844e+00 -3.63939e+00
5000  3.78528e-01  5.67792e-01 -6.69606e+00 -6.12827e+00 -3.77177e+00
