100  3.59110e-01  5.38665e-01 -6.66710e+00 -6.12843e+00 -3.59647e+00
200  3.82518e-01  5.73777e-01 -6.70222e+00 -6.12844e+00 -3.78407e+00
300  3.85640e-01  5.78460e-01 -6.70704e+00 -6.12858e+00 -3.72805e+00
400  3.72768e-01  5.59152e-01 -6.68748e+00 -6.12833e+00 -3.69678e+00
500  3.90547e-01  5.85821e-01 -6.71417e+00 -6.12835e+00 -3.84395e+00
600  3.70108e-01  5.55162e-01 -6.68363e+00 -6.12847e+00 -3.64367e+00
700  3.93087e-01  5.89631e-01 -6.71794e+00 -6.12831e+00 -3.78664e+00
800  3.96571e-01  5.94856e-01 -6.72304e+00 -6.12818e+00 -3.84318e+00
900  3.90263e-01  5.85394e-01 -6.71389e+00 -6.12850e+00 -3.79185e+00
1000  3.86291e-01  5.79437e-01 -6.70782e+00 -6.12839e+00 -3.78970e+00
1100  3.74040e-01  5.61060e-01 -6.68920e+00 -6.12814e+00 -3.71790e+00
1200  3.72601e-01  5.58901e-01 -6.68720e+00 -6.12830e+00 -3.69200e+00
1300  3.89023e-01  5.83534e-01 -6.71193e+00 -6.12840e+00 -3.80338e+00
1400  3.59796e-01  5.39693e-01 -6.66813e+00 -6.12844e+00 -3.54796e+00
1500  3.88859e-01  5.83288e-01 -6.71146e+00 -6.12818e+00 -3.82919e+00
1600  3.85251e-01  5.77876e-01 -6.70615e+00 -6.12827e+00 -3.82311e+00
1700  3.91969e-01  5.87954e-01 -6.71613e+00 -6.12818e+00 -3.83514e+00
1800  3.73991e-01  5.60986e-01 -6.68925e+00 -6.12827e+00 -3.67851e+00
1900  3.83097e-01  5.74646e-01 -6.70295e+00 -6.12831e+00 -3.75038e+00
2000  3.89353e-01  5.84030e-01 -6.71248e+00 -6.12845e+00 -3.79499e+00
2100  3.93822e-01  5.90733e-01 -6.71903e+00 -6.12830e+00 -3.84801e+00
2200  3.73294e-01  5.59941e-01 -6.68832e+00 -6.12838e+00 -3.69762e+00
2300  3.74117e-01  5.61175e-01 -6.68945e+00 -6.12828e+00 -3.74472e+00
2400  3.82414e-01  5.73620e-01 -6.70199e+00 -6.12837e+00 -3.73285e+00
2500  3.68445e-01  5.52667e-01 -6.68118e+00 -6.12851e+00 -3.61936e+00
2600  3.90071e-01  5.85106e-01 -6.71343e+00 -6.12833e+00 -3.78283e+00
2700  3.95402e-01  5.93103e-01 -6.72129e+00 -6.12818e+00 -3.89077e+00
2800  3.72017e-01  5.58025e-01 -6.68640e+00 -6.12838e+00 -3.68450e+00
2900  3.84387e-01  5.76580e-01 -6.70501e+00 -6.12843e+00 -3.77257e+00
3000  3.75221e-01  5.62831e-01 -6.69138e+00 -6.12855e+00 -3.68963e+00
3100  3.90365e-01  5.85547e-01 -6.71378e+00 -6.12824e+00 -3.86637e+00
3200  3.64376e-01  5.46564e-01 -6.67488e+00 -6.12832e+00 -3.61506e+00
3300  3.72691e-01  5.59037e-01 -6.68745e+00 -6.12842e+00 -3.72350e+00
3400  3.66652e-01  5.49979e-01 -6.67858e+00 -6.12860e+00 -3.61263e+00
3500  3.64417e-01  5.46626e-01 -6.67516e+00 -6.12854e+00 -3.60099e+00
3600  3.93878e-01  5.90816e-01 -6.71905e+00 -6.12823e+00 -3.86561e+00
3700  3.85802e-01  5.78703e-01 -6.70697e+00 -6.12826e+00 -3.78715e+00
3800  3.85417e-01  5.78126e-01 -6.70643e+00 -6.12831e+00 -3.79097e+00
3900  4.02567e-01  6.03850e-01 -6.73207e+00 -6.12822e+00 -3.89224e+00
4000  3.82979e-01  5.74469e-01 -6.70265e+00 -6.12818e+00 -3.74805e+00
4100  3.75851e-01  5.63776e-01 -6.69202e+00 -6.12825e+00 -3.75853e+00
4200  3.85529e-01  5.78294e-01 -6.70660e+00 -6.12831e+00 -3.76394e+00
4300  3.92519e-01  5.88778e-01 -6.71720e+00 -6.12842e+00 -3.82197e+00
4400  3.67491e-01  5.51236e-01 -6.67970e+00 -6.12847e+00 -3.66452e+00
4500  3.74751e-01  5.62126e-01 -6.69053e+00 -6.12841e+00 -3.73913e+00
4600  3.84424e-01  5.76636e-01 -6.70494e+00 -6.12830e+00 -3.75554e+00
4700  3.87018e-01  5.80526e-01 -6.70874e+00 -6.12822e+00 -3.79854e+00
4800  3.81341e-01  5.72011e-01 -6.70052e+00 -6.12851e+00 -3.74120e+00
4900  3.90512e-01  5.85769e-01 -6.71399e+00 -6.12822e+00 -3.76806e+00
5000  3.81641e-01  5.72461e-01 -6.70089e+00 -6.12843e+00 -3.77013e+00
