100  3.87885e-01  5.81828e-01 -6.70922e+00 -6.12739e+00 -3.81165e+00
200  3.72002e-01  5.58003e-01 -6.68513e+00 -6.12713e+00 -3.66874e+00
300  3.86055e-01  5.79083e-01 -6.70617e+00 -6.12708e+00 -3.82795e+00
400  3.80112e-01  5.70168e-01 -6.69738e+00 -6.12722e+00 -3.73848e+00
500  3.84018e-01  5.76027e-01 -6.70251e+00 -6.12648e+00 -3.76976e+00
600  3.85257e-01  5.77885e-01 -6.70579e+00 -6.12791e+00 -3.83246e+00
700  3.69129e-01  5.53694e-01 -6.68040e+00 -6.12670e+00 -3.63702e+00
800  3.84484e-01  5.76726e-01 -6.70405e+00 -6.12733e+00 -3.81280e+00
900  3.91524e-01  5.87287e-01 -6.71501e+00 -6.12773e+00 -3.82533e+00
1000  3.90125e-01  5.85188e-01 -6.71298e+00 -6.12779e+00 -3.84289e+00
1100  3.79771e-01  5.69656e-01 -6.69706e+00 -6.12740e+00 -3.70785e+00
1200  3.82723e-01  5.74085e-01 -6.70171e+00 -6.12762e+00 -3.76454e+00
1300  3.73552e-01  5.60329e-01 -6.68742e+00 -6.12709e+00 -3.70559e+00
1400  3.98060e-01  5.97090e-01 -6.72465e+00 -6.12756e+00 -3.90793e+00
1500  3.72165e-01  5.58247e-01 -6.68507e+00 -6.12683e+00 -3.68019e+00
1600  3.73075e-01  5.59613e-01 -6.68624e+00 -6.12663e+00 -3.67947e+00
1700  3.75719e-01  5.63579e-01 -6.68992e+00 -6.12634e+00 -3.70876e+00
1800  3.75246e-01  5.62868e-01 -6.69013e+00 -6.12726e+00 -3.70955e+00
1900  3.66576e-01  5.49864e-01 -6.67648e+00 -6.12661e+00 -3.67182e+00
2000  3.87085e-01  5.80627e-01 -6.70843e+00 -6.12780e+00 -3.75557e+00
2100  3.84200e-01  5.76299e-01 -6.70388e+00 -6.12758e+00 -3.72883e+00
2200  3.87478e-01  5.81217e-01 -6.70916e+00 -6.12794e+00 -3.78965e+00
2300  3.83274e-01  5.74911e-01 -6.70222e+00 -6.12731e+00 -3.76524e+00
2400  3.83998e-01  5.75997e-01 -6.70324e+00 -6.12724e+00 -3.71669e+00
2500  3.80689e-01  5.71034e-01 -6.69821e+00 -6.12718e+00 -3.73064e+00
2600  3.83399e-01  5.75099e-01 -6.70236e+00 -6.12727e+00 -3.76941e+00
2700  3.87365e-01  5.81048e-01 -6.70839e+00 -6.12734e+00 -3.78987e+00
2800  3.85389e-01  5.78083e-01 -6.70517e+00 -6.12709e+00 -3.76913e+00
2900  3.75212e-01  5.62818e-01 -6.68955e+00 -6.12673e+00 -3.72378e+00
3000  3.71845e-01  5.57768e-01 -6.68527e+00 -6.12751e+00 -3.67356e+00
3100  3.91404e-01  5.87106e-01 -6.71420e+00 -6.12709e+00 -3.78005e+00
3200  3.86965e-01  5.80447e-01 -6.70712e+00 -6.12667e+00 -3.85850e+00
3300  3.83057e-01  5.74586e-01 -6.70218e+00 -6.12760e+00 -3.73377e+00
3400  3.78479e-01  5.67718e-01 -6.69500e+00 -6.12729e+00 -3.74454e+00
3500  3.82200e-01  5.73300e-01 -6.70123e+00 -6.12793e+00 -3.69955e+00
3600  3.82628e-01  5.73942e-01 -6.70069e+00 -6.12675e+00 -3.77307e+00
3700  3.68068e-01  5.52102e-01 -6.67874e+00 -6.12664e+00 -3.65473e+00
3800  3.55074e-01  5.32611e-01 -6.65925e+00 -6.12663e+00 -3.52507e+00
3900  3.60371e-01  5.40557e-01 -6.66704e+00 -6.12649e+00 -3.58304e+00
4000  3.76203e-01  5.64304e-01 -6.69153e+00 -6.12723e+00 -3.73188e+00
4100  3.81611e-01  5.72417e-01 -6.69919e+00 -6.12677e+00 -3.79320e+00
4200  3.75463e-01  5.63195e-01 -6.69057e+00 -6.12738e+00 -3.67649e+00
4300  3.73652e-01  5.60478e-01 -6.68744e+00 -6.12696e+00 -3.67556e+00
4400  3.91044e-01  5.86566e-01 -6.71344e+00 -6.12687e+00 -3.82203e+00
4500  3.81783e-01  5.72675e-01 -6.70034e+00 -6.12766e+00 -3.71385e+00
4600  3.74052e-01  5.61078e-01 -6.68828e+00 -6.12720e+00 -3.66342e+00
4700  3.76121e-01  5.64181e-01 -6.69081e+00 -6.12663e+00 -3.71191e+00
4800  3.59538e-01  5.39307e-01 -6.66661e+00 -6.12730e+00 -3.53446e+00
4900  3.97622e-01  5.96432e-01 -6.72366e+00 -6.12723e+00 -3.90277e+00
5000  3.88999e-01  5.83499e-01 -6.71067e+00 -6.12717e+00 -3.81167e+00
