100  1.03274e+36  1.54911e+36  7.83973e+02  1.54911e+36  8.67502e+35
200  1.03274e+36  1.54911e+36 -6.30966e-02  1.54911e+36  8.67502e+35
300  1.03274e+36  1.54911e+36  6.93905e+01  1.54911e+36  8.67502e+35
400  1.03274e+36  1.54911e+36 -9.46419e-02  1.54911e+36  8.67502e+35
500  1.03274e+36  1.54911e+36 -9.76425e-02  1.54911e+36  8.67502e+35
600  1.03274e+36  1.54911e+36 -7.88624e-02  1.54911e+36  8.67502e+35
700  1.03274e+36  1.54911e+36 -9.72690e-02  1.54911e+36  8.67502e+35
800  1.03274e+36  1.54911e+36  8.38865e+00  1.54911e+36  8.67502e+35
900  1.03274e+36  1.54911e+36 -9.86749e-02  1.54911e+36  8.67502e+35
1000  1.03274e+36  1.54911e+36 -9.54861e-02  1.54911e+36  8.67502e+35
1100  1.03274e+36  1.54911e+36 -9.72307e-02  1.54911e+36  8.67502e+35
1200  1.03274e+36  1.54911e+36 -9.73640e-02  1.54911e+36  8.67502e+35
1300  1.03274e+36  1.54911e+36 -9.64021e-02  1.54911e+36  8.67502e+35
1400  1.03274e+36  1.54911e+36 -1.03557e-01  1.54911e+36  8.67502e+35
1500  1.03274e+36  1.54911e+36 -9.58384e-02  1.54911e+36  8.67502e+35
1600  1.03274e+36  1.54911e+36 -9.66270e-02  1.54911e+36  8.67502e+35
1700  1.03274e+36  1.54911e+36 -9.56793e-02  1.54911e+36  8.67502e+35
1800  1.03274e+36  1.54911e+36 -9.66651e-02  1.54911e+36  8.67502e+35
1900  1.03274e+36  1.54911e+36 -9.93984e-02  1.54911e+36  8.67502e+35
2000  1.03274e+36  1.54911e+36 -9.69336e-02  1.54911e+36  8.67502e+35
2100  1.03274e+36  1.54911e+36  7.33886e-01  1.54911e+36  8.67502e+35
2200  1.03274e+36  1.54911e+36 -9.48625e-02  1.54911e+36  8.67502e+35
2300  1.03274e+36  1.54911e+36 -9.47851e-02  1.54911e+36  8.67502e+35
2400  1.03274e+36  1.54911e+36 -9.52162e-02  1.54911e+36  8.67502e+35
2500  1.03274e+36  1.54911e+36 -9.50501e-02  1.54911e+36  8.67502e+35
2600  1.03274e+36  1.54911e+36 -9.14416e-02  1.54911e+36  8.67502e+35
2700  1.03274e+36  1.54911e+36 -9.45958e-02  1.54911e+36  8.67502e+35
2800  1.03274e+36  1.54911e+36 -9.47177e-02  1.54911e+36  8.67502e+35
2900  1.03274e+36  1.54911e+36 -9.46475e-02  1.54911e+36  8.67502e+35
3000  1.03274e+36  1.54911e+36 -9.49303e-02  1.54911e+36  8.67502e+35
3100  1.03274e+36  1.54911e+36 -9.50056e-02  1.54911e+36  8.67502e+35
3200  1.03274e+36  1.54911e+36 -9.47133e-02  1.54911e+36  8.67502e+35
3300  1.03274e+36  1.54911e+36 -9.52163e-02  1.54911e+36  8.67502e+35
3400  1.03274e+36  1.54911e+36 -9.66333e-02  1.54911e+36  8.67502e+35
3500  1.03274e+36  1.54911e+36 -9.46765e-02  1.54911e+36  8.67502e+35
3600  1.03274e+36  1.54911e+36 -9.46591e-02  1.54911e+36  8.67502e+35
3700  1.03274e+36  1.54911e+36 -9.65396e-02  1.54911e+36  8.67502e+35
3800  1.03274e+36  1.54911e+36 -9.47002e-02  1.54911e+36  8.67502e+35
3900  1.03274e+36  1.54911e+36 -9.68821e-02  1.54911e+36  8.67502e+35
4000  1.03274e+36  1.54911e+36 -9.48721e-02  1.54911e+36  8.67502e+35
4100  1.03274e+36  1.54911e+36 -9.46942e-02  1.54911e+36  8.67502e+35
4200  1.03274e+36  1.54911e+36 -9.53535e-02  1.54911e+36  8.67502e+35
4300  1.03274e+36  1.54911e+36 -9.46525e-02  1.54911e+36  8.67502e+35
4400  1.03274e+36  1.54911e+36 -9.67530e-02  1.54911e+36  8.67502e+35
4500  1.03274e+36  1.54911e+36 -9.46972e-02  1.54911e+36  8.67502e+35
4600  1.03274e+36  1.54911e+36 -9.53137e-02  1.54911e+36  8.67502e+35
4700  1.03274e+36  1.54911e+36 -9.52371e-02  1.54911e+36  8.67502e+35
4800  1.03274e+36  1.54911e+36 -9.49195e-02  1.54911e+36  8.67502e+35
4900  1.03274e+36  1.54911e+36 -9.49244e-02  1.54911e+36  8.67502e+35
5000  1.03274e+36  1.54911e+36 -9.47773e-02  1.54911e+36  8.67502e+35
