100  3.82300e-01  5.73450e-01 -6.70185e+00 -6.12840e+00 -3.74134e+00
200  3.85616e-01  5.78424e-01 -6.70697e+00 -6.12855e+00 -3.72781e+00
300  3.87616e-01  5.81423e-01 -6.70962e+00 -6.12819e+00 -3.78634e+00
400  3.70268e-01  5.55402e-01 -6.68377e+00 -6.12837e+00 -3.64487e+00
500  3.78853e-01  5.68279e-01 -6.69652e+00 -6.12824e+00 -3.68098e+00
600  3.83366e-01  5.75048e-01 -6.70352e+00 -6.12847e+00 -3.74338e+00
700  3.79588e-01  5.69382e-01 -6.69768e+00 -6.12830e+00 -3.74270e+00
800  3.85977e-01  5.78965e-01 -6.70724e+00 -6.12828e+00 -3.77397e+00
900  4.07113e-01  6.10670e-01 -6.73881e+00 -6.12814e+00 -3.96258e+00
1000  3.77839e-01  5.66758e-01 -6.69510e+00 -6.12834e+00 -3.73641e+00
1100  3.69953e-01  5.54929e-01 -6.68316e+00 -6.12823e+00 -3.68572e+00
1200  3.92842e-01  5.89263e-01 -6.71732e+00 -6.12806e+00 -3.82165e+00
1300  3.85118e-01  5.77677e-01 -6.70579e+00 -6.12812e+00 -3.83517e+00
1400  3.83147e-01  5.74721e-01 -6.70294e+00 -6.12822e+00 -3.79561e+00
1500  3.78385e-01  5.67577e-01 -6.69585e+00 -6.12828e+00 -3.74146e+00
1600  3.76817e-01  5.65225e-01 -6.69353e+00 -6.12831e+00 -3.70434e+00
1700  3.69381e-01  5.54072e-01 -6.68233e+00 -6.12826e+00 -3.65351e+00
1800  3.82697e-01  5.74046e-01 -6.70212e+00 -6.12808e+00 -3.82701e+00
1900  3.83739e-01  5.75609e-01 -6.70394e+00 -6.12833e+00 -3.81056e+00
2000  3.82717e-01  5.74076e-01 -6.70219e+00 -6.12812e+00 -3.76392e+00
2100  3.63772e-01  5.45658e-01 -6.67417e+00 -6.12852e+00 -3.59330e+00
2200  3.86389e-01  5.79583e-01 -6.70785e+00 -6.12827e+00 -3.78355e+00
2300  3.79403e-01  5.69105e-01 -6.69735e+00 -6.12825e+00 -3.77118e+00
2400  3.77810e-01  5.66715e-01 -6.69506e+00 -6.12834e+00 -3.72109e+00
2500  3.79675e-01  5.69512e-01 -6.69787e+00 -6.12836e+00 -3.75238e+00
2600  3.93955e-01  5.90932e-01 -6.71917e+00 -6.12823e+00 -3.83853e+00
2700  3.90598e-01  5.85897e-01 -6.71409e+00 -6.12819e+00 -3.80270e+00
2800  3.88370e-01  5.82555e-01 -6.71064e+00 -6.12809e+00 -3.84305e+00
2900  3.77454e-01  5.66181e-01 -6.69450e+00 -6.12831e+00 -3.70681e+00
3000  4.06558e-01  6.09837e-01 -6.73775e+00 -6.12791e+00 -3.99310e+00
3100  3.83788e-01  5.75682e-01 -6.70394e+00 -6.12826e+00 -3.72261e+00
3200  3.71322e-01  5.56984e-01 -6.68534e+00 -6.12836e+00 -3.64227e+00
3300  3.79698e-01  5.69547e-01 -6.69795e+00 -6.12840e+00 -3.69857e+00
3400  3.95947e-01  5.93920e-01 -6.72229e+00 -6.12837e+00 -3.86029e+00
3500  3.99009e-01  5.98514e-01 -6.72675e+00 -6.12823e+00 -3.91674e+00
3600  3.66115e-01  5.49172e-01 -6.67765e+00 -6.12848e+00 -3.54827e+00
3700  3.80300e-01  5.70450e-01 -6.69895e+00 -6.12850e+00 -3.74000e+00
3800  3.98829e-01  5.98244e-01 -6.72630e+00 -6.12806e+00 -3.88599e+00
3900  3.89226e-01  5.83838e-01 -6.71214e+00 -6.12830e+00 -3.79599e+00
4000  3.80093e-01  5.70140e-01 -6.69844e+00 -6.12830e+00 -3.72203e+00
4100  3.83616e-01  5.75425e-01 -6.70348e+00 -6.12806e+00 -3.80632e+00
4200  3.81172e-01  5.71757e-01 -6.70019e+00 -6.12844e+00 -3.71008e+00
4300  3.74882e-01  5.62322e-01 -6.69076e+00 -6.12843e+00 -3.71301e+00
4400  3.71676e-01  5.57514e-01 -6.68571e+00 -6.12820e+00 -3.72365e+00
4500  3.83803e-01  5.75704e-01 -6.70393e+00 -6.12823e+00 -3.77377e+00
4600  3.51969e-01  5.27954e-01 -6.65598e+00 -6.12802e+00 -3.55162e+00
4700  3.74009e-01  5.61013e-01 -6.68914e+00 -6.12813e+00 -3.70191e+00
4800  3.73011e-01  5.59517e-01 -6.68760e+00 -6.12808e+00 -3.73040e+00
4900  3.82385e-01  5.73578e-01 -6.70194e+00 -6.12836e+00 -3.75790e+00
5000  3.79263e-01  5.68894e-01 -6.69723e+00 -6.12833e+00 -3.74047e+00
