nt	acc1	acc2	acct	accv	su1	su2	rho1	rho2
10	 4.11302e-01	 7.01740e-01	 1.70782e-01	 5.23077e-01	-1.12266e+00	-2.27087e+00	 1.41784e-01	 3.02418e-01
20	 4.57159e-01	 6.36364e-01	 1.15619e-01	 3.92157e-01	-1.02996e+00	-2.80916e+00	 1.15566e-01	 3.83887e-01
30	 5.00613e-01	 5.60354e-01	 5.51020e-02	 2.26415e-01	-8.28697e-01	-3.59919e+00	 9.63678e-02	 4.99585e-01
40	 5.54540e-01	 5.30830e-01	 4.19847e-02	 1.66667e-01	-6.99130e-01	-4.04276e+00	 8.57045e-02	 5.82832e-01
50	 5.78656e-01	 5.33917e-01	 5.09165e-02	 2.00000e-01	-6.62645e-01	-3.93798e+00	 7.66912e-02	 5.82636e-01
60	 5.91253e-01	 5.33580e-01	 4.28850e-02	 1.73077e-01	-5.56366e-01	-3.85173e+00	 7.65886e-02	 5.54232e-01
70	 5.55360e-01	 5.31883e-01	 3.23232e-02	 2.58621e-01	-6.61159e-01	-3.96277e+00	 6.87309e-02	 5.71899e-01
80	 6.39963e-01	 5.20048e-01	 4.13386e-02	 2.81250e-01	-4.82652e-01	-4.06065e+00	 6.80428e-02	 5.88766e-01
90	 5.72987e-01	 5.32829e-01	 2.46085e-02	 2.32143e-01	-6.16812e-01	-3.87218e+00	 7.04323e-02	 5.76511e-01
100	 6.52433e-01	 5.07306e-01	 1.16279e-02	 3.45455e-01	-5.08375e-01	-4.26860e+00	 6.06638e-02	 6.21788e-01
110	 5.79170e-01	 4.93151e-01	 3.95833e-02	 2.59259e-01	-7.45433e-01	-4.22944e+00	 7.19458e-02	 6.09277e-01
120	 5.68052e-01	 5.12392e-01	 2.01207e-02	 1.04167e-01	-7.24042e-01	-4.28128e+00	 7.15395e-02	 6.20539e-01
130	 5.72643e-01	 5.17812e-01	 2.95858e-02	 2.36364e-01	-6.58478e-01	-4.24302e+00	 7.75702e-02	 6.18082e-01
140	 5.14876e-01	 5.30233e-01	 2.75049e-02	 2.14286e-01	-8.13182e-01	-4.21172e+00	 7.37107e-02	 6.11464e-01
150	 6.20846e-01	 5.08059e-01	 1.90840e-02	 1.60000e-01	-5.36888e-01	-4.23506e+00	 7.73236e-02	 6.12530e-01
160	 6.07084e-01	 5.02928e-01	 3.03644e-02	 1.48936e-01	-6.32002e-01	-4.28808e+00	 7.26556e-02	 6.15133e-01
170	 5.28007e-01	 5.10362e-01	 3.20641e-02	 1.66667e-01	-7.76986e-01	-4.08123e+00	 7.54753e-02	 5.89751e-01
180	 6.37315e-01	 4.93411e-01	 1.68539e-02	 1.60714e-01	-5.97490e-01	-4.31705e+00	 7.00358e-02	 6.23836e-01
190	 5.94412e-01	 5.16779e-01	 2.81124e-02	 2.55814e-01	-5.38247e-01	-4.26341e+00	 6.87914e-02	 6.19447e-01
200	 6.01362e-01	 5.10759e-01	 2.99145e-02	 3.00000e-01	-5.46145e-01	-4.30526e+00	 7.31471e-02	 6.27208e-01
210	 5.72424e-01	 4.97955e-01	 3.16456e-02	 1.96429e-01	-6.88519e-01	-4.24279e+00	 7.69523e-02	 6.10337e-01
220	 5.50829e-01	 4.96782e-01	 2.56410e-02	 2.43243e-01	-7.55503e-01	-4.22577e+00	 7.64159e-02	 6.12509e-01
230	 5.72519e-01	 4.66032e-01	 1.21704e-02	 8.51064e-02	-6.19035e-01	-4.58745e+00	 7.42612e-02	 6.62962e-01
240	 5.47481e-01	 5.16760e-01	 2.50000e-02	 1.06383e-01	-7.30516e-01	-4.48045e+00	 7.29544e-02	 6.46701e-01
250	 6.12403e-01	 5.04425e-01	 1.75097e-02	 2.91667e-01	-5.60922e-01	-4.17288e+00	 7.40162e-02	 6.03350e-01
260	 5.49004e-01	 5.13096e-01	 1.54739e-02	 1.69492e-01	-7.34110e-01	-4.26284e+00	 7.41480e-02	 6.12059e-01
270	 5.84512e-01	 4.91693e-01	 1.47059e-02	 1.56863e-01	-6.40903e-01	-4.13074e+00	 8.12020e-02	 6.05418e-01
280	 5.24416e-01	 5.15402e-01	 2.30326e-02	 8.51064e-02	-7.81819e-01	-4.11755e+00	 8.30118e-02	 6.04799e-01
290	 5.54225e-01	 5.03553e-01	 3.27869e-02	 9.25926e-02	-7.44456e-01	-4.17076e+00	 8.65834e-02	 6.03877e-01
300	 5.09177e-01	 4.88411e-01	 9.92063e-03	 1.04167e-01	-7.49708e-01	-4.49459e+00	 8.33369e-02	 6.57369e-01
310	 5.43447e-01	 4.91642e-01	 1.63934e-02	 1.40351e-01	-5.82836e-01	-4.34914e+00	 7.97001e-02	 6.33912e-01
320	 5.62241e-01	 4.78911e-01	 3.98406e-03	 1.95122e-01	-6.40254e-01	-4.31533e+00	 8.36203e-02	 6.11935e-01
330	 5.73477e-01	 5.33247e-01	 3.37553e-02	 3.12500e-01	-7.36539e-01	-3.89213e+00	 8.43030e-02	 5.64705e-01
340	 5.45881e-01	 5.08051e-01	 1.67910e-02	 2.11538e-01	-7.17962e-01	-4.22645e+00	 8.54134e-02	 6.11229e-01
350	 5.68252e-01	 4.77512e-01	 2.71845e-02	 2.39130e-01	-7.42024e-01	-4.28271e+00	 7.89620e-02	 6.29441e-01
360	 5.04714e-01	 4.98860e-01	 2.33918e-02	 2.05128e-01	-7.88765e-01	-4.22962e+00	 7.97437e-02	 6.08284e-01
370	 6.01040e-01	 5.02260e-01	 2.36220e-02	 2.70833e-01	-5.57906e-01	-4.25152e+00	 7.45468e-02	 6.26401e-01
380	 5.65556e-01	 5.29917e-01	 2.13592e-02	 2.85714e-01	-6.96465e-01	-4.01961e+00	 8.03362e-02	 5.93425e-01
390	 5.60658e-01	 5.32140e-01	 2.78373e-02	 1.78571e-01	-6.51209e-01	-4.21076e+00	 8.28221e-02	 6.09630e-01
400	 5.51989e-01	 4.96501e-01	 2.58449e-02	 1.90476e-01	-6.69883e-01	-4.19291e+00	 8.28336e-02	 5.98153e-01
410	 6.17899e-01	 5.09142e-01	 3.68098e-02	 1.48148e-01	-5.53319e-01	-4.02263e+00	 7.44547e-02	 5.80961e-01
420	 6.02740e-01	 5.21237e-01	 2.36220e-02	 2.44898e-01	-5.96118e-01	-4.23458e+00	 7.08563e-02	 6.13718e-01
430	 6.10424e-01	 4.91080e-01	 9.70874e-03	 2.17391e-01	-6.34341e-01	-4.23083e+00	 6.89862e-02	 6.13905e-01
440	 5.65657e-01	 5.19152e-01	 2.75591e-02	 1.52174e-01	-6.87413e-01	-4.16859e+00	 7.67750e-02	 6.03094e-01
450	 6.14374e-01	 5.13539e-01	 3.31384e-02	 1.85185e-01	-5.54605e-01	-4.17722e+00	 7.56702e-02	 5.96309e-01
460	 5.59570e-01	 5.38998e-01	 4.54545e-02	 1.79487e-01	-6.73987e-01	-4.00274e+00	 7.90740e-02	 5.80390e-01
470	 5.62077e-01	 5.09428e-01	 2.17822e-02	 2.43243e-01	-6.68191e-01	-4.24827e+00	 7.61965e-02	 6.18454e-01
480	 5.90545e-01	 4.97275e-01	 2.12766e-02	 1.11111e-01	-6.42550e-01	-4.21960e+00	 7.87129e-02	 6.11672e-01
490	 5.96003e-01	 5.30532e-01	 2.40481e-02	 2.14286e-01	-5.47310e-01	-4.09221e+00	 6.92001e-02	 5.95439e-01
500	 5.81375e-01	 4.99847e-01	 2.03704e-02	 1.60000e-01	-6.27407e-01	-4.30459e+00	 6.74500e-02	 6.31519e-01
510	 6.21544e-01	 5.18432e-01	 2.80561e-02	 1.47059e-01	-5.27827e-01	-4.05136e+00	 6.61832e-02	 5.87664e-01
520	 6.21442e-01	 5.49985e-01	 4.33925e-02	 1.66667e-01	-5.54001e-01	-3.96830e+00	 6.53077e-02	 5.62067e-01
530	 6.26878e-01	 5.44533e-01	 5.85859e-02	 2.15686e-01	-5.16588e-01	-3.90595e+00	 6.95425e-02	 5.53594e-01
540	 5.74432e-01	 5.06446e-01	 1.94553e-02	 1.28205e-01	-6.05197e-01	-4.22968e+00	 7.03261e-02	 6.02815e-01
550	 6.15668e-01	 5.21713e-01	 3.78486e-02	 2.35294e-01	-4.60071e-01	-3.98313e+00	 6.72376e-02	 5.85095e-01
560	 6.51917e-01	 5.17689e-01	 2.97952e-02	 2.03704e-01	-5.32741e-01	-4.12513e+00	 6.22024e-02	 6.04609e-01
570	 6.13967e-01	 5.31642e-01	 2.25873e-02	 3.20755e-01	-4.98050e-01	-4.04941e+00	 6.14079e-02	 5.99788e-01
580	 6.99766e-01	 5.16992e-01	 3.32031e-02	 2.14286e-01	-4.08225e-01	-4.12763e+00	 5.17964e-02	 6.08204e-01
590	 6.59805e-01	 5.06893e-01	 2.64151e-02	 2.00000e-01	-4.48010e-01	-4.15398e+00	 5.31616e-02	 6.12277e-01
600	 6.18407e-01	 5.11507e-01	 2.52918e-02	 3.02326e-01	-5.60632e-01	-3.94196e+00	 6.08549e-02	 5.75454e-01
610	 6.62338e-01	 5.16753e-01	 3.71134e-02	 2.50000e-01	-4.99890e-01	-4.17156e+00	 6.11329e-02	 6.07674e-01
620	 6.24771e-01	 5.09635e-01	 2.63692e-02	 2.50000e-01	-5.85499e-01	-4.33085e+00	 6.14508e-02	 6.27134e-01
630	 6.36905e-01	 4.90987e-01	 1.07759e-02	 1.51515e-01	-5.67338e-01	-4.28108e+00	 6.02274e-02	 6.35731e-01
640	 5.90867e-01	 4.83919e-01	 1.38067e-02	 2.41935e-01	-6.23676e-01	-4.40271e+00	 6.51307e-02	 6.45680e-01
650	 5.83254e-01	 5.02638e-01	 2.20000e-02	 2.70270e-01	-6.21158e-01	-4.19756e+00	 6.46720e-02	 6.16079e-01
660	 6.37097e-01	 4.86657e-01	 1.91489e-02	 2.45283e-01	-4.62677e-01	-4.32609e+00	 5.88188e-02	 6.34740e-01
670	 6.12186e-01	 5.03953e-01	 1.61943e-02	 1.92982e-01	-6.33544e-01	-4.26936e+00	 6.20205e-02	 6.24258e-01
680	 6.13491e-01	 5.34544e-01	 4.81928e-02	 3.61702e-01	-5.60014e-01	-3.93138e+00	 7.02074e-02	 5.81928e-01
690	 5.83646e-01	 5.17696e-01	 1.56556e-02	 2.08333e-01	-6.19951e-01	-4.18366e+00	 7.69603e-02	 5.98382e-01
700	 5.51794e-01	 5.11333e-01	 1.46138e-02	 2.27273e-01	-6.30279e-01	-4.35639e+00	 8.27857e-02	 6.34578e-01
710	 5.60638e-01	 5.19442e-01	 3.30579e-02	 2.18750e-01	-7.09383e-01	-4.26313e+00	 8.52160e-02	 6.16354e-01
720	 6.11270e-01	 4.73892e-01	 2.22672e-02	 2.03390e-01	-6.20367e-01	-4.37067e+00	 8.17984e-02	 6.37522e-01
730	 5.82270e-01	 5.18104e-01	 1.39721e-02	 2.94118e-01	-7.11301e-01	-4.32070e+00	 8.11492e-02	 6.30726e-01
740	 5.63014e-01	 4.90066e-01	 2.94118e-02	 2.27273e-01	-6.64053e-01	-4.31592e+00	 8.24648e-02	 6.19006e-01
750	 5.59805e-01	 4.92497e-01	 2.80000e-02	 2.22222e-01	-6.82471e-01	-4.30630e+00	 7.89034e-02	 6.18626e-01
760	 5.69405e-01	 5.32369e-01	 1.81452e-02	 2.44898e-01	-6.91092e-01	-4.05436e+00	 8.18944e-02	 5.88440e-01
770	 5.96088e-01	 4.99846e-01	 1.50376e-02	 1.69811e-01	-6.24906e-01	-4.35532e+00	 7.25620e-02	 6.30899e-01
780	 5.99835e-01	 5.19136e-01	 2.24490e-02	 1.72414e-01	-6.09435e-01	-4.24378e+00	 6.98591e-02	 6.29024e-01
790	 5.74892e-01	 5.23737e-01	 2.47619e-02	 2.00000e-01	-5.89619e-01	-4.00809e+00	 7.15928e-02	 5.82521e-01
800	 5.62500e-01	 5.11078e-01	 2.29885e-02	 2.26415e-01	-6.15422e-01	-4.09813e+00	 6.33614e-02	 5.99058e-01
810	 6.21986e-01	 5.43048e-01	 4.98960e-02	 3.86364e-01	-5.63845e-01	-3.99259e+00	 6.66862e-02	 5.75098e-01
820	 5.64176e-01	 5.16319e-01	 4.44015e-02	 2.97297e-01	-6.81312e-01	-4.05142e+00	 6.77884e-02	 5.71624e-01
830	 6.49701e-01	 5.03808e-01	 1.66667e-02	 2.04545e-01	-5.22745e-01	-4.12647e+00	 6.15458e-02	 5.95935e-01
840	 5.73115e-01	 5.39242e-01	 3.57853e-02	 1.33333e-01	-6.48635e-01	-4.03111e+00	 6.71832e-02	 5.86473e-01
850	 6.00844e-01	 5.22941e-01	 2.94737e-02	 1.63265e-01	-5.86730e-01	-3.97951e+00	 7.23139e-02	 5.87750e-01
860	 5.98888e-01	 5.21467e-01	 2.22222e-02	 1.81818e-01	-5.87972e-01	-3.99585e+00	 7.44174e-02	 5.81848e-01
870	 5.91473e-01	 5.27438e-01	 3.08008e-02	 1.76471e-01	-7.10629e-01	-3.96561e+00	 7.79757e-02	 5.84744e-01
880	 5.34884e-01	 5.26148e-01	 2.46914e-02	 1.77778e-01	-6.66789e-01	-3.95416e+00	 7.81044e-02	 5.81722e-01
890	 5.35211e-01	 4.71064e-01	 1.38340e-02	 1.53846e-01	-6.73254e-01	-4.25742e+00	 8.06937e-02	 6.18719e-01
900	 5.74746e-01	 5.05713e-01	 3.18725e-02	 1.22807e-01	-6.85802e-01	-4.20144e+00	 7.83148e-02	 6.10265e-01
910	 5.92428e-01	 5.16731e-01	 2.04499e-02	 1.25000e-01	-6.38474e-01	-4.31003e+00	 7.69407e-02	 6.22954e-01
920	 5.94457e-01	 4.94053e-01	 3.16456e-02	 1.81818e-01	-5.95155e-01	-4.17642e+00	 7.77849e-02	 6.12311e-01
930	 5.74766e-01	 4.87437e-01	 2.73109e-02	 8.92857e-02	-6.80736e-01	-4.07000e+00	 7.87091e-02	 6.00126e-01
940	 5.76975e-01	 5.03527e-01	 1.78218e-02	 2.40000e-01	-6.75267e-01	-4.16432e+00	 8.13161e-02	 6.14042e-01
950	 5.15776e-01	 5.30150e-01	 3.03030e-02	 3.00000e-01	-7.06490e-01	-3.91944e+00	 9.13051e-02	 5.66042e-01
960	 5.65472e-01	 5.30287e-01	 3.57143e-02	 2.50000e-01	-6.25792e-01	-3.94807e+00	 9.01899e-02	 5.71190e-01
970	 5.27673e-01	 4.75711e-01	 1.23203e-02	 1.46341e-01	-6.83406e-01	-4.34301e+00	 8.93042e-02	 6.23539e-01
980	 5.63540e-01	 4.95375e-01	 2.10325e-02	 1.63636e-01	-6.85477e-01	-4.39663e+00	 8.67751e-02	 6.33369e-01
990	 5.27831e-01	 5.02085e-01	 1.77515e-02	 2.88462e-01	-8.18571e-01	-4.25743e+00	 8.68233e-02	 6.32027e-01
1000	 5.54248e-01	 4.91409e-01	 1.78926e-02	 1.92982e-01	-7.05071e-01	-4.28997e+00	 8.97744e-02	 6.11290e-01
