10 0.711382 0.813008 0.758114 492 0.123 -0.943914 -34.1287
20 0.523013 0.941423 0.760574 478 0.1195 -0.93442 -23.4386
30 0.735294 0.630252 0.753223 476 0.119 -0.963802 -30.4855
40 0.409836 0.000000 0.744165 488 0.122 -1.01307 -29.2497
50 0.501002 0.400802 0.721523 499 0.12475 -1.09153 -34.7953
60 0.299401 0.698603 0.723252 501 0.12525 -1.09453 -32.3214
70 0.603622 0.905433 0.721397 497 0.12425 -1.06772 -37.1375
80 0.566038 0.660377 0.743161 530 0.1325 -1.07131 -54.0927
90 0.917431 0.458716 0.730445 545 0.13625 -1.08649 -45.1775
100 0.551471 0.367647 0.715361 544 0.136 -1.21274 -64.6636
110 0.556586 1.113173 0.721997 539 0.13475 -1.12525 -28.4759
120 0.278810 0.557621 0.712515 538 0.1345 -1.13739 -25.0288
130 0.275735 0.275735 0.698382 544 0.136 -1.25156 -36.1653
140 0.370370 0.462963 0.739997 540 0.135 -1.17355 -47.5118
150 0.673077 0.576923 0.723857 520 0.13 -1.18115 -47.0981
160 0.472590 0.661626 0.731660 529 0.13225 -1.09439 -30.5032
170 0.655431 0.374532 0.731766 534 0.1335 -1.14945 -37.2754
180 1.011029 0.551471 0.719422 544 0.136 -1.17954 -39.1991
190 0.371058 1.113173 0.725909 539 0.13475 -1.11914 -41.7273
200 0.461255 0.461255 0.716149 542 0.1355 -1.16791 -47.0341
210 0.462963 0.555556 0.704856 540 0.135 -1.13768 -32.9521
220 0.277778 0.462963 0.716570 540 0.135 -1.15933 -50.164
230 1.449275 0.634058 0.720818 552 0.138 -1.16577 -39.1296
240 0.450450 0.540541 0.712942 555 0.13875 -1.1828 -35.7262
250 0.365631 0.457038 0.720616 547 0.13675 -1.20015 -50.9519
260 0.558659 0.651769 0.719451 537 0.13425 -1.15945 -30.6899
270 0.649351 0.278293 0.718645 539 0.13475 -1.14248 -28.7145
280 0.648148 0.462963 0.724937 540 0.135 -1.16463 -61.2089
290 0.457875 0.732601 0.711822 546 0.1365 -1.12139 -43.2003
300 0.457875 0.641026 0.713844 546 0.1365 -1.13621 -38.9483
