10 0.604839 0.403226 0.627105 496 0.248 -1.74926 -96.4359
20 0.300000 0.100000 0.604016 500 0.25 -1.84804 -95.7406
30 0.404858 0.202429 0.617246 494 0.247 -1.91048 -116.475
40 0.396825 0.297619 0.601812 504 0.252 -1.97511 -129.866
50 0.386847 0.483559 0.593476 517 0.2585 -2.03803 -179.571
60 0.094877 0.379507 0.584501 527 0.2635 -2.07498 -115.304
70 0.373134 0.186567 0.572064 536 0.268 -2.17173 -131.747
80 0.362976 0.272232 0.563233 551 0.2755 -2.18285 -172.168
90 0.089445 0.357782 0.571337 559 0.2795 -2.23931 -186.813
100 0.771870 0.257290 0.527324 583 0.2915 -2.30421 -165.84
110 0.256410 0.427350 0.542169 585 0.2925 -2.30943 -185.312
120 0.000000 0.082781 0.539409 604 0.302 -2.36867 -194.788
130 0.083056 0.415282 0.539367 602 0.301 -2.41946 -151.217
140 0.161812 0.161812 0.528489 618 0.309 -2.40356 -164.62
150 0.000000 0.078493 0.533847 637 0.3185 -2.3794 -250.133
160 0.000000 0.000000 0.512938 643 0.3215 -2.47323 -179.566
170 0.296296 0.000000 0.525361 675 0.3375 -2.57196 -267.698
180 0.219619 0.000000 0.484368 683 0.3415 -2.69044 -236.665
190 0.509461 0.218341 0.492070 687 0.3435 -2.65302 -256.123
200 0.071839 0.287356 0.503739 696 0.348 -2.70452 -277.945
210 0.424328 0.141443 0.486529 707 0.3535 -2.73483 -301.211
220 0.070323 0.000000 0.490570 711 0.3555 -2.7259 -284.23
230 0.209790 0.209790 0.500183 715 0.3575 -2.71766 -330.19
240 0.205761 0.068587 0.484517 729 0.3645 -2.78976 -336.472
250 0.203528 0.000000 0.495741 737 0.3685 -2.75479 -305.319
260 0.202156 0.202156 0.489695 742 0.371 -2.7884 -317.449
270 0.132450 0.198675 0.492300 755 0.3775 -2.78732 -321.831
280 0.261438 0.065359 0.478253 765 0.3825 -2.8376 -348.44
290 0.064350 0.257400 0.488311 777 0.3885 -2.84301 -343.193
300 0.254777 0.000000 0.472847 785 0.3925 -2.92978 -393.584
