10 0.901804 0.501002 0.571826 499 0.0698684 -0.640939 -17.3892
20 0.718686 0.821355 0.625088 487 0.0681882 -0.556098 -9.38639
30 0.512295 0.512295 0.616194 488 0.0683282 -0.563105 -9.69254
40 1.008065 0.504032 0.624271 496 0.0694483 -0.579516 -8.50408
50 1.277014 0.392927 0.614245 509 0.0712686 -0.638656 -15.8428
60 1.049618 0.858779 0.586315 524 0.0733688 -0.600448 -11.0657
70 0.483559 0.676983 0.569784 517 0.0723887 -0.665492 -13.5952
80 0.844278 0.844278 0.591861 533 0.074629 -0.635412 -10.9518
90 0.570342 0.950570 0.599165 526 0.0736488 -0.589638 -11.5625
100 0.582524 0.776699 0.586618 515 0.0721087 -0.628614 -15.9723
110 0.500000 1.300000 0.578112 500 0.0700084 -0.652086 -13.6017
120 0.198807 0.795229 0.603408 503 0.0704285 -0.594999 -10.5349
130 0.481696 0.867052 0.563913 519 0.0726687 -0.637067 -7.99242
140 0.666667 0.476190 0.579652 525 0.0735088 -0.682797 -18.2624
150 0.383877 0.959693 0.588920 521 0.0729488 -0.646461 -11.7445
160 0.568182 0.852273 0.567992 528 0.0739289 -0.679119 -14.3205
170 1.109057 0.277264 0.565664 541 0.0757491 -0.673973 -9.13691
180 0.656660 0.844278 0.574342 533 0.074629 -0.635791 -14.5549
190 0.543478 0.181159 0.591133 552 0.0772893 -0.632777 -16.8617
200 0.799290 0.532860 0.581723 563 0.0788295 -0.625931 -20.6366
210 0.376648 1.224105 0.590876 531 0.0743489 -0.637041 -14.4913
220 0.578035 0.674374 0.584806 519 0.0726687 -0.605097 -14.8881
230 1.086957 0.592885 0.588917 506 0.0708485 -0.605048 -9.38975
240 0.197239 0.591716 0.610727 507 0.0709885 -0.595299 -16.3333
250 0.511247 0.817996 0.578592 489 0.0684682 -0.657853 -10.3593
260 0.814664 0.916497 0.591981 491 0.0687482 -0.59928 -7.88419
270 0.631579 0.526316 0.623335 475 0.066508 -0.532123 -10.3024
280 0.840336 0.630252 0.623291 476 0.066648 -0.595405 -6.6018
290 1.016260 0.508130 0.615266 492 0.0688883 -0.597239 -9.34228
300 0.415800 0.831601 0.623701 481 0.0673481 -0.536033 -7.79845
