10 0.564334 0.564334 0.726835 443 0.0295333 -0.227986 -1.70404
20 0.263852 1.055409 0.758708 379 0.0252667 -0.222783 -1.78342
30 0.470219 0.313480 0.766388 319 0.0212667 -0.193616 -0.998476
40 0.682594 0.682594 0.805612 293 0.0195333 -0.156714 -0.253539
50 0.000000 0.387597 0.816444 258 0.0172 -0.204798 -0.573184
60 0.398406 0.398406 0.824013 251 0.0167333 -0.134335 0.0230305
70 0.208333 0.833333 0.816181 240 0.016 -0.127601 -0.280508
80 0.836820 1.255230 0.816236 239 0.0159333 -0.106465 -0.179978
90 0.869565 0.652174 0.840318 230 0.0153333 -0.125236 -0.270651
100 1.327434 1.769912 0.838753 226 0.0150667 -0.16294 -0.330949
110 0.236967 0.947867 0.854603 211 0.0140667 -0.0913928 -0.314471
120 1.207729 0.724638 0.835225 207 0.0138 -0.134688 -0.058045
130 0.246305 0.985222 0.843275 203 0.0135333 -0.0890463 -0.166174
140 1.674641 1.196172 0.866144 209 0.0139333 -0.122423 -0.132409
150 0.252525 1.262626 0.850371 198 0.0132 -0.1329 -0.0317856
160 0.253807 0.761421 0.837360 197 0.0131333 -0.101703 -0.0815813
170 0.502513 1.256281 0.858207 199 0.0132667 -0.0787309 0.0161606
180 0.251256 0.753769 0.862243 199 0.0132667 -0.0681044 0.00995689
190 0.810811 0.270270 0.869424 185 0.0123333 -0.0933464 -0.115147
200 0.273224 0.273224 0.875085 183 0.0122 -0.0828835 -0.201438
210 1.111111 1.111111 0.855087 180 0.012 -0.081912 -0.22643
220 1.322751 0.529101 0.860585 189 0.0126 -0.116609 -0.0131245
230 0.277778 0.833333 0.841142 180 0.012 -0.132769 -0.243859
240 0.301205 1.506024 0.865510 166 0.0110667 -0.110604 -0.194194
250 1.818182 1.515152 0.870147 165 0.011 -0.0695357 -0.157944
260 0.326797 0.980392 0.858992 153 0.0102 -0.0917259 -0.156256
270 0.903614 0.602410 0.858252 166 0.0110667 -0.0962018 -0.152773
280 0.000000 1.176471 0.863454 170 0.0113333 -0.121234 -0.245059
290 1.657459 0.276243 0.864230 181 0.0120667 -0.0986513 -0.12103
300 0.520833 0.781250 0.857597 192 0.0128 -0.0930719 -0.285533
310 0.543478 1.086957 0.850140 184 0.0122667 -0.0851669 -0.123017
320 0.287356 1.149425 0.874186 174 0.0116 -0.0973241 -0.158279
330 1.533742 2.147239 0.871584 163 0.0108667 -0.12649 -0.199259
340 0.617284 1.543210 0.875105 162 0.0108 -0.0983496 -0.204845
350 0.621118 0.310559 0.879294 161 0.0107333 -0.0840439 0.0211071
360 1.324503 1.655629 0.901620 151 0.0100667 -0.0658142 -0.102665
370 0.591716 0.000000 0.878663 169 0.0112667 -0.0924284 -0.205074
380 0.595238 1.488095 0.871343 168 0.0112 -0.0905301 -0.117917
390 0.000000 1.479290 0.872128 169 0.0112667 -0.105828 -0.0912519
400 0.561798 0.842697 0.860182 178 0.0118667 -0.114389 -0.131282
410 0.282486 0.564972 0.878656 177 0.0118 -0.109141 -0.0804654
420 0.276243 0.828729 0.858683 181 0.0120667 -0.118639 -0.164185
430 1.336898 1.069519 0.845092 187 0.0124667 -0.0859847 -0.0403894
440 0.282486 0.564972 0.876387 177 0.0118 -0.064679 -0.172494
450 0.578035 1.445087 0.834552 173 0.0115333 -0.0981946 -0.0464147
460 0.578035 0.578035 0.876338 173 0.0115333 -0.0831402 -0.00922624
470 0.815217 0.271739 0.854505 184 0.0122667 -0.08522 -0.212367
480 0.540541 0.540541 0.856941 185 0.0123333 -0.0993901 -0.00163323
490 1.506024 0.903614 0.861881 166 0.0110667 -0.101299 -0.179587
500 1.785714 0.892857 0.871940 168 0.0112 -0.110479 -0.00773786
510 1.388889 0.555556 0.866243 180 0.012 -0.0961171 -0.0996741
520 0.584795 1.169591 0.884239 171 0.0114 -0.110542 -0.251766
530 0.297619 1.785714 0.860585 168 0.0112 -0.0977275 -0.00280356
540 1.162791 0.581395 0.861002 172 0.0114667 -0.0851696 -0.0721077
550 0.571429 0.857143 0.871486 175 0.0116667 -0.0932201 -0.0785402
560 0.581395 2.325581 0.855165 172 0.0114667 -0.0671872 -0.125317
570 0.810811 0.540541 0.866710 185 0.0123333 -0.123079 -0.274003
580 1.302083 0.781250 0.852891 192 0.0128 -0.0961501 -0.0292685
590 1.396648 1.675978 0.868278 179 0.0119333 -0.113551 -0.137557
600 0.297619 2.083333 0.878514 168 0.0112 -0.0826051 -0.0106416
610 1.543210 0.925926 0.878824 162 0.0108 -0.112457 -0.149054
620 1.562500 0.625000 0.864081 160 0.0106667 -0.0862771 -0.196843
630 0.617284 0.617284 0.894938 162 0.0108 -0.105866 -0.0765593
640 0.909091 1.515152 0.878058 165 0.011 -0.0677313 -0.0881163
650 0.308642 0.925926 0.868288 162 0.0108 -0.111618 -0.241526
660 0.645161 0.645161 0.882886 155 0.0103333 -0.0808901 -0.0677106
670 0.316456 0.316456 0.871206 158 0.0105333 -0.106185 -0.133058
680 1.034483 1.034483 0.909846 145 0.00966667 -0.0902267 -0.0669409
690 0.666667 1.000000 0.879518 150 0.01 -0.0695699 0.0118575
700 1.342282 1.342282 0.863184 149 0.00993333 -0.101894 -0.192416
710 1.592357 0.636943 0.872918 157 0.0104667 -0.0866032 -0.0289688
720 0.943396 0.943396 0.865727 159 0.0106 -0.117529 0.0859474
730 1.666667 1.333333 0.901606 150 0.01 -0.0722978 0.00346267
740 2.258065 0.645161 0.869284 155 0.0103333 -0.0809926 -0.0408142
750 1.298701 1.298701 0.877536 154 0.0102667 -0.0973369 -0.182484
760 0.689655 1.379310 0.882842 145 0.00966667 -0.054306 -0.0964726
770 0.671141 0.335570 0.901593 149 0.00993333 -0.0675607 0.00741584
780 1.048951 0.349650 0.886062 143 0.00953333 -0.0990339 -0.149151
790 1.388889 0.694444 0.871542 144 0.0096 -0.0788613 -0.0744957
800 0.714286 0.714286 0.894291 140 0.00933333 -0.0505573 0.0930961
810 0.684932 1.027397 0.867167 146 0.00973333 -0.128285 -0.0367992
820 1.582278 0.632911 0.882009 158 0.0105333 -0.12526 7.08077e-05
830 1.829268 1.219512 0.865658 164 0.0109333 -0.0741441 0.00711847
840 1.212121 0.606061 0.869539 165 0.011 -0.0844373 -0.117469
850 1.136364 1.136364 0.862541 176 0.0117333 -0.0688528 -0.195966
860 0.837989 1.396648 0.869399 179 0.0119333 -0.0957062 -0.127713
870 0.828729 1.104972 0.863676 181 0.0120667 -0.0984572 -0.150202
880 1.308901 0.261780 0.831599 191 0.0127333 -0.123615 -0.304176
890 0.000000 0.000000 0.854529 180 0.012 -0.107655 -0.0402277
900 0.564972 0.564972 0.878656 177 0.0118 -0.096522 -0.107995
910 1.136364 0.568182 0.860830 176 0.0117333 -0.117013 -0.209423
920 0.574713 0.862069 0.866108 174 0.0116 -0.0770301 0.0530196
930 0.847458 0.564972 0.854832 177 0.0118 -0.0746936 0.0550095
940 1.081081 0.540541 0.879192 185 0.0123333 -0.073544 -0.0403276
950 0.595238 0.297619 0.870745 168 0.0112 -0.121002 -0.0383372
960 0.949367 0.949367 0.885822 158 0.0105333 -0.108408 -0.176081
970 1.282051 0.641026 0.848908 156 0.0104 -0.105835 -0.155064
980 0.000000 0.322581 0.899080 155 0.0103333 -0.0715336 -0.05321
990 0.316456 0.949367 0.869935 158 0.0105333 -0.083652 -0.120016
1000 1.282051 0.641026 0.891386 156 0.0104 -0.0929418 0.000745318
