10 0.545852 1.091703 0.707853 458 0.0305333 -0.264554 -0.925309
20 1.116071 0.669643 0.719620 448 0.0298667 -0.300149 -2.0384
30 1.162791 1.046512 0.730363 430 0.0286667 -0.272083 -0.780815
40 0.907029 0.907029 0.710324 441 0.0294 -0.283164 -1.28026
50 0.233645 1.285047 0.727912 428 0.0285333 -0.226791 -1.87589
60 0.833333 0.595238 0.735561 420 0.028 -0.248024 -1.64367
70 0.364078 0.970874 0.750331 412 0.0274667 -0.206469 -0.997675
80 0.632911 0.759494 0.749581 395 0.0263333 -0.22036 -1.53912
90 1.303318 0.710900 0.742306 422 0.0281333 -0.231175 -0.892602
100 1.051402 0.700935 0.723924 428 0.0285333 -0.244215 -2.23453
110 0.360577 1.562500 0.725981 416 0.0277333 -0.253366 -0.649003
120 0.492611 0.615764 0.755980 406 0.0270667 -0.231647 -1.34248
130 0.401070 1.069519 0.751401 374 0.0249333 -0.242876 -1.2611
140 0.913838 0.913838 0.742919 383 0.0255333 -0.218496 -1.0754
150 1.058201 1.058201 0.764965 378 0.0252 -0.207492 -1.10536
160 0.395778 1.055409 0.748376 379 0.0252667 -0.228817 -1.26956
170 0.542005 0.677507 0.759406 369 0.0246 -0.227987 -1.61476
180 0.684932 0.684932 0.760301 365 0.0243333 -0.184293 0.285688
190 0.837989 1.396648 0.767035 358 0.0238667 -0.198755 -0.120531
200 0.948509 0.948509 0.747434 369 0.0246 -0.21182 -0.567276
210 0.837989 0.279330 0.780496 358 0.0238667 -0.168789 -0.651223
220 0.696379 1.671309 0.763220 359 0.0239333 -0.182644 -1.52691
230 1.120448 1.540616 0.760465 357 0.0238 -0.15901 0.133949
240 0.666667 0.133333 0.764391 375 0.025 -0.192297 -1.18878
250 0.925926 0.793651 0.746372 378 0.0252 -0.196267 -1.00908
260 1.832461 0.392670 0.740396 382 0.0254667 -0.215618 -0.807264
270 0.649351 1.038961 0.771919 385 0.0256667 -0.21414 -1.08024
280 1.492537 0.621891 0.740524 402 0.0268 -0.224577 -0.268018
290 0.255102 0.765306 0.745841 392 0.0261333 -0.186162 -0.491032
300 0.390625 1.171875 0.766608 384 0.0256 -0.206813 -1.42102
