10 0.816327 0.714286 0.603024 490 0.049 -0.431473 -8.03741
20 1.070664 0.535332 0.623049 467 0.0467 -0.38686 -1.2938
30 0.219780 0.659341 0.629551 455 0.0455 -0.438207 -2.36387
40 0.441501 0.662252 0.632996 453 0.0453 -0.394803 -3.76804
50 0.544662 0.435730 0.637189 459 0.0459 -0.382338 -3.85387
60 0.754310 0.538793 0.614094 464 0.0464 -0.394531 -5.18007
70 1.694915 0.847458 0.606239 472 0.0472 -0.376115 -3.43927
80 0.720165 0.720165 0.617284 486 0.0486 -0.440168 -3.972
90 0.514403 0.823045 0.604682 486 0.0486 -0.423853 -6.2162
100 1.111111 1.010101 0.619245 495 0.0495 -0.405081 -8.15054
110 0.313152 0.417537 0.596121 479 0.0479 -0.447722 -3.11799
120 0.423729 0.635593 0.591136 472 0.0472 -0.413557 -4.27081
130 0.749465 0.535332 0.600690 467 0.0467 -0.425524 -5.14202
140 0.437637 0.656455 0.635364 457 0.0457 -0.388498 -7.82325
150 0.743100 0.743100 0.633745 471 0.0471 -0.398298 -4.4225
160 0.555556 1.333333 0.616020 450 0.045 -0.414836 -2.38439
170 1.224944 0.222717 0.603975 449 0.0449 -0.454907 -3.98104
180 0.683371 0.797267 0.627796 439 0.0439 -0.38069 -4.16978
190 0.464037 0.812065 0.630131 431 0.0431 -0.362803 -3.93336
200 0.668151 0.556793 0.623653 449 0.0449 -0.316604 -3.70733
210 0.674157 0.786517 0.627454 445 0.0445 -0.35147 -4.92375
220 1.413043 0.652174 0.633403 460 0.046 -0.394738 -2.54187
230 0.840336 0.525210 0.617386 476 0.0476 -0.4265 -3.50245
240 0.542299 1.084599 0.632029 461 0.0461 -0.403502 -7.11982
250 0.221239 0.995575 0.632175 452 0.0452 -0.381498 -5.64499
260 0.873362 0.764192 0.604821 458 0.0458 -0.391942 -4.70575
270 0.646552 0.646552 0.611281 464 0.0464 -0.44035 -3.11692
280 0.442478 0.995575 0.638839 452 0.0452 -0.348927 -7.0468
290 0.686499 0.915332 0.614816 437 0.0437 -0.383936 -3.29064
300 0.000000 0.821596 0.659445 426 0.0426 -0.338187 -4.24641
