100  3.38239e-01  5.07358e-01 -6.63576e+00 -6.12840e+00 -3.40099e+00
200  3.59157e-01  5.38736e-01 -6.66722e+00 -6.12848e+00 -3.59702e+00
300  3.82424e-01  5.73635e-01 -6.70211e+00 -6.12848e+00 -3.74230e+00
400  3.82534e-01  5.73801e-01 -6.70228e+00 -6.12848e+00 -3.78441e+00
500  3.78828e-01  5.68242e-01 -6.69678e+00 -6.12854e+00 -3.71100e+00
600  3.85652e-01  5.78478e-01 -6.70709e+00 -6.12861e+00 -3.72819e+00
700  3.84828e-01  5.77242e-01 -6.70575e+00 -6.12851e+00 -3.75160e+00
800  3.72816e-01  5.59223e-01 -6.68759e+00 -6.12837e+00 -3.69725e+00
900  3.87666e-01  5.81498e-01 -6.70976e+00 -6.12826e+00 -3.78755e+00
1000  3.90544e-01  5.85816e-01 -6.71420e+00 -6.12838e+00 -3.84421e+00
1100  3.70795e-01  5.56193e-01 -6.68465e+00 -6.12846e+00 -3.65432e+00
1200  3.70092e-01  5.55138e-01 -6.68366e+00 -6.12852e+00 -3.64348e+00
1300  3.89206e-01  5.83809e-01 -6.71232e+00 -6.12852e+00 -3.81216e+00
1400  3.93065e-01  5.89598e-01 -6.71793e+00 -6.12834e+00 -3.78765e+00
1500  3.79534e-01  5.69301e-01 -6.69766e+00 -6.12835e+00 -3.68153e+00
1600  3.96243e-01  5.94365e-01 -6.72259e+00 -6.12823e+00 -3.84151e+00
1700  3.68241e-01  5.52362e-01 -6.68083e+00 -6.12847e+00 -3.64293e+00
1800  3.93092e-01  5.89638e-01 -6.71811e+00 -6.12847e+00 -3.81129e+00
1900  3.79812e-01  5.69718e-01 -6.69816e+00 -6.12845e+00 -3.68073e+00
2000  3.86684e-01  5.80025e-01 -6.70849e+00 -6.12847e+00 -3.78674e+00
2100  3.71359e-01  5.57038e-01 -6.68539e+00 -6.12835e+00 -3.69520e+00
2200  3.74827e-01  5.62240e-01 -6.69061e+00 -6.12837e+00 -3.73119e+00
2300  3.78658e-01  5.67988e-01 -6.69621e+00 -6.12822e+00 -3.70275e+00
2400  3.83371e-01  5.75057e-01 -6.70336e+00 -6.12831e+00 -3.74105e+00
2500  3.84686e-01  5.77029e-01 -6.70541e+00 -6.12838e+00 -3.78125e+00
2600  3.93698e-01  5.90547e-01 -6.71881e+00 -6.12826e+00 -3.87381e+00
2700  3.81349e-01  5.72024e-01 -6.70047e+00 -6.12844e+00 -3.77650e+00
2800  3.74433e-01  5.61650e-01 -6.69004e+00 -6.12839e+00 -3.68274e+00
2900  3.77174e-01  5.65762e-01 -6.69413e+00 -6.12837e+00 -3.68932e+00
3000  3.77293e-01  5.65940e-01 -6.69437e+00 -6.12843e+00 -3.68216e+00
3100  3.79380e-01  5.69070e-01 -6.69745e+00 -6.12838e+00 -3.71605e+00
3200  3.91193e-01  5.86789e-01 -6.71496e+00 -6.12817e+00 -3.84568e+00
3300  3.94045e-01  5.91068e-01 -6.71917e+00 -6.12810e+00 -3.87357e+00
3400  3.81107e-01  5.71661e-01 -6.70002e+00 -6.12836e+00 -3.80713e+00
3500  3.75455e-01  5.63183e-01 -6.69179e+00 -6.12861e+00 -3.70736e+00
3600  3.80745e-01  5.71118e-01 -6.69972e+00 -6.12860e+00 -3.67369e+00
3700  3.73529e-01  5.60293e-01 -6.68876e+00 -6.12847e+00 -3.67379e+00
3800  3.92932e-01  5.89399e-01 -6.71761e+00 -6.12821e+00 -3.86294e+00
3900  3.94218e-01  5.91327e-01 -6.71959e+00 -6.12826e+00 -3.86940e+00
4000  3.75102e-01  5.62653e-01 -6.69096e+00 -6.12830e+00 -3.71293e+00
4100  3.77195e-01  5.65793e-01 -6.69428e+00 -6.12849e+00 -3.75820e+00
4200  3.88428e-01  5.82642e-01 -6.71112e+00 -6.12848e+00 -3.78424e+00
4300  3.68641e-01  5.52962e-01 -6.68152e+00 -6.12856e+00 -3.64493e+00
4400  3.81917e-01  5.72876e-01 -6.70136e+00 -6.12848e+00 -3.72561e+00
4500  3.79378e-01  5.69067e-01 -6.69758e+00 -6.12851e+00 -3.71287e+00
4600  3.73378e-01  5.60066e-01 -6.68864e+00 -6.12857e+00 -3.66565e+00
4700  3.88620e-01  5.82929e-01 -6.71131e+00 -6.12838e+00 -3.73466e+00
4800  3.81157e-01  5.71736e-01 -6.70017e+00 -6.12844e+00 -3.75335e+00
4900  4.01699e-01  6.02549e-01 -6.73103e+00 -6.12849e+00 -3.85322e+00
5000  3.76637e-01  5.64956e-01 -6.69327e+00 -6.12832e+00 -3.71433e+00
