100  3.85460e-01  5.78190e-01 -6.70648e+00 -6.12829e+00 -3.72628e+00
200  3.72407e-01  5.58610e-01 -6.68656e+00 -6.12795e+00 -3.66031e+00
300  3.66627e-01  5.49940e-01 -6.67789e+00 -6.12795e+00 -3.65456e+00
400  4.08641e-01  6.12961e-01 -6.74109e+00 -6.12813e+00 -3.93281e+00
500  3.88864e-01  5.83295e-01 -6.71129e+00 -6.12799e+00 -3.78131e+00
600  3.76349e-01  5.64524e-01 -6.69279e+00 -6.12826e+00 -3.70804e+00
700  3.99677e-01  5.99515e-01 -6.72776e+00 -6.12824e+00 -3.81585e+00
800  3.72586e-01  5.58879e-01 -6.68694e+00 -6.12807e+00 -3.66178e+00
900  3.77471e-01  5.66206e-01 -6.69410e+00 -6.12790e+00 -3.75734e+00
1000  3.86420e-01  5.79629e-01 -6.70771e+00 -6.12808e+00 -3.77270e+00
1100  3.96485e-01  5.94727e-01 -6.72272e+00 -6.12799e+00 -3.84569e+00
1200  3.79055e-01  5.68583e-01 -6.69650e+00 -6.12792e+00 -3.72148e+00
1300  3.76209e-01  5.64314e-01 -6.69215e+00 -6.12784e+00 -3.72177e+00
1400  3.72249e-01  5.58374e-01 -6.68621e+00 -6.12784e+00 -3.69089e+00
1500  3.88716e-01  5.83074e-01 -6.71118e+00 -6.12810e+00 -3.81024e+00
1600  3.88085e-01  5.82128e-01 -6.71016e+00 -6.12804e+00 -3.80212e+00
1700  3.73553e-01  5.60329e-01 -6.68805e+00 -6.12772e+00 -3.64433e+00
1800  3.63271e-01  5.44906e-01 -6.67282e+00 -6.12792e+00 -3.59646e+00
1900  3.81811e-01  5.72717e-01 -6.70112e+00 -6.12840e+00 -3.67636e+00
2000  3.79839e-01  5.69759e-01 -6.69768e+00 -6.12792e+00 -3.78241e+00
2100  4.06404e-01  6.09606e-01 -6.73733e+00 -6.12772e+00 -3.93250e+00
2200  3.81442e-01  5.72162e-01 -6.70000e+00 -6.12784e+00 -3.74135e+00
2300  3.88755e-01  5.83132e-01 -6.71120e+00 -6.12807e+00 -3.81775e+00
2400  3.73895e-01  5.60842e-01 -6.68867e+00 -6.12782e+00 -3.72961e+00
2500  3.81233e-01  5.71850e-01 -6.69993e+00 -6.12808e+00 -3.77370e+00
2600  3.59562e-01  5.39343e-01 -6.66722e+00 -6.12788e+00 -3.63998e+00
2700  3.87930e-01  5.81895e-01 -6.70982e+00 -6.12792e+00 -3.80010e+00
2800  3.85079e-01  5.77618e-01 -6.70543e+00 -6.12781e+00 -3.76661e+00
2900  3.85708e-01  5.78563e-01 -6.70670e+00 -6.12813e+00 -3.80823e+00
3000  3.67948e-01  5.51921e-01 -6.67972e+00 -6.12780e+00 -3.62983e+00
3100  3.73768e-01  5.60653e-01 -6.68877e+00 -6.12812e+00 -3.68131e+00
3200  3.80700e-01  5.71050e-01 -6.69944e+00 -6.12839e+00 -3.68108e+00
3300  3.80835e-01  5.71252e-01 -6.69879e+00 -6.12754e+00 -3.76774e+00
3400  3.87688e-01  5.81531e-01 -6.70918e+00 -6.12765e+00 -3.83831e+00
3500  3.93461e-01  5.90192e-01 -6.71820e+00 -6.12801e+00 -3.86174e+00
3600  3.78543e-01  5.67815e-01 -6.69555e+00 -6.12774e+00 -3.76041e+00
3700  3.80788e-01  5.71182e-01 -6.69936e+00 -6.12818e+00 -3.75248e+00
3800  3.75916e-01  5.63874e-01 -6.69178e+00 -6.12791e+00 -3.73141e+00
3900  3.78991e-01  5.68487e-01 -6.69639e+00 -6.12791e+00 -3.74812e+00
4000  3.78512e-01  5.67768e-01 -6.69568e+00 -6.12791e+00 -3.73291e+00
4100  3.71609e-01  5.57413e-01 -6.68542e+00 -6.12800e+00 -3.62574e+00
4200  3.94396e-01  5.91595e-01 -6.71961e+00 -6.12801e+00 -3.85192e+00
4300  3.87271e-01  5.80907e-01 -6.70853e+00 -6.12762e+00 -3.81385e+00
4400  3.65810e-01  5.48715e-01 -6.67623e+00 -6.12751e+00 -3.62145e+00
4500  3.82681e-01  5.74022e-01 -6.70185e+00 -6.12783e+00 -3.79468e+00
4600  3.74049e-01  5.61073e-01 -6.68922e+00 -6.12815e+00 -3.68401e+00
4700  3.89636e-01  5.84454e-01 -6.71249e+00 -6.12804e+00 -3.81119e+00
4800  3.63917e-01  5.45875e-01 -6.67390e+00 -6.12803e+00 -3.60832e+00
4900  3.87331e-01  5.80996e-01 -6.70929e+00 -6.12830e+00 -3.73252e+00
5000  3.86907e-01  5.80361e-01 -6.70830e+00 -6.12794e+00 -3.82191e+00
