100  3.64242e-01  5.46363e-01 -6.67484e+00 -6.12848e+00 -3.58216e+00
200  3.78693e-01  5.68040e-01 -6.69650e+00 -6.12846e+00 -3.70965e+00
300  3.70980e-01  5.56470e-01 -6.68476e+00 -6.12829e+00 -3.67330e+00
400  3.90548e-01  5.85821e-01 -6.71416e+00 -6.12834e+00 -3.84378e+00
500  3.83809e-01  5.75714e-01 -6.70408e+00 -6.12836e+00 -3.73898e+00
600  3.79077e-01  5.68616e-01 -6.69691e+00 -6.12830e+00 -3.68136e+00
700  3.83292e-01  5.74938e-01 -6.70335e+00 -6.12841e+00 -3.74500e+00
800  3.90898e-01  5.86347e-01 -6.71471e+00 -6.12836e+00 -3.82954e+00
900  3.98520e-01  5.97779e-01 -6.72592e+00 -6.12814e+00 -3.88223e+00
1000  3.81772e-01  5.72657e-01 -6.70104e+00 -6.12838e+00 -3.71436e+00
1100  3.87914e-01  5.81871e-01 -6.71002e+00 -6.12815e+00 -3.79280e+00
1200  3.73697e-01  5.60545e-01 -6.68887e+00 -6.12832e+00 -3.70335e+00
1300  3.92353e-01  5.88529e-01 -6.71671e+00 -6.12819e+00 -3.85523e+00
1400  3.88252e-01  5.82378e-01 -6.71067e+00 -6.12829e+00 -3.83548e+00
1500  3.78130e-01  5.67194e-01 -6.69572e+00 -6.12852e+00 -3.71770e+00
1600  3.76303e-01  5.64454e-01 -6.69280e+00 -6.12834e+00 -3.69900e+00
1700  3.86289e-01  5.79434e-01 -6.70770e+00 -6.12827e+00 -3.83800e+00
1800  3.75815e-01  5.63723e-01 -6.69206e+00 -6.12834e+00 -3.73118e+00
1900  3.73976e-01  5.60964e-01 -6.68928e+00 -6.12831e+00 -3.70134e+00
2000  3.62427e-01  5.43640e-01 -6.67172e+00 -6.12808e+00 -3.67948e+00
2100  3.67384e-01  5.51075e-01 -6.67914e+00 -6.12807e+00 -3.67672e+00
2200  3.85995e-01  5.78993e-01 -6.70711e+00 -6.12812e+00 -3.81997e+00
2300  3.71913e-01  5.57869e-01 -6.68619e+00 -6.12832e+00 -3.68894e+00
2400  3.81713e-01  5.72569e-01 -6.70087e+00 -6.12830e+00 -3.74853e+00
2500  3.96038e-01  5.94057e-01 -6.72232e+00 -6.12826e+00 -3.86137e+00
2600  3.70567e-01  5.55850e-01 -6.68403e+00 -6.12818e+00 -3.72788e+00
2700  3.74660e-01  5.61990e-01 -6.69017e+00 -6.12818e+00 -3.69015e+00
2800  3.76373e-01  5.64560e-01 -6.69281e+00 -6.12825e+00 -3.68759e+00
2900  3.89712e-01  5.84568e-01 -6.71267e+00 -6.12810e+00 -3.84997e+00
3000  3.83266e-01  5.74899e-01 -6.70332e+00 -6.12842e+00 -3.75689e+00
3100  3.76674e-01  5.65011e-01 -6.69347e+00 -6.12846e+00 -3.71770e+00
3200  3.85527e-01  5.78290e-01 -6.70646e+00 -6.12817e+00 -3.81895e+00
3300  3.84999e-01  5.77498e-01 -6.70605e+00 -6.12855e+00 -3.70998e+00
3400  3.93723e-01  5.90584e-01 -6.71904e+00 -6.12845e+00 -3.79462e+00
3500  3.80274e-01  5.70410e-01 -6.69872e+00 -6.12830e+00 -3.74372e+00
3600  3.76539e-01  5.64809e-01 -6.69323e+00 -6.12842e+00 -3.70691e+00
3700  3.90451e-01  5.85676e-01 -6.71401e+00 -6.12833e+00 -3.79543e+00
3800  3.69460e-01  5.54190e-01 -6.68269e+00 -6.12850e+00 -3.68669e+00
3900  3.64344e-01  5.46516e-01 -6.67512e+00 -6.12861e+00 -3.66149e+00
4000  3.74144e-01  5.61217e-01 -6.68945e+00 -6.12823e+00 -3.68623e+00
4100  3.67988e-01  5.51983e-01 -6.68029e+00 -6.12831e+00 -3.68769e+00
4200  3.87551e-01  5.81327e-01 -6.70957e+00 -6.12825e+00 -3.79940e+00
4300  3.81255e-01  5.71882e-01 -6.70036e+00 -6.12848e+00 -3.73130e+00
4400  3.80053e-01  5.70080e-01 -6.69834e+00 -6.12826e+00 -3.76270e+00
4500  3.95097e-01  5.92645e-01 -6.72103e+00 -6.12839e+00 -3.89499e+00
4600  3.88575e-01  5.82863e-01 -6.71133e+00 -6.12847e+00 -3.80904e+00
4700  3.65770e-01  5.48654e-01 -6.67713e+00 -6.12848e+00 -3.60230e+00
4800  3.65891e-01  5.48836e-01 -6.67727e+00 -6.12843e+00 -3.58100e+00
4900  3.92986e-01  5.89479e-01 -6.71774e+00 -6.12826e+00 -3.84048e+00
5000  3.85009e-01  5.77513e-01 -6.70601e+00 -6.12850e+00 -3.79139e+00
