100  3.74803e-01  5.62205e-01 -6.68872e+00 -6.12652e+00 -3.69479e+00
200  3.67332e-01  5.50999e-01 -6.67672e+00 -6.12573e+00 -3.67495e+00
300  3.90700e-01  5.86050e-01 -6.71185e+00 -6.12580e+00 -3.82551e+00
400  3.86240e-01  5.79360e-01 -6.70630e+00 -6.12694e+00 -3.82036e+00
500  3.72294e-01  5.58441e-01 -6.68445e+00 -6.12601e+00 -3.69280e+00
600  3.62198e-01  5.43297e-01 -6.67034e+00 -6.12705e+00 -3.59430e+00
700  3.82540e-01  5.73810e-01 -6.70144e+00 -6.12763e+00 -3.72196e+00
800  3.74769e-01  5.62154e-01 -6.68803e+00 -6.12587e+00 -3.75850e+00
900  3.83321e-01  5.74981e-01 -6.70146e+00 -6.12648e+00 -3.74635e+00
1000  3.61269e-01  5.41903e-01 -6.66791e+00 -6.12600e+00 -3.63524e+00
1100  3.85777e-01  5.78666e-01 -6.70450e+00 -6.12583e+00 -3.79605e+00
1200  4.04426e-01  6.06638e-01 -6.73336e+00 -6.12672e+00 -3.94151e+00
1300  3.79353e-01  5.69030e-01 -6.69585e+00 -6.12682e+00 -3.72639e+00
1400  3.65663e-01  5.48494e-01 -6.67493e+00 -6.12643e+00 -3.65954e+00
1500  3.65033e-01  5.47550e-01 -6.67368e+00 -6.12613e+00 -3.63633e+00
1600  3.94359e-01  5.91539e-01 -6.71881e+00 -6.12727e+00 -3.82769e+00
1700  3.75191e-01  5.62786e-01 -6.68921e+00 -6.12642e+00 -3.71125e+00
1800  3.76692e-01  5.65037e-01 -6.69160e+00 -6.12656e+00 -3.73381e+00
1900  3.75715e-01  5.63572e-01 -6.69022e+00 -6.12665e+00 -3.68173e+00
2000  3.74691e-01  5.62036e-01 -6.68863e+00 -6.12659e+00 -3.70746e+00
2100  3.81453e-01  5.72179e-01 -6.69867e+00 -6.12649e+00 -3.76941e+00
2200  3.91705e-01  5.87557e-01 -6.71509e+00 -6.12753e+00 -3.80798e+00
2300  3.94394e-01  5.91592e-01 -6.71873e+00 -6.12714e+00 -3.82285e+00
2400  3.68507e-01  5.52760e-01 -6.67960e+00 -6.12684e+00 -3.62083e+00
2500  3.84157e-01  5.76236e-01 -6.70280e+00 -6.12656e+00 -3.79004e+00
2600  3.83723e-01  5.75585e-01 -6.70247e+00 -6.12688e+00 -3.74643e+00
2700  3.73795e-01  5.60692e-01 -6.68658e+00 -6.12589e+00 -3.66338e+00
2800  3.66736e-01  5.50104e-01 -6.67610e+00 -6.12599e+00 -3.56971e+00
2900  3.85686e-01  5.78530e-01 -6.70483e+00 -6.12630e+00 -3.76822e+00
3000  3.92046e-01  5.88069e-01 -6.71529e+00 -6.12722e+00 -3.78211e+00
3100  3.91175e-01  5.86763e-01 -6.71337e+00 -6.12661e+00 -3.80415e+00
3200  3.84245e-01  5.76367e-01 -6.70363e+00 -6.12726e+00 -3.78145e+00
3300  3.88585e-01  5.82877e-01 -6.70912e+00 -6.12625e+00 -3.78773e+00
3400  3.80647e-01  5.70970e-01 -6.69666e+00 -6.12569e+00 -3.77575e+00
3500  3.77532e-01  5.66298e-01 -6.69237e+00 -6.12608e+00 -3.70253e+00
3600  3.81531e-01  5.72297e-01 -6.69785e+00 -6.12555e+00 -3.82439e+00
3700  3.63562e-01  5.45344e-01 -6.67222e+00 -6.12688e+00 -3.59482e+00
3800  3.65445e-01  5.48168e-01 -6.67413e+00 -6.12596e+00 -3.60812e+00
3900  3.75576e-01  5.63364e-01 -6.68956e+00 -6.12620e+00 -3.74307e+00
4000  3.72907e-01  5.59360e-01 -6.68527e+00 -6.12591e+00 -3.69452e+00
4100  3.83490e-01  5.75234e-01 -6.70114e+00 -6.12591e+00 -3.76029e+00
4200  3.78830e-01  5.68245e-01 -6.69518e+00 -6.12693e+00 -3.73280e+00
4300  3.75622e-01  5.63432e-01 -6.68959e+00 -6.12616e+00 -3.67378e+00
4400  3.95487e-01  5.93231e-01 -6.72028e+00 -6.12705e+00 -3.89809e+00
4500  3.85552e-01  5.78328e-01 -6.70502e+00 -6.12669e+00 -3.77365e+00
4600  3.70503e-01  5.55754e-01 -6.68166e+00 -6.12591e+00 -3.69233e+00
4700  3.93738e-01  5.90607e-01 -6.71765e+00 -6.12704e+00 -3.88581e+00
4800  3.74254e-01  5.61380e-01 -6.68774e+00 -6.12636e+00 -3.60341e+00
4900  3.69756e-01  5.54634e-01 -6.68202e+00 -6.12739e+00 -3.67827e+00
5000  3.86166e-01  5.79249e-01 -6.70547e+00 -6.12622e+00 -3.79021e+00
