100  3.87422e-01  5.81133e-01 -6.70870e+00 -6.12757e+00 -3.77833e+00
200  3.72858e-01  5.59287e-01 -6.68685e+00 -6.12756e+00 -3.70583e+00
300  3.63876e-01  5.45815e-01 -6.67298e+00 -6.12717e+00 -3.64348e+00
400  3.77551e-01  5.66327e-01 -6.69359e+00 -6.12726e+00 -3.73669e+00
500  3.81492e-01  5.72239e-01 -6.69990e+00 -6.12766e+00 -3.76656e+00
600  3.54017e-01  5.31026e-01 -6.65799e+00 -6.12696e+00 -3.52717e+00
700  3.63929e-01  5.45894e-01 -6.67345e+00 -6.12756e+00 -3.63278e+00
800  3.74477e-01  5.61715e-01 -6.68899e+00 -6.12727e+00 -3.71413e+00
900  3.85968e-01  5.78952e-01 -6.70699e+00 -6.12803e+00 -3.80403e+00
1000  3.76450e-01  5.64676e-01 -6.69216e+00 -6.12749e+00 -3.70532e+00
1100  3.92137e-01  5.88205e-01 -6.71607e+00 -6.12786e+00 -3.80643e+00
1200  3.82041e-01  5.73061e-01 -6.70073e+00 -6.12767e+00 -3.74116e+00
1300  3.82286e-01  5.73430e-01 -6.70057e+00 -6.12714e+00 -3.79835e+00
1400  3.77720e-01  5.66580e-01 -6.69368e+00 -6.12710e+00 -3.74029e+00
1500  3.80972e-01  5.71458e-01 -6.69952e+00 -6.12806e+00 -3.75684e+00
1600  3.70018e-01  5.55028e-01 -6.68260e+00 -6.12757e+00 -3.69976e+00
1700  3.87263e-01  5.80894e-01 -6.70821e+00 -6.12731e+00 -3.79076e+00
1800  3.83283e-01  5.74924e-01 -6.70238e+00 -6.12745e+00 -3.78086e+00
1900  3.87709e-01  5.81563e-01 -6.70901e+00 -6.12744e+00 -3.81071e+00
2000  3.66325e-01  5.49487e-01 -6.67678e+00 -6.12730e+00 -3.66658e+00
2100  3.75107e-01  5.62661e-01 -6.68987e+00 -6.12721e+00 -3.73250e+00
2200  3.61249e-01  5.41873e-01 -6.66848e+00 -6.12661e+00 -3.58661e+00
2300  3.82639e-01  5.73958e-01 -6.70225e+00 -6.12829e+00 -3.72044e+00
2400  3.76462e-01  5.64693e-01 -6.69186e+00 -6.12716e+00 -3.72951e+00
2500  3.91357e-01  5.87036e-01 -6.71506e+00 -6.12803e+00 -3.79124e+00
2600  3.94120e-01  5.91180e-01 -6.71854e+00 -6.12736e+00 -3.83108e+00
2700  3.75250e-01  5.62875e-01 -6.69012e+00 -6.12725e+00 -3.72034e+00
2800  3.77248e-01  5.65872e-01 -6.69305e+00 -6.12718e+00 -3.70972e+00
2900  3.71806e-01  5.57709e-01 -6.68530e+00 -6.12759e+00 -3.67770e+00
3000  3.90859e-01  5.86289e-01 -6.71361e+00 -6.12732e+00 -3.81500e+00
3100  3.94531e-01  5.91796e-01 -6.71937e+00 -6.12758e+00 -3.85507e+00
3200  3.70062e-01  5.55093e-01 -6.68261e+00 -6.12752e+00 -3.70579e+00
3300  3.96234e-01  5.94351e-01 -6.72188e+00 -6.12753e+00 -3.88270e+00
3400  3.68880e-01  5.53319e-01 -6.68044e+00 -6.12712e+00 -3.66928e+00
3500  3.78274e-01  5.67412e-01 -6.69486e+00 -6.12745e+00 -3.74765e+00
3600  3.84015e-01  5.76022e-01 -6.70335e+00 -6.12733e+00 -3.74641e+00
3700  4.03585e-01  6.05377e-01 -6.73291e+00 -6.12753e+00 -3.90073e+00
3800  3.88360e-01  5.82540e-01 -6.71006e+00 -6.12752e+00 -3.74375e+00
3900  3.75838e-01  5.63757e-01 -6.69108e+00 -6.12732e+00 -3.66591e+00
4000  3.73338e-01  5.60008e-01 -6.68784e+00 -6.12783e+00 -3.68048e+00
4100  3.80964e-01  5.71446e-01 -6.69882e+00 -6.12738e+00 -3.71795e+00
4200  3.84515e-01  5.76773e-01 -6.70409e+00 -6.12732e+00 -3.75415e+00
4300  3.92865e-01  5.89297e-01 -6.71668e+00 -6.12738e+00 -3.88789e+00
4400  3.67361e-01  5.51042e-01 -6.67836e+00 -6.12732e+00 -3.61940e+00
4500  3.69565e-01  5.54348e-01 -6.68213e+00 -6.12778e+00 -3.63698e+00
4600  3.81377e-01  5.72066e-01 -6.69957e+00 -6.12750e+00 -3.77846e+00
4700  3.71930e-01  5.57895e-01 -6.68510e+00 -6.12721e+00 -3.71418e+00
4800  3.72970e-01  5.59456e-01 -6.68659e+00 -6.12713e+00 -3.66809e+00
4900  3.90406e-01  5.85609e-01 -6.71310e+00 -6.12749e+00 -3.80721e+00
5000  3.58837e-01  5.38255e-01 -6.66500e+00 -6.12674e+00 -3.53199e+00
