1003.90406e-01  5.85609e-01 -6.71280e+00 -6.12719e+00 -3.77937e+00
2003.72407e-01  5.58610e-01 -6.68446e+00 -6.12585e+00 -3.68530e+00
3003.66698e-01  5.50047e-01 -6.67654e+00 -6.12649e+00 -3.57637e+00
4003.65177e-01  5.47765e-01 -6.67439e+00 -6.12662e+00 -3.61781e+00
5003.68680e-01  5.53019e-01 -6.67877e+00 -6.12575e+00 -3.65400e+00
6003.77673e-01  5.66509e-01 -6.69258e+00 -6.12608e+00 -3.70477e+00
7003.80546e-01  5.70818e-01 -6.69611e+00 -6.12529e+00 -3.71915e+00
8003.76918e-01  5.65377e-01 -6.69055e+00 -6.12517e+00 -3.69502e+00
9003.62091e-01  5.43136e-01 -6.66820e+00 -6.12506e+00 -3.61971e+00
10003.68915e-01  5.53372e-01 -6.67883e+00 -6.12546e+00 -3.59004e+00
11003.75889e-01  5.63833e-01 -6.68962e+00 -6.12579e+00 -3.69343e+00
12003.99607e-01  5.99411e-01 -6.72660e+00 -6.12719e+00 -3.85104e+00
13003.55943e-01  5.33915e-01 -6.65842e+00 -6.12451e+00 -3.58520e+00
14003.70067e-01  5.55100e-01 -6.68026e+00 -6.12516e+00 -3.63957e+00
15003.80896e-01  5.71344e-01 -6.69710e+00 -6.12575e+00 -3.75773e+00
16003.71656e-01  5.57483e-01 -6.68244e+00 -6.12495e+00 -3.66421e+00
17003.79249e-01  5.68874e-01 -6.69446e+00 -6.12559e+00 -3.73823e+00
18003.84218e-01  5.76326e-01 -6.70130e+00 -6.12497e+00 -3.77611e+00
19003.89223e-01  5.83835e-01 -6.70859e+00 -6.12476e+00 -3.85941e+00
20003.69403e-01  5.54104e-01 -6.67961e+00 -6.12551e+00 -3.63728e+00
21003.77106e-01  5.65660e-01 -6.69028e+00 -6.12462e+00 -3.69682e+00
22003.80234e-01  5.70350e-01 -6.69467e+00 -6.12432e+00 -3.71950e+00
23003.84266e-01  5.76399e-01 -6.70145e+00 -6.12505e+00 -3.75006e+00
24003.72280e-01  5.58420e-01 -6.68133e+00 -6.12291e+00 -3.66289e+00
25003.78794e-01  5.68192e-01 -6.69147e+00 -6.12328e+00 -3.72681e+00
26003.66706e-01  5.50059e-01 -6.67324e+00 -6.12318e+00 -3.59451e+00
27004.01708e-01  6.02562e-01 -6.72572e+00 -6.12316e+00 -3.86322e+00
28003.69047e-01  5.53570e-01 -6.67542e+00 -6.12185e+00 -3.63559e+00
29003.70464e-01  5.55695e-01 -6.67690e+00 -6.12121e+00 -3.62406e+00
30003.77100e-01  5.65651e-01 -6.68800e+00 -6.12235e+00 -3.69386e+00
31003.74100e-01  5.61150e-01 -6.68343e+00 -6.12228e+00 -3.67384e+00
32003.80832e-01  5.71248e-01 -6.69202e+00 -6.12077e+00 -3.78121e+00
33003.78732e-01  5.68097e-01 -6.69005e+00 -6.12195e+00 -3.69991e+00
34003.90029e-01  5.85044e-01 -6.70731e+00 -6.12227e+00 -3.78461e+00
35003.81354e-01  5.72030e-01 -6.69389e+00 -6.12186e+00 -3.71824e+00
36003.78118e-01  5.67177e-01 -6.68829e+00 -6.12111e+00 -3.70127e+00
37003.86578e-01  5.79866e-01 -6.70123e+00 -6.12136e+00 -3.73483e+00
38003.77226e-01  5.65839e-01 -6.68745e+00 -6.12161e+00 -3.71437e+00
39003.73099e-01  5.59649e-01 -6.68097e+00 -6.12132e+00 -3.64180e+00
40003.80094e-01  5.70140e-01 -6.68984e+00 -6.11970e+00 -3.71065e+00
41003.73598e-01  5.60397e-01 -6.68002e+00 -6.11962e+00 -3.67938e+00
42003.86597e-01  5.79896e-01 -6.70103e+00 -6.12114e+00 -3.77952e+00
43003.85388e-01  5.78082e-01 -6.69942e+00 -6.12134e+00 -3.71025e+00
44003.93258e-01  5.89887e-01 -6.71226e+00 -6.12237e+00 -3.77121e+00
45003.89206e-01  5.83809e-01 -6.70502e+00 -6.12121e+00 -3.79334e+00
46003.75580e-01  5.63371e-01 -6.68453e+00 -6.12116e+00 -3.66589e+00
47003.68917e-01  5.53375e-01 -6.67347e+00 -6.12009e+00 -3.62040e+00
48004.02207e-01  6.03310e-01 -6.72459e+00 -6.12128e+00 -3.88773e+00
49003.87858e-01  5.81786e-01 -6.70258e+00 -6.12079e+00 -3.76308e+00
50003.88433e-01  5.82649e-01 -6.70254e+00 -6.11989e+00 -3.83283e+00
