100  3.78216e-01  5.67324e-01 -6.69550e+00 -6.12817e+00 -3.70481e+00
200  3.90377e-01  5.85565e-01 -6.71378e+00 -6.12822e+00 -3.84084e+00
300  3.77089e-01  5.65634e-01 -6.69358e+00 -6.12795e+00 -3.67666e+00
400  3.82445e-01  5.73668e-01 -6.70179e+00 -6.12813e+00 -3.74816e+00
500  3.81399e-01  5.72099e-01 -6.70008e+00 -6.12798e+00 -3.77028e+00
600  3.90862e-01  5.86293e-01 -6.71459e+00 -6.12830e+00 -3.78936e+00
700  3.80413e-01  5.70620e-01 -6.69855e+00 -6.12793e+00 -3.76345e+00
800  3.87769e-01  5.81654e-01 -6.70966e+00 -6.12801e+00 -3.80866e+00
900  3.74065e-01  5.61097e-01 -6.68962e+00 -6.12852e+00 -3.63217e+00
1000  3.65151e-01  5.47726e-01 -6.67579e+00 -6.12806e+00 -3.67027e+00
1100  3.85755e-01  5.78633e-01 -6.70674e+00 -6.12811e+00 -3.75165e+00
1200  3.88311e-01  5.82466e-01 -6.71066e+00 -6.12820e+00 -3.78453e+00
1300  3.82270e-01  5.73405e-01 -6.70181e+00 -6.12840e+00 -3.68581e+00
1400  3.75275e-01  5.62913e-01 -6.69105e+00 -6.12814e+00 -3.70753e+00
1500  3.76113e-01  5.64170e-01 -6.69224e+00 -6.12807e+00 -3.70309e+00
1600  3.89233e-01  5.83850e-01 -6.71193e+00 -6.12808e+00 -3.82944e+00
1700  3.73272e-01  5.59907e-01 -6.68763e+00 -6.12772e+00 -3.71396e+00
1800  3.90254e-01  5.85381e-01 -6.71345e+00 -6.12807e+00 -3.78986e+00
1900  3.79982e-01  5.69972e-01 -6.69790e+00 -6.12793e+00 -3.77624e+00
2000  3.83232e-01  5.74849e-01 -6.70276e+00 -6.12791e+00 -3.77962e+00
2100  3.71245e-01  5.56867e-01 -6.68495e+00 -6.12808e+00 -3.70492e+00
2200  3.77249e-01  5.65873e-01 -6.69422e+00 -6.12835e+00 -3.72969e+00
2300  3.84204e-01  5.76305e-01 -6.70441e+00 -6.12810e+00 -3.79238e+00
2400  3.74501e-01  5.61752e-01 -6.68968e+00 -6.12792e+00 -3.71416e+00
2500  3.66751e-01  5.50127e-01 -6.67817e+00 -6.12804e+00 -3.69073e+00
2600  3.75209e-01  5.62813e-01 -6.69088e+00 -6.12807e+00 -3.71763e+00
2700  3.97330e-01  5.95995e-01 -6.72390e+00 -6.12790e+00 -3.91967e+00
2800  3.89724e-01  5.84587e-01 -6.71265e+00 -6.12806e+00 -3.84016e+00
2900  3.70543e-01  5.55814e-01 -6.68403e+00 -6.12822e+00 -3.65815e+00
3000  3.69656e-01  5.54483e-01 -6.68260e+00 -6.12811e+00 -3.63778e+00
3100  3.71135e-01  5.56703e-01 -6.68466e+00 -6.12795e+00 -3.70403e+00
3200  3.95035e-01  5.92552e-01 -6.72067e+00 -6.12812e+00 -3.85852e+00
3300  3.78050e-01  5.67075e-01 -6.69514e+00 -6.12807e+00 -3.72654e+00
3400  3.85474e-01  5.78210e-01 -6.70598e+00 -6.12777e+00 -3.83864e+00
3500  3.78276e-01  5.67414e-01 -6.69554e+00 -6.12812e+00 -3.70637e+00
3600  3.81701e-01  5.72551e-01 -6.70059e+00 -6.12804e+00 -3.78150e+00
3700  3.66570e-01  5.49855e-01 -6.67807e+00 -6.12822e+00 -3.59885e+00
3800  3.76582e-01  5.64873e-01 -6.69307e+00 -6.12819e+00 -3.72927e+00
3900  3.92174e-01  5.88261e-01 -6.71635e+00 -6.12809e+00 -3.81639e+00
4000  3.93179e-01  5.89768e-01 -6.71792e+00 -6.12815e+00 -3.84866e+00
4100  3.64069e-01  5.46104e-01 -6.67422e+00 -6.12812e+00 -3.63445e+00
4200  3.76550e-01  5.64825e-01 -6.69301e+00 -6.12819e+00 -3.70732e+00
4300  3.81567e-01  5.72350e-01 -6.70074e+00 -6.12839e+00 -3.72808e+00
4400  3.83021e-01  5.74532e-01 -6.70252e+00 -6.12798e+00 -3.75310e+00
4500  3.80682e-01  5.71023e-01 -6.69927e+00 -6.12825e+00 -3.74780e+00
4600  3.81482e-01  5.72223e-01 -6.70051e+00 -6.12828e+00 -3.75171e+00
4700  3.95165e-01  5.92748e-01 -6.72104e+00 -6.12829e+00 -3.86599e+00
4800  3.76465e-01  5.64698e-01 -6.69294e+00 -6.12824e+00 -3.67981e+00
4900  3.91089e-01  5.86634e-01 -6.71488e+00 -6.12824e+00 -3.79033e+00
5000  3.90467e-01  5.85701e-01 -6.71364e+00 -6.12794e+00 -3.81653e+00
