100  3.98736e-01  5.98104e-01 -6.72468e+00 -6.12657e+00 -3.86949e+00
200  3.84980e-01  5.77470e-01 -6.70261e+00 -6.12514e+00 -3.77167e+00
300  3.72951e-01  5.59426e-01 -6.68053e+00 -6.12111e+00 -3.64371e+00
400  3.50627e-01  5.25940e-01 -6.64593e+00 -6.11999e+00 -3.42836e+00
500  3.92825e-01  5.89237e-01 -6.71196e+00 -6.12272e+00 -3.80727e+00
600  3.61011e-01  5.41517e-01 -6.65861e+00 -6.11710e+00 -3.53973e+00
700  3.82006e-01  5.73009e-01 -6.69231e+00 -6.11930e+00 -3.70456e+00
800  3.76028e-01  5.64042e-01 -6.68463e+00 -6.12059e+00 -3.65382e+00
900  3.78367e-01  5.67550e-01 -6.68413e+00 -6.11658e+00 -3.67759e+00
1000  3.84774e-01  5.77161e-01 -6.69408e+00 -6.11692e+00 -3.69173e+00
1100  3.76177e-01  5.64265e-01 -6.68394e+00 -6.11967e+00 -3.66472e+00
1200  3.78501e-01  5.67751e-01 -6.67987e+00 -6.11212e+00 -3.65658e+00
1300  3.83096e-01  5.74645e-01 -6.68760e+00 -6.11296e+00 -3.65510e+00
1400  3.84884e-01  5.77326e-01 -6.69007e+00 -6.11274e+00 -3.72728e+00
1500  3.75233e-01  5.62849e-01 -6.67126e+00 -6.10841e+00 -3.63502e+00
1600  3.83409e-01  5.75113e-01 -6.68131e+00 -6.10620e+00 -3.66667e+00
1700  3.86062e-01  5.79092e-01 -6.68318e+00 -6.10409e+00 -3.67066e+00
1800  3.68345e-01  5.52517e-01 -6.65700e+00 -6.10448e+00 -3.51361e+00
1900  3.83944e-01  5.75916e-01 -6.67962e+00 -6.10371e+00 -3.62690e+00
2000  3.83620e-01  5.75430e-01 -6.67583e+00 -6.10040e+00 -3.59781e+00
2100  3.92048e-01  5.88071e-01 -6.68985e+00 -6.10177e+00 -3.70431e+00
2200  3.85757e-01  5.78636e-01 -6.67515e+00 -6.09651e+00 -3.64042e+00
2300  3.78854e-01  5.68281e-01 -6.66157e+00 -6.09329e+00 -3.55097e+00
2400  3.97782e-01  5.96673e-01 -6.69218e+00 -6.09551e+00 -3.70436e+00
2500  3.91917e-01  5.87876e-01 -6.68262e+00 -6.09474e+00 -3.64300e+00
2600  3.76995e-01  5.65493e-01 -6.65825e+00 -6.09276e+00 -3.52708e+00
2700  3.76724e-01  5.65085e-01 -6.65655e+00 -6.09147e+00 -3.50559e+00
2800  3.79046e-01  5.68569e-01 -6.65661e+00 -6.08804e+00 -3.50040e+00
2900  3.75392e-01  5.63089e-01 -6.64877e+00 -6.08568e+00 -3.43552e+00
3000  3.83897e-01  5.75845e-01 -6.66027e+00 -6.08442e+00 -3.48143e+00
3100  3.74037e-01  5.61055e-01 -6.64041e+00 -6.07935e+00 -3.44508e+00
3200  3.77419e-01  5.66129e-01 -6.64308e+00 -6.07695e+00 -3.45537e+00
3300  3.94524e-01  5.91787e-01 -6.67036e+00 -6.07857e+00 -3.55224e+00
3400  3.86936e-01  5.80404e-01 -6.65869e+00 -6.07829e+00 -3.51109e+00
3500  3.87381e-01  5.81072e-01 -6.66028e+00 -6.07921e+00 -3.48526e+00
3600  3.87511e-01  5.81266e-01 -6.65889e+00 -6.07763e+00 -3.50458e+00
3700  4.07141e-01  6.10711e-01 -6.69030e+00 -6.07959e+00 -3.70318e+00
3800  3.98420e-01  5.97630e-01 -6.67247e+00 -6.07484e+00 -3.64689e+00
3900  3.76918e-01  5.65376e-01 -6.64021e+00 -6.07483e+00 -3.36881e+00
4000  4.00298e-01  6.00447e-01 -6.67534e+00 -6.07490e+00 -3.58796e+00
4100  3.78796e-01  5.68195e-01 -6.64013e+00 -6.07194e+00 -3.31875e+00
4200  3.90890e-01  5.86335e-01 -6.65669e+00 -6.07036e+00 -3.48512e+00
4300  4.12722e-01  6.19082e-01 -6.68879e+00 -6.06970e+00 -3.68065e+00
4400  3.82510e-01  5.73765e-01 -6.64210e+00 -6.06834e+00 -3.44099e+00
4500  4.12834e-01  6.19251e-01 -6.68750e+00 -6.06825e+00 -3.64450e+00
4600  4.08357e-01  6.12535e-01 -6.67606e+00 -6.06352e+00 -3.59713e+00
4700  3.98842e-01  5.98264e-01 -6.65611e+00 -6.05784e+00 -3.53095e+00
4800  4.01302e-01  6.01953e-01 -6.65960e+00 -6.05765e+00 -3.54305e+00
4900  3.90299e-01  5.85448e-01 -6.64119e+00 -6.05574e+00 -3.44447e+00
5000  3.98769e-01  5.98153e-01 -6.65317e+00 -6.05501e+00 -3.50590e+00
