100  3.70232e-01  5.55348e-01 -6.68252e+00 -6.12717e+00 -3.60696e+00
200  3.75732e-01  5.63598e-01 -6.69081e+00 -6.12721e+00 -3.74665e+00
300  3.96256e-01  5.94385e-01 -6.72147e+00 -6.12709e+00 -3.87440e+00
400  3.77050e-01  5.65576e-01 -6.69199e+00 -6.12641e+00 -3.76379e+00
500  3.70295e-01  5.55442e-01 -6.68278e+00 -6.12734e+00 -3.62330e+00
600  3.75313e-01  5.62969e-01 -6.69008e+00 -6.12711e+00 -3.73833e+00
700  3.70124e-01  5.55186e-01 -6.68158e+00 -6.12639e+00 -3.64920e+00
800  3.82494e-01  5.73741e-01 -6.70097e+00 -6.12723e+00 -3.73613e+00
900  3.86459e-01  5.79689e-01 -6.70725e+00 -6.12756e+00 -3.74818e+00
1000  3.78861e-01  5.68291e-01 -6.69503e+00 -6.12674e+00 -3.80828e+00
1100  3.76566e-01  5.64849e-01 -6.69218e+00 -6.12733e+00 -3.66269e+00
1200  3.88909e-01  5.83363e-01 -6.71068e+00 -6.12731e+00 -3.79954e+00
1300  3.68990e-01  5.53484e-01 -6.68049e+00 -6.12701e+00 -3.66265e+00
1400  3.80484e-01  5.70726e-01 -6.69781e+00 -6.12708e+00 -3.72654e+00
1500  3.69575e-01  5.54363e-01 -6.68049e+00 -6.12613e+00 -3.64838e+00
1600  3.73626e-01  5.60440e-01 -6.68630e+00 -6.12586e+00 -3.68711e+00
1700  3.63017e-01  5.44525e-01 -6.67085e+00 -6.12632e+00 -3.64169e+00
1800  3.76695e-01  5.65043e-01 -6.69140e+00 -6.12636e+00 -3.71413e+00
1900  3.78921e-01  5.68381e-01 -6.69500e+00 -6.12662e+00 -3.71937e+00
2000  3.80135e-01  5.70202e-01 -6.69689e+00 -6.12669e+00 -3.70229e+00
2100  3.64279e-01  5.46418e-01 -6.67275e+00 -6.12634e+00 -3.64957e+00
2200  3.92505e-01  5.88757e-01 -6.71556e+00 -6.12680e+00 -3.87770e+00
2300  3.83041e-01  5.74562e-01 -6.70163e+00 -6.12707e+00 -3.75545e+00
2400  3.90984e-01  5.86476e-01 -6.71257e+00 -6.12610e+00 -3.81983e+00
2500  3.82009e-01  5.73014e-01 -6.69975e+00 -6.12674e+00 -3.74878e+00
2600  3.98070e-01  5.97104e-01 -6.72465e+00 -6.12754e+00 -3.88881e+00
2700  3.77724e-01  5.66585e-01 -6.69357e+00 -6.12699e+00 -3.70192e+00
2800  3.88972e-01  5.83458e-01 -6.70993e+00 -6.12648e+00 -3.80642e+00
2900  3.70011e-01  5.55016e-01 -6.68092e+00 -6.12591e+00 -3.68468e+00
3000  3.85763e-01  5.78645e-01 -6.70574e+00 -6.12709e+00 -3.86042e+00
3100  3.75128e-01  5.62692e-01 -6.69011e+00 -6.12742e+00 -3.62645e+00
3200  3.58670e-01  5.38005e-01 -6.66418e+00 -6.12617e+00 -3.56562e+00
3300  3.85037e-01  5.77556e-01 -6.70411e+00 -6.12655e+00 -3.76875e+00
3400  3.78924e-01  5.68386e-01 -6.69482e+00 -6.12643e+00 -3.67121e+00
3500  3.76843e-01  5.65265e-01 -6.69145e+00 -6.12619e+00 -3.70730e+00
3600  3.77493e-01  5.66240e-01 -6.69297e+00 -6.12673e+00 -3.70837e+00
3700  3.69151e-01  5.53727e-01 -6.68030e+00 -6.12658e+00 -3.65314e+00
3800  3.94900e-01  5.92350e-01 -6.71871e+00 -6.12636e+00 -3.91569e+00
3900  3.71461e-01  5.57192e-01 -6.68350e+00 -6.12631e+00 -3.67372e+00
4000  3.65444e-01  5.48166e-01 -6.67491e+00 -6.12675e+00 -3.64832e+00
4100  3.78501e-01  5.67752e-01 -6.69415e+00 -6.12640e+00 -3.72398e+00
4200  3.87872e-01  5.81808e-01 -6.70870e+00 -6.12689e+00 -3.84328e+00
4300  3.61056e-01  5.41585e-01 -6.66824e+00 -6.12665e+00 -3.64160e+00
4400  3.75214e-01  5.62821e-01 -6.68982e+00 -6.12700e+00 -3.66479e+00
4500  3.72931e-01  5.59397e-01 -6.68651e+00 -6.12711e+00 -3.71637e+00
4600  3.72028e-01  5.58041e-01 -6.68490e+00 -6.12686e+00 -3.64356e+00
4700  3.74527e-01  5.61790e-01 -6.68842e+00 -6.12663e+00 -3.72461e+00
4800  3.82911e-01  5.74367e-01 -6.70089e+00 -6.12653e+00 -3.78353e+00
4900  3.57928e-01  5.36891e-01 -6.66322e+00 -6.12633e+00 -3.57446e+00
5000  3.86169e-01  5.79253e-01 -6.70591e+00 -6.12666e+00 -3.72144e+00
