	         1	 9.95745e-01	 4.28571e-01	-3.93743e+00	 4.59291e+02	 5.57381e-01
	         2	 9.78166e-01	 4.44444e-01	-4.91276e+00	 4.00328e+02	 6.39476e-01
	         3	 7.41228e-01	 6.78571e-01	-6.93217e+00	 2.95745e+02	 8.65612e-01
	         4	 4.79638e-01	 4.28571e-01	-7.29783e+00	 2.61968e+02	 9.77220e-01
	         5	 4.52991e-01	 5.00000e-01	-7.34976e+00	 2.65167e+02	 9.65429e-01
	         6	 5.13393e-01	 2.81250e-01	-7.33756e+00	 2.66409e+02	 9.60928e-01
	         7	 5.20833e-01	 3.75000e-01	-7.38613e+00	 2.63584e+02	 9.71228e-01
	         8	 4.14847e-01	 4.07407e-01	-7.40908e+00	 2.61657e+02	 9.78380e-01
	         9	 4.75336e-01	 5.15152e-01	-7.41313e+00	 2.59474e+02	 9.86612e-01
	        10	 4.56621e-01	 4.86486e-01	-7.38506e+00	 2.64768e+02	 9.66885e-01
	        11	 4.36937e-01	 3.82353e-01	-7.42062e+00	 2.64198e+02	 9.68970e-01
	        12	 4.80349e-01	 5.55556e-01	-7.40301e+00	 2.62524e+02	 9.75148e-01
	        13	 4.54167e-01	 1.87500e-01	-7.44553e+00	 2.60341e+02	 9.83326e-01
	        14	 4.89083e-01	 2.59259e-01	-7.44960e+00	 2.62105e+02	 9.76706e-01
	        15	 4.78814e-01	 2.50000e-01	-7.45225e+00	 2.59080e+02	 9.88113e-01
	        16	 4.59916e-01	 3.15789e-01	-7.43226e+00	 2.61437e+02	 9.79205e-01
	        17	 4.75983e-01	 3.70370e-01	-7.42966e+00	 2.59977e+02	 9.84701e-01
	        18	 4.18103e-01	 4.16667e-01	-7.43035e+00	 2.64677e+02	 9.67217e-01
	        19	 3.97436e-01	 2.72727e-01	-7.44049e+00	 2.60030e+02	 9.84502e-01
	        20	 4.55357e-01	 4.06250e-01	-7.45257e+00	 2.60289e+02	 9.83522e-01
	        21	 5.43568e-01	 7.33333e-01	-7.38653e+00	 2.64381e+02	 9.68298e-01
	        22	 4.97778e-01	 4.19355e-01	-7.37527e+00	 2.58907e+02	 9.88771e-01
	        23	 4.68750e-01	 5.31250e-01	-7.35716e+00	 2.64955e+02	 9.66200e-01
	        24	 5.00000e-01	 4.09091e-01	-7.37758e+00	 2.66042e+02	 9.62254e-01
	        25	 4.37229e-01	 4.00000e-01	-7.40783e+00	 2.62448e+02	 9.75431e-01
	        26	 4.54936e-01	 4.34783e-01	-7.45181e+00	 2.62083e+02	 9.76790e-01
	        27	 4.52174e-01	 3.46154e-01	-7.47192e+00	 2.60940e+02	 9.81067e-01
	        28	 4.63830e-01	 3.80952e-01	-7.44573e+00	 2.61705e+02	 9.78199e-01
	        29	 4.49153e-01	 2.50000e-01	-7.40588e+00	 2.61943e+02	 9.77313e-01
	        30	 4.70588e-01	 5.00000e-01	-7.38042e+00	 2.66331e+02	 9.61210e-01
	        31	 4.13502e-01	 3.15789e-01	-7.40363e+00	 2.62620e+02	 9.74791e-01
	        32	 4.97817e-01	 5.18519e-01	-7.39483e+00	 2.61203e+02	 9.80082e-01
	        33	 4.58150e-01	 4.13793e-01	-7.40999e+00	 2.63681e+02	 9.70869e-01
	        34	 4.78632e-01	 5.00000e-01	-7.38410e+00	 2.62220e+02	 9.76281e-01
	        35	 4.78448e-01	 5.41667e-01	-7.37398e+00	 2.64967e+02	 9.66159e-01
	        36	 5.00000e-01	 5.00000e-01	-7.39309e+00	 2.63263e+02	 9.72411e-01
	        37	 4.91525e-01	 3.00000e-01	-7.37999e+00	 2.62074e+02	 9.76822e-01
	        38	 4.26087e-01	 3.84615e-01	-7.37776e+00	 2.61884e+02	 9.77533e-01
	        39	 4.73214e-01	 5.00000e-01	-7.38623e+00	 2.61746e+02	 9.78046e-01
	        40	 4.72103e-01	 4.78261e-01	-7.39744e+00	 2.61137e+02	 9.80328e-01
	        41	 5.19313e-01	 3.47826e-01	-7.37765e+00	 2.60990e+02	 9.80879e-01
	        42	 4.32900e-01	 4.80000e-01	-7.35384e+00	 2.64135e+02	 9.69203e-01
	        43	 4.33628e-01	 3.66667e-01	-7.36313e+00	 2.61859e+02	 9.77625e-01
	        44	 4.84979e-01	 4.78261e-01	-7.39039e+00	 2.61165e+02	 9.80224e-01
	        45	 4.76190e-01	 5.60000e-01	-7.37650e+00	 2.66848e+02	 9.59347e-01
	        46	 5.08696e-01	 6.15385e-01	-7.37838e+00	 2.65612e+02	 9.63812e-01
	        47	 5.27897e-01	 3.04348e-01	-7.35946e+00	 2.66235e+02	 9.61556e-01
	        48	 4.24107e-01	 4.68750e-01	-7.41586e+00	 2.63042e+02	 9.73228e-01
	        49	 5.19149e-01	 5.23810e-01	-7.36039e+00	 2.61900e+02	 9.77474e-01
	        50	 4.87288e-01	 5.50000e-01	-7.32283e+00	 2.66430e+02	 9.60853e-01
	        51	 4.30493e-01	 5.45455e-01	-7.32417e+00	 2.63853e+02	 9.70236e-01
	        52	 4.36681e-01	 4.44444e-01	-7.31196e+00	 2.66440e+02	 9.60815e-01
	        53	 4.67249e-01	 4.07407e-01	-7.33010e+00	 2.64542e+02	 9.67711e-01
	        54	 4.20601e-01	 4.34783e-01	-7.31797e+00	 2.63925e+02	 9.69974e-01
	        55	 4.68085e-01	 3.80952e-01	-7.32898e+00	 2.64263e+02	 9.68731e-01
	        56	 4.54148e-01	 5.55556e-01	-7.36243e+00	 2.63876e+02	 9.70154e-01
	        57	 4.27966e-01	 5.50000e-01	-7.32182e+00	 2.62937e+02	 9.73617e-01
	        58	 4.81651e-01	 2.89474e-01	-7.30837e+00	 2.63943e+02	 9.69908e-01
	        59	 4.78448e-01	 4.16667e-01	-7.32834e+00	 2.65216e+02	 9.65249e-01
	        60	 5.24017e-01	 4.81481e-01	-7.28391e+00	 2.67152e+02	 9.58255e-01
	        61	 4.82301e-01	 4.66667e-01	-7.24129e+00	 2.69467e+02	 9.50024e-01
	        62	 5.42735e-01	 4.09091e-01	-7.23849e+00	 2.68544e+02	 9.53288e-01
	        63	 5.35865e-01	 1.57895e-01	-7.18657e+00	 2.70208e+02	 9.47419e-01
	        64	 5.17699e-01	 3.66667e-01	-7.17564e+00	 2.68139e+02	 9.54730e-01
	        65	 4.47368e-01	 5.35714e-01	-7.19366e+00	 2.69346e+02	 9.50449e-01
	        66	 4.95614e-01	 3.57143e-01	-7.20735e+00	 2.67485e+02	 9.57064e-01
	        67	 4.60177e-01	 4.33333e-01	-7.20483e+00	 2.67988e+02	 9.55266e-01
	        68	 5.25210e-01	 4.44444e-01	-7.17465e+00	 2.67152e+02	 9.58254e-01
	        69	 5.86207e-01	 5.83333e-01	-7.21092e+00	 2.67048e+02	 9.58631e-01
	        70	 4.77679e-01	 4.06250e-01	-7.17787e+00	 2.68844e+02	 9.52227e-01
	        71	 4.93333e-01	 4.19355e-01	-7.16579e+00	 2.69742e+02	 9.49054e-01
	        72	 4.91379e-01	 5.00000e-01	-7.15189e+00	 2.69032e+02	 9.51558e-01
	        73	 5.33333e-01	 7.09677e-01	-7.12884e+00	 2.73383e+02	 9.36416e-01
	        74	 4.40000e-01	 3.54839e-01	-7.16351e+00	 2.69227e+02	 9.50869e-01
	        75	 4.64912e-01	 4.28571e-01	-7.17989e+00	 2.69830e+02	 9.48746e-01
	        76	 4.49782e-01	 5.55556e-01	-7.17573e+00	 2.69091e+02	 9.51352e-01
	        77	 5.02183e-01	 4.81481e-01	-7.17136e+00	 2.67392e+02	 9.57394e-01
	        78	 5.06550e-01	 5.92593e-01	-7.23621e+00	 2.66560e+02	 9.60384e-01
	        79	 4.63203e-01	 3.60000e-01	-7.21780e+00	 2.66909e+02	 9.59130e-01
	        80	 4.44444e-01	 4.83871e-01	-7.21994e+00	 2.67546e+02	 9.56845e-01
	        81	 4.69027e-01	 3.33333e-01	-7.21993e+00	 2.64608e+02	 9.67471e-01
	        82	 4.67532e-01	 2.80000e-01	-7.22653e+00	 2.65305e+02	 9.64926e-01
	        83	 4.89177e-01	 2.40000e-01	-7.27647e+00	 2.66306e+02	 9.61302e-01
	        84	 4.86726e-01	 6.33333e-01	-7.31895e+00	 2.62465e+02	 9.75367e-01
	        85	 4.62185e-01	 3.88889e-01	-7.31783e+00	 2.64665e+02	 9.67262e-01
	        86	 4.67249e-01	 3.33333e-01	-7.36266e+00	 2.64124e+02	 9.69242e-01
	        87	 4.41964e-01	 3.75000e-01	-7.32401e+00	 2.63534e+02	 9.71413e-01
	        88	 5.08696e-01	 3.84615e-01	-7.31845e+00	 2.67315e+02	 9.57673e-01
	        89	 4.66368e-01	 5.75758e-01	-7.31841e+00	 2.64779e+02	 9.66844e-01
	        90	 4.73451e-01	 3.33333e-01	-7.33064e+00	 2.67228e+02	 9.57982e-01
	        91	 4.95652e-01	 5.76923e-01	-7.34239e+00	 2.62908e+02	 9.73725e-01
	        92	 5.10638e-01	 4.28571e-01	-7.31797e+00	 2.65781e+02	 9.63200e-01
	        93	 4.71616e-01	 6.66667e-01	-7.26526e+00	 2.67551e+02	 9.56827e-01
	        94	 5.02222e-01	 4.51613e-01	-7.28167e+00	 2.65079e+02	 9.65749e-01
	        95	 5.15152e-01	 4.00000e-01	-7.30705e+00	 2.62022e+02	 9.77017e-01
	        96	 4.89177e-01	 2.40000e-01	-7.33932e+00	 2.64744e+02	 9.66970e-01
	        97	 4.88889e-01	 4.19355e-01	-7.33409e+00	 2.64501e+02	 9.67860e-01
	        98	 5.45064e-01	 3.47826e-01	-7.28216e+00	 2.62724e+02	 9.74406e-01
	        99	 5.45455e-01	 4.44444e-01	-7.26691e+00	 2.66914e+02	 9.59111e-01
	       100	 4.69298e-01	 3.21429e-01	-7.30009e+00	 2.66087e+02	 9.62092e-01
	       101	 4.29864e-01	 3.71429e-01	-7.26050e+00	 2.66496e+02	 9.60617e-01
	       102	 5.04310e-01	 4.58333e-01	-7.27556e+00	 2.65090e+02	 9.65709e-01
	       103	 4.35345e-01	 2.08333e-01	-7.27736e+00	 2.65487e+02	 9.64267e-01
	       104	 4.93562e-01	 3.91304e-01	-7.30493e+00	 2.62348e+02	 9.75801e-01
	       105	 4.48889e-01	 3.87097e-01	-7.24088e+00	 2.69257e+02	 9.50765e-01
	       106	 4.37229e-01	 4.00000e-01	-7.20061e+00	 2.68919e+02	 9.51958e-01
	       107	 5.48936e-01	 3.33333e-01	-7.20475e+00	 2.70106e+02	 9.47776e-01
	       108	 4.91525e-01	 4.00000e-01	-7.19729e+00	 2.69385e+02	 9.50312e-01
	       109	 4.80519e-01	 3.60000e-01	-7.19077e+00	 2.68546e+02	 9.53283e-01
	       110	 4.65812e-01	 4.09091e-01	-7.21859e+00	 2.66146e+02	 9.61878e-01
	       111	 5.51724e-01	 3.33333e-01	-7.22134e+00	 2.65921e+02	 9.62692e-01
	       112	 5.00000e-01	 4.23077e-01	-7.20542e+00	 2.67302e+02	 9.57719e-01
	       113	 4.76395e-01	 6.08696e-01	-7.20397e+00	 2.67364e+02	 9.57497e-01
	       114	 4.57778e-01	 3.87097e-01	-7.23395e+00	 2.63653e+02	 9.70974e-01
	       115	 4.61538e-01	 3.14286e-01	-7.20797e+00	 2.66773e+02	 9.59617e-01
	       116	 4.73451e-01	 2.33333e-01	-7.19976e+00	 2.69321e+02	 9.50537e-01
	       117	 5.31915e-01	 4.76190e-01	-7.17031e+00	 2.69047e+02	 9.51508e-01
	       118	 4.53782e-01	 5.00000e-01	-7.15918e+00	 2.67065e+02	 9.58567e-01
	       119	 4.91304e-01	 5.00000e-01	-7.17686e+00	 2.68094e+02	 9.54889e-01
	       120	 5.13043e-01	 3.84615e-01	-7.19178e+00	 2.68758e+02	 9.52529e-01
	       121	 5.38136e-01	 5.50000e-01	-7.26090e+00	 2.63264e+02	 9.72410e-01
	       122	 5.02146e-01	 3.47826e-01	-7.19085e+00	 2.68003e+02	 9.55215e-01
	       123	 5.31646e-01	 2.10526e-01	-7.19321e+00	 2.67432e+02	 9.57251e-01
	       124	 4.97854e-01	 3.04348e-01	-7.22843e+00	 2.67621e+02	 9.56577e-01
	       125	 4.74359e-01	 5.90909e-01	-7.19958e+00	 2.67766e+02	 9.56060e-01
	       126	 5.22124e-01	 5.66667e-01	-7.22034e+00	 2.64903e+02	 9.66392e-01
	       127	 4.33476e-01	 4.34783e-01	-7.22898e+00	 2.63828e+02	 9.70328e-01
	       128	 4.58150e-01	 5.17241e-01	-7.20356e+00	 2.68443e+02	 9.53649e-01
	       129	 5.00000e-01	 3.46154e-01	-7.20663e+00	 2.67085e+02	 9.58498e-01
	       130	 4.80349e-01	 3.33333e-01	-7.21441e+00	 2.66946e+02	 9.58996e-01
	       131	 4.86726e-01	 4.00000e-01	-7.18436e+00	 2.64953e+02	 9.66207e-01
	       132	 5.66372e-01	 4.33333e-01	-7.21803e+00	 2.66920e+02	 9.59089e-01
	       133	 4.72574e-01	 1.57895e-01	-7.22329e+00	 2.67674e+02	 9.56389e-01
	       134	 5.14523e-01	 3.33333e-01	-7.23866e+00	 2.66534e+02	 9.60478e-01
	       135	 4.75771e-01	 5.17241e-01	-7.23725e+00	 2.65339e+02	 9.64805e-01
	       136	 4.40678e-01	 4.00000e-01	-7.19954e+00	 2.65869e+02	 9.62881e-01
	       137	 4.67249e-01	 4.81481e-01	-7.23438e+00	 2.64984e+02	 9.66097e-01
	       138	 4.30493e-01	 5.75758e-01	-7.24783e+00	 2.66641e+02	 9.60093e-01
	       139	 4.93671e-01	 3.68421e-01	-7.25648e+00	 2.66330e+02	 9.61215e-01
	       140	 4.03433e-01	 1.73913e-01	-7.28514e+00	 2.64547e+02	 9.67694e-01
	       141	 5.08772e-01	 3.92857e-01	-7.24236e+00	 2.66809e+02	 9.59486e-01
	       142	 4.64286e-01	 4.06250e-01	-7.25277e+00	 2.66385e+02	 9.61013e-01
	       143	 4.89177e-01	 4.40000e-01	-7.22294e+00	 2.68316e+02	 9.54100e-01
	       144	 4.87288e-01	 4.50000e-01	-7.24254e+00	 2.68370e+02	 9.53905e-01
	       145	 5.37778e-01	 3.22581e-01	-7.24294e+00	 2.65211e+02	 9.65270e-01
	       146	 4.59574e-01	 5.23810e-01	-7.24418e+00	 2.69827e+02	 9.48757e-01
	       147	 4.73451e-01	 6.66667e-01	-7.27570e+00	 2.65251e+02	 9.65125e-01
	       148	 4.60870e-01	 2.69231e-01	-7.29040e+00	 2.66260e+02	 9.61468e-01
	       149	 4.82759e-01	 2.91667e-01	-7.35988e+00	 2.65314e+02	 9.64895e-01
	       150	 4.63964e-01	 3.82353e-01	-7.34210e+00	 2.67313e+02	 9.57679e-01
	       151	 4.14847e-01	 4.44444e-01	-7.37285e+00	 2.63454e+02	 9.71707e-01
	       152	 5.00000e-01	 6.36364e-01	-7.32605e+00	 2.64299e+02	 9.68600e-01
	       153	 4.46352e-01	 4.78261e-01	-7.26353e+00	 2.68756e+02	 9.52537e-01
	       154	 4.75556e-01	 3.22581e-01	-7.31314e+00	 2.64963e+02	 9.66173e-01
	       155	 4.41176e-01	 4.44444e-01	-7.28559e+00	 2.63216e+02	 9.72587e-01
	       156	 4.43038e-01	 4.73684e-01	-7.29676e+00	 2.62857e+02	 9.73914e-01
	       157	 4.20168e-01	 5.00000e-01	-7.28236e+00	 2.65323e+02	 9.64860e-01
	       158	 4.73913e-01	 5.00000e-01	-7.26530e+00	 2.65460e+02	 9.64364e-01
	       159	 4.47257e-01	 4.73684e-01	-7.28554e+00	 2.64826e+02	 9.66673e-01
	       160	 4.55357e-01	 3.12500e-01	-7.31030e+00	 2.62359e+02	 9.75763e-01
	       161	 4.34211e-01	 3.92857e-01	-7.32182e+00	 2.64714e+02	 9.67083e-01
	       162	 4.93506e-01	 5.20000e-01	-7.31446e+00	 2.65766e+02	 9.63255e-01
	       163	 4.88688e-01	 4.00000e-01	-7.27511e+00	 2.67215e+02	 9.58030e-01
	       164	 4.33476e-01	 3.91304e-01	-7.29271e+00	 2.66369e+02	 9.61074e-01
	       165	 4.62555e-01	 4.48276e-01	-7.30175e+00	 2.66104e+02	 9.62028e-01
	       166	 4.75771e-01	 3.79310e-01	-7.30907e+00	 2.64755e+02	 9.66933e-01
	       167	 4.93333e-01	 2.90323e-01	-7.26379e+00	 2.64357e+02	 9.68388e-01
	       168	 4.38819e-01	 3.68421e-01	-7.25695e+00	 2.63267e+02	 9.72396e-01
	       169	 5.41485e-01	 5.55556e-01	-7.26211e+00	 2.70936e+02	 9.44872e-01
	       170	 3.88393e-01	 4.06250e-01	-7.28886e+00	 2.63323e+02	 9.72190e-01
	       171	 4.80176e-01	 3.44828e-01	-7.29465e+00	 2.67146e+02	 9.58278e-01
	       172	 4.66102e-01	 3.00000e-01	-7.29229e+00	 2.67184e+02	 9.58142e-01
	       173	 4.52489e-01	 5.14286e-01	-7.29844e+00	 2.62141e+02	 9.76573e-01
	       174	 4.32432e-01	 5.00000e-01	-7.30300e+00	 2.67475e+02	 9.57099e-01
	       175	 4.22414e-01	 5.41667e-01	-7.28975e+00	 2.69021e+02	 9.51598e-01
	       176	 4.69298e-01	 5.00000e-01	-7.29770e+00	 2.63257e+02	 9.72434e-01
	       177	 4.58150e-01	 5.17241e-01	-7.29296e+00	 2.64983e+02	 9.66098e-01
	       178	 4.48718e-01	 4.54545e-01	-7.32121e+00	 2.63190e+02	 9.72682e-01
	       179	 4.91379e-01	 3.75000e-01	-7.35494e+00	 2.65820e+02	 9.63059e-01
	       180	 5.06438e-01	 3.91304e-01	-7.31756e+00	 2.66030e+02	 9.62298e-01
	       181	 5.06494e-01	 4.80000e-01	-7.32468e+00	 2.60851e+02	 9.81403e-01
	       182	 4.58333e-01	 6.25000e-02	-7.30480e+00	 2.64194e+02	 9.68983e-01
	       183	 4.81172e-01	 3.52941e-01	-7.28066e+00	 2.64017e+02	 9.69636e-01
	       184	 5.08403e-01	 3.88889e-01	-7.29604e+00	 2.62762e+02	 9.74264e-01
	       185	 5.04167e-01	 5.62500e-01	-7.28272e+00	 2.64370e+02	 9.68340e-01
	       186	 4.84979e-01	 5.65217e-01	-7.33346e+00	 2.63798e+02	 9.70438e-01
	       187	 4.68354e-01	 1.57895e-01	-7.34797e+00	 2.62876e+02	 9.73842e-01
	       188	 4.89362e-01	 3.33333e-01	-7.33552e+00	 2.62784e+02	 9.74184e-01
	       189	 4.85356e-01	 7.05882e-01	-7.30468e+00	 2.65497e+02	 9.64230e-01
	       190	 4.26009e-01	 3.93939e-01	-7.28819e+00	 2.64552e+02	 9.67673e-01
	       191	 4.50413e-01	 2.14286e-01	-7.27115e+00	 2.64684e+02	 9.67191e-01
	       192	 5.40909e-01	 3.61111e-01	-7.26178e+00	 2.68805e+02	 9.52363e-01
	       193	 4.89270e-01	 5.21739e-01	-7.28617e+00	 2.64770e+02	 9.66876e-01
	       194	 4.85356e-01	 3.52941e-01	-7.29767e+00	 2.67575e+02	 9.56739e-01
	       195	 4.97817e-01	 4.81481e-01	-7.29894e+00	 2.66788e+02	 9.59564e-01
	       196	 4.93671e-01	 3.15789e-01	-7.26067e+00	 2.65783e+02	 9.63191e-01
	       197	 4.16309e-01	 4.78261e-01	-7.29153e+00	 2.63806e+02	 9.70411e-01
	       198	 5.56034e-01	 5.41667e-01	-7.26798e+00	 2.66704e+02	 9.59864e-01
	       199	 4.29185e-01	 3.47826e-01	-7.23725e+00	 2.69771e+02	 9.48953e-01
	       200	 4.61207e-01	 5.41667e-01	-7.26463e+00	 2.69170e+02	 9.51071e-01
	       201	 4.78992e-01	 3.33333e-01	-7.31292e+00	 2.64180e+02	 9.69038e-01
	       202	 4.63203e-01	 4.00000e-01	-7.32388e+00	 2.63148e+02	 9.72835e-01
	       203	 4.72103e-01	 5.21739e-01	-7.33825e+00	 2.66006e+02	 9.62384e-01
	       204	 4.51754e-01	 6.07143e-01	-7.36790e+00	 2.61215e+02	 9.80035e-01
	       205	 4.59916e-01	 4.73684e-01	-7.32783e+00	 2.64454e+02	 9.68033e-01
	       206	 4.21525e-01	 4.84848e-01	-7.32651e+00	 2.63780e+02	 9.70504e-01
	       207	 4.46903e-01	 4.00000e-01	-7.29283e+00	 2.67474e+02	 9.57103e-01
	       208	 4.82456e-01	 2.85714e-01	-7.27438e+00	 2.68422e+02	 9.53723e-01
	       209	 5.67686e-01	 7.77778e-01	-7.23130e+00	 2.67857e+02	 9.55732e-01
	       210	 4.70339e-01	 3.00000e-01	-7.23385e+00	 2.68743e+02	 9.52582e-01
	       211	 4.71366e-01	 3.79310e-01	-7.23224e+00	 2.66670e+02	 9.59989e-01
	       212	 4.71861e-01	 4.80000e-01	-7.19439e+00	 2.67506e+02	 9.56987e-01
	       213	 4.63203e-01	 4.40000e-01	-7.19128e+00	 2.66461e+02	 9.60740e-01
	       214	 5.39130e-01	 5.00000e-01	-7.14273e+00	 2.69513e+02	 9.49863e-01
	       215	 5.02110e-01	 6.31579e-01	-7.17917e+00	 2.66796e+02	 9.59533e-01
	       216	 5.12821e-01	 3.18182e-01	-7.17494e+00	 2.67754e+02	 9.56102e-01
	       217	 5.17544e-01	 3.57143e-01	-7.22281e+00	 2.68261e+02	 9.54295e-01
	       218	 4.74359e-01	 4.54545e-01	-7.23658e+00	 2.66422e+02	 9.60883e-01
	       219	 5.15152e-01	 5.60000e-01	-7.24628e+00	 2.65543e+02	 9.64062e-01
	       220	 4.88987e-01	 4.82759e-01	-7.31445e+00	 2.66502e+02	 9.60593e-01
	       221	 4.93724e-01	 5.88235e-01	-7.30847e+00	 2.68052e+02	 9.55039e-01
	       222	 4.42060e-01	 3.04348e-01	-7.33641e+00	 2.64756e+02	 9.66929e-01
	       223	 4.78448e-01	 3.75000e-01	-7.28793e+00	 2.66174e+02	 9.61778e-01
	       224	 5.48673e-01	 4.33333e-01	-7.24843e+00	 2.68075e+02	 9.54955e-01
	       225	 4.47257e-01	 4.73684e-01	-7.27195e+00	 2.64500e+02	 9.67865e-01
	       226	 4.56140e-01	 3.92857e-01	-7.22838e+00	 2.67405e+02	 9.57351e-01
	       227	 4.88889e-01	 4.19355e-01	-7.20227e+00	 2.66520e+02	 9.60530e-01
	       228	 5.24017e-01	 4.81481e-01	-7.23157e+00	 2.66147e+02	 9.61876e-01
	       229	 4.50000e-01	 4.44444e-01	-7.25526e+00	 2.65705e+02	 9.63474e-01
	       230	 4.82456e-01	 5.35714e-01	-7.28657e+00	 2.65509e+02	 9.64184e-01
	       231	 4.97797e-01	 2.75862e-01	-7.29276e+00	 2.63956e+02	 9.69858e-01
	       232	 5.06438e-01	 3.47826e-01	-7.32766e+00	 2.64266e+02	 9.68721e-01
	       233	 4.80349e-01	 4.07407e-01	-7.33645e+00	 2.64729e+02	 9.67028e-01
	       234	 4.28571e-01	 2.77778e-01	-7.36365e+00	 2.65646e+02	 9.63687e-01
	       235	 4.95726e-01	 3.63636e-01	-7.33713e+00	 2.63371e+02	 9.72013e-01
	       236	 5.19651e-01	 3.33333e-01	-7.36983e+00	 2.64264e+02	 9.68729e-01
	       237	 4.82609e-01	 4.61538e-01	-7.34703e+00	 2.62638e+02	 9.74726e-01
	       238	 5.06494e-01	 3.60000e-01	-7.32373e+00	 2.63074e+02	 9.73112e-01
	       239	 5.19481e-01	 5.60000e-01	-7.31196e+00	 2.65300e+02	 9.64946e-01
	       240	 4.81013e-01	 3.15789e-01	-7.31097e+00	 2.67224e+02	 9.57998e-01
	       241	 4.59227e-01	 3.91304e-01	-7.29254e+00	 2.67080e+02	 9.58513e-01
	       242	 4.74790e-01	 2.22222e-01	-7.30982e+00	 2.61631e+02	 9.78478e-01
	       243	 4.52489e-01	 3.71429e-01	-7.34202e+00	 2.64913e+02	 9.66355e-01
	       244	 4.89177e-01	 6.40000e-01	-7.33374e+00	 2.67493e+02	 9.57036e-01
	       245	 4.49339e-01	 5.17241e-01	-7.33175e+00	 2.62405e+02	 9.75593e-01
	       246	 4.49782e-01	 5.18519e-01	-7.27070e+00	 2.66457e+02	 9.60755e-01
	       247	 4.52915e-01	 3.33333e-01	-7.31901e+00	 2.64854e+02	 9.66571e-01
	       248	 5.02183e-01	 4.81481e-01	-7.37780e+00	 2.64260e+02	 9.68741e-01
	       249	 4.77876e-01	 4.66667e-01	-7.39260e+00	 2.64138e+02	 9.69190e-01
	       250	 4.89177e-01	 3.60000e-01	-7.38145e+00	 2.61191e+02	 9.80127e-01
	       251	 4.66387e-01	 5.00000e-01	-7.36831e+00	 2.63478e+02	 9.71617e-01
	       252	 4.97890e-01	 4.73684e-01	-7.32211e+00	 2.66624e+02	 9.60152e-01
	       253	 5.71429e-01	 5.31250e-01	-7.30508e+00	 2.62356e+02	 9.75772e-01
	       254	 5.52632e-01	 5.00000e-01	-7.32018e+00	 2.62003e+02	 9.77089e-01
	       255	 4.23729e-01	 3.00000e-01	-7.37400e+00	 2.64252e+02	 9.68774e-01
	       256	 4.76793e-01	 5.26316e-01	-7.34805e+00	 2.61654e+02	 9.78390e-01
	       257	 4.66102e-01	 5.50000e-01	-7.31494e+00	 2.65962e+02	 9.62542e-01
	       258	 4.31034e-01	 4.58333e-01	-7.30482e+00	 2.62162e+02	 9.76495e-01
	       259	 4.37229e-01	 5.60000e-01	-7.29610e+00	 2.64134e+02	 9.69204e-01
	       260	 4.35556e-01	 4.83871e-01	-7.31690e+00	 2.66388e+02	 9.61003e-01
	       261	 4.93617e-01	 4.28571e-01	-7.31720e+00	 2.64568e+02	 9.67615e-01
	       262	 5.41126e-01	 3.60000e-01	-7.29945e+00	 2.65848e+02	 9.62957e-01
	       263	 4.73684e-01	 3.92857e-01	-7.31085e+00	 2.63124e+02	 9.72925e-01
	       264	 5.20000e-01	 4.19355e-01	-7.29325e+00	 2.66192e+02	 9.61713e-01
	       265	 4.68085e-01	 2.38095e-01	-7.25450e+00	 2.66361e+02	 9.61103e-01
	       266	 5.38462e-01	 5.45455e-01	-7.28504e+00	 2.63435e+02	 9.71776e-01
	       267	 3.97380e-01	 4.81481e-01	-7.30454e+00	 2.63567e+02	 9.71291e-01
	       268	 5.06608e-01	 4.13793e-01	-7.27054e+00	 2.64423e+02	 9.68145e-01
	       269	 3.90135e-01	 6.06061e-01	-7.21627e+00	 2.70969e+02	 9.44756e-01
	       270	 5.47826e-01	 3.84615e-01	-7.24693e+00	 2.66370e+02	 9.61070e-01
	       271	 4.97817e-01	 5.18519e-01	-7.24622e+00	 2.67921e+02	 9.55505e-01
	       272	 5.06667e-01	 5.16129e-01	-7.24504e+00	 2.67358e+02	 9.57519e-01
	       273	 4.81982e-01	 4.11765e-01	-7.26753e+00	 2.64192e+02	 9.68993e-01
	       274	 4.89362e-01	 4.28571e-01	-7.27330e+00	 2.64319e+02	 9.68525e-01
	       275	 5.27660e-01	 4.28571e-01	-7.30143e+00	 2.66794e+02	 9.59542e-01
	       276	 5.37118e-01	 4.44444e-01	-7.31748e+00	 2.66431e+02	 9.60849e-01
	       277	 4.48276e-01	 4.16667e-01	-7.36617e+00	 2.62271e+02	 9.76089e-01
	       278	 5.15695e-01	 3.03030e-01	-7.39001e+00	 2.64525e+02	 9.67772e-01
	       279	 4.22907e-01	 5.17241e-01	-7.35843e+00	 2.61114e+02	 9.80414e-01
	       280	 4.42922e-01	 5.13514e-01	-7.31657e+00	 2.64535e+02	 9.67736e-01
	       281	 4.57627e-01	 4.50000e-01	-7.33018e+00	 2.63131e+02	 9.72900e-01
	       282	 5.08929e-01	 3.75000e-01	-7.35878e+00	 2.62859e+02	 9.73907e-01
	       283	 4.08696e-01	 3.84615e-01	-7.35760e+00	 2.62572e+02	 9.74970e-01
	       284	 4.12281e-01	 5.00000e-01	-7.27498e+00	 2.67485e+02	 9.57064e-01
	       285	 4.81172e-01	 3.52941e-01	-7.27357e+00	 2.68451e+02	 9.53620e-01
	       286	 4.48718e-01	 4.09091e-01	-7.33417e+00	 2.63736e+02	 9.70666e-01
	       287	 4.79821e-01	 3.93939e-01	-7.38799e+00	 2.60163e+02	 9.83997e-01
	       288	 4.66368e-01	 3.93939e-01	-7.36042e+00	 2.62328e+02	 9.75877e-01
	       289	 4.59574e-01	 4.28571e-01	-7.38170e+00	 2.64527e+02	 9.67765e-01
	       290	 4.82906e-01	 3.63636e-01	-7.35626e+00	 2.62236e+02	 9.76218e-01
	       291	 4.84716e-01	 5.55556e-01	-7.33817e+00	 2.66183e+02	 9.61744e-01
	       292	 4.84444e-01	 5.80645e-01	-7.30628e+00	 2.66748e+02	 9.59707e-01
	       293	 4.84716e-01	 4.44444e-01	-7.31620e+00	 2.63379e+02	 9.71983e-01
	       294	 5.26316e-01	 5.00000e-01	-7.29216e+00	 2.64164e+02	 9.69095e-01
	       295	 4.48430e-01	 4.84848e-01	-7.27296e+00	 2.66896e+02	 9.59175e-01
	       296	 4.91304e-01	 5.38462e-01	-7.31409e+00	 2.63601e+02	 9.71165e-01
	       297	 4.51064e-01	 5.23810e-01	-7.31475e+00	 2.65756e+02	 9.63291e-01
	       298	 5.06667e-01	 4.19355e-01	-7.28710e+00	 2.64128e+02	 9.69228e-01
	       299	 4.97872e-01	 4.76190e-01	-7.27617e+00	 2.63421e+02	 9.71829e-01
	       300	 4.73913e-01	 3.07692e-01	-7.30155e+00	 2.61468e+02	 9.79088e-01
	       301	 4.80687e-01	 4.78261e-01	-7.32700e+00	 2.62827e+02	 9.74025e-01
	       302	 5.41126e-01	 2.40000e-01	-7.33691e+00	 2.64701e+02	 9.67129e-01
	       303	 4.80349e-01	 4.07407e-01	-7.36402e+00	 2.58513e+02	 9.90278e-01
	       304	 4.57399e-01	 4.54545e-01	-7.34272e+00	 2.65481e+02	 9.64286e-01
	       305	 5.02075e-01	 2.66667e-01	-7.39451e+00	 2.63039e+02	 9.73241e-01
	       306	 4.91304e-01	 4.61538e-01	-7.34423e+00	 2.66706e+02	 9.59859e-01
	       307	 4.37229e-01	 4.40000e-01	-7.32461e+00	 2.68833e+02	 9.52265e-01
	       308	 5.06667e-01	 4.51613e-01	-7.35916e+00	 2.64646e+02	 9.67331e-01
	       309	 4.67249e-01	 4.44444e-01	-7.36285e+00	 2.62846e+02	 9.73956e-01
	       310	 4.82456e-01	 3.57143e-01	-7.36052e+00	 2.65299e+02	 9.64947e-01
	       311	 4.81328e-01	 6.00000e-01	-7.36241e+00	 2.67962e+02	 9.55358e-01
	       312	 4.34211e-01	 5.35714e-01	-7.37632e+00	 2.64471e+02	 9.67969e-01
	       313	 4.93274e-01	 3.63636e-01	-7.39037e+00	 2.61791e+02	 9.77878e-01
	       314	 4.63830e-01	 3.33333e-01	-7.39354e+00	 2.63417e+02	 9.71843e-01
	       315	 4.93450e-01	 4.07407e-01	-7.35013e+00	 2.61308e+02	 9.79686e-01
	       316	 4.56897e-01	 5.00000e-01	-7.32762e+00	 2.63578e+02	 9.71250e-01
	       317	 5.02146e-01	 4.34783e-01	-7.24395e+00	 2.67309e+02	 9.57694e-01
	       318	 5.02183e-01	 4.44444e-01	-7.24390e+00	 2.65060e+02	 9.65818e-01
	       319	 4.91228e-01	 4.28571e-01	-7.22352e+00	 2.70618e+02	 9.45984e-01
	       320	 4.57399e-01	 4.84848e-01	-7.23572e+00	 2.67145e+02	 9.58280e-01
	       321	 5.16949e-01	 4.50000e-01	-7.24708e+00	 2.67618e+02	 9.56587e-01
	       322	 5.02146e-01	 5.21739e-01	-7.29840e+00	 2.65277e+02	 9.65027e-01
	       323	 4.95495e-01	 3.82353e-01	-7.29993e+00	 2.62927e+02	 9.73655e-01
	       324	 4.45887e-01	 4.80000e-01	-7.23013e+00	 2.69475e+02	 9.49994e-01
	       325	 5.23810e-01	 4.40000e-01	-7.25185e+00	 2.68435e+02	 9.53675e-01
	       326	 4.64135e-01	 4.21053e-01	-7.22388e+00	 2.65662e+02	 9.63630e-01
	       327	 5.04386e-01	 4.64286e-01	-7.24147e+00	 2.67506e+02	 9.56989e-01
	       328	 5.00000e-01	 4.50000e-01	-7.22871e+00	 2.65831e+02	 9.63019e-01
	       329	 4.93450e-01	 3.70370e-01	-7.23469e+00	 2.65775e+02	 9.63222e-01
	       330	 4.80519e-01	 4.00000e-01	-7.29800e+00	 2.64485e+02	 9.67920e-01
	       331	 5.06494e-01	 4.40000e-01	-7.30787e+00	 2.67295e+02	 9.57742e-01
	       332	 4.50644e-01	 6.08696e-01	-7.27866e+00	 2.67245e+02	 9.57923e-01
	       333	 4.65217e-01	 3.84615e-01	-7.26296e+00	 2.65735e+02	 9.63366e-01
	       334	 4.60870e-01	 3.46154e-01	-7.26801e+00	 2.66083e+02	 9.62107e-01
	       335	 3.92070e-01	 3.44828e-01	-7.26539e+00	 2.64938e+02	 9.66265e-01
	       336	 5.02128e-01	 3.80952e-01	-7.26295e+00	 2.67378e+02	 9.57446e-01
	       337	 4.69565e-01	 6.53846e-01	-7.23339e+00	 2.66997e+02	 9.58813e-01
	       338	 5.19313e-01	 5.65217e-01	-7.24520e+00	 2.67393e+02	 9.57393e-01
	       339	 4.75556e-01	 5.80645e-01	-7.24341e+00	 2.67073e+02	 9.58538e-01
	       340	 5.16949e-01	 5.50000e-01	-7.22405e+00	 2.64741e+02	 9.66983e-01
	       341	 4.71366e-01	 5.17241e-01	-7.20852e+00	 2.69370e+02	 9.50364e-01
	       342	 4.91228e-01	 4.28571e-01	-7.24938e+00	 2.66751e+02	 9.59696e-01
	       343	 5.61404e-01	 4.28571e-01	-7.27933e+00	 2.65132e+02	 9.65558e-01
	       344	 4.73913e-01	 3.46154e-01	-7.27999e+00	 2.63150e+02	 9.72831e-01
	       345	 4.53333e-01	 3.87097e-01	-7.29293e+00	 2.64217e+02	 9.68900e-01
	       346	 4.46352e-01	 4.34783e-01	-7.28930e+00	 2.65197e+02	 9.65319e-01
	       347	 4.71861e-01	 4.00000e-01	-7.29193e+00	 2.65722e+02	 9.63412e-01
	       348	 5.39130e-01	 4.23077e-01	-7.23398e+00	 2.67054e+02	 9.58609e-01
	       349	 4.68354e-01	 4.21053e-01	-7.25634e+00	 2.67042e+02	 9.58652e-01
	       350	 4.50893e-01	 4.68750e-01	-7.25289e+00	 2.68262e+02	 9.54292e-01
	       351	 4.93151e-01	 4.32432e-01	-7.26785e+00	 2.65741e+02	 9.63342e-01
	       352	 5.06550e-01	 4.81481e-01	-7.26532e+00	 2.65620e+02	 9.63781e-01
	       353	 4.43478e-01	 5.38462e-01	-7.30803e+00	 2.66485e+02	 9.60654e-01
	       354	 4.78261e-01	 3.46154e-01	-7.35008e+00	 2.62952e+02	 9.73560e-01
	       355	 4.66387e-01	 2.22222e-01	-7.34067e+00	 2.66725e+02	 9.59790e-01
	       356	 5.04237e-01	 5.00000e-01	-7.36423e+00	 2.62168e+02	 9.76474e-01
	       357	 5.10373e-01	 2.66667e-01	-7.36054e+00	 2.63718e+02	 9.70734e-01
	       358	 5.11013e-01	 4.82759e-01	-7.34252e+00	 2.63694e+02	 9.70821e-01
	       359	 5.10730e-01	 4.78261e-01	-7.29679e+00	 2.65219e+02	 9.65241e-01
	       360	 4.78261e-01	 3.07692e-01	-7.29717e+00	 2.64350e+02	 9.68414e-01
	       361	 4.67811e-01	 4.34783e-01	-7.30580e+00	 2.67049e+02	 9.58626e-01
	       362	 4.66102e-01	 4.00000e-01	-7.30986e+00	 2.65067e+02	 9.65795e-01
	       363	 4.93450e-01	 2.96296e-01	-7.27460e+00	 2.65261e+02	 9.65087e-01
	       364	 4.81013e-01	 4.21053e-01	-7.27233e+00	 2.65259e+02	 9.65093e-01
	       365	 5.23810e-01	 4.80000e-01	-7.19956e+00	 2.70041e+02	 9.48003e-01
	       366	 5.42735e-01	 4.54545e-01	-7.19308e+00	 2.70021e+02	 9.48073e-01
	       367	 4.73684e-01	 4.64286e-01	-7.19148e+00	 2.67090e+02	 9.58480e-01
	       368	 4.40000e-01	 2.90323e-01	-7.21557e+00	 2.69688e+02	 9.49246e-01
	       369	 4.65217e-01	 3.84615e-01	-7.28707e+00	 2.63293e+02	 9.72301e-01
	       370	 5.32468e-01	 5.60000e-01	-7.33328e+00	 2.65745e+02	 9.63330e-01
	       371	 4.68085e-01	 4.76190e-01	-7.35537e+00	 2.65600e+02	 9.63854e-01
	       372	 5.30973e-01	 4.33333e-01	-7.34571e+00	 2.65445e+02	 9.64417e-01
	       373	 5.20179e-01	 3.93939e-01	-7.38099e+00	 2.61753e+02	 9.78023e-01
	       374	 4.59821e-01	 3.43750e-01	-7.35298e+00	 2.62368e+02	 9.75730e-01
	       375	 4.58874e-01	 4.40000e-01	-7.35986e+00	 2.63039e+02	 9.73241e-01
	       376	 5.42017e-01	 3.88889e-01	-7.29970e+00	 2.66740e+02	 9.59735e-01
	       377	 4.69828e-01	 4.58333e-01	-7.33283e+00	 2.64544e+02	 9.67703e-01
	       378	 4.93450e-01	 4.07407e-01	-7.32744e+00	 2.64649e+02	 9.67319e-01
	       379	 4.59574e-01	 1.90476e-01	-7.32320e+00	 2.62583e+02	 9.74932e-01
	       380	 4.50644e-01	 2.17391e-01	-7.28548e+00	 2.64918e+02	 9.66335e-01
	       381	 4.65812e-01	 5.45455e-01	-7.28239e+00	 2.66807e+02	 9.59496e-01
	       382	 4.36681e-01	 5.55556e-01	-7.28141e+00	 2.67094e+02	 9.58464e-01
	       383	 4.45946e-01	 5.58824e-01	-7.28562e+00	 2.65000e+02	 9.66037e-01
	       384	 5.06550e-01	 4.44444e-01	-7.29524e+00	 2.67677e+02	 9.56377e-01
	       385	 4.89177e-01	 4.00000e-01	-7.28305e+00	 2.66402e+02	 9.60953e-01
	       386	 5.13043e-01	 5.00000e-01	-7.28763e+00	 2.65541e+02	 9.64071e-01
	       387	 4.37229e-01	 2.40000e-01	-7.29606e+00	 2.63532e+02	 9.71419e-01
	       388	 4.56897e-01	 3.33333e-01	-7.30093e+00	 2.63856e+02	 9.70225e-01
	       389	 4.86957e-01	 4.23077e-01	-7.32709e+00	 2.65137e+02	 9.65538e-01
	       390	 4.81013e-01	 2.10526e-01	-7.36466e+00	 2.62842e+02	 9.73971e-01
	       391	 4.74359e-01	 1.81818e-01	-7.37060e+00	 2.63519e+02	 9.71468e-01
	       392	 4.76793e-01	 4.21053e-01	-7.40422e+00	 2.63837e+02	 9.70298e-01
	       393	 4.65517e-01	 5.83333e-01	-7.37143e+00	 2.65144e+02	 9.65514e-01
	       394	 4.44954e-01	 5.00000e-01	-7.38522e+00	 2.61279e+02	 9.79797e-01
	       395	 4.26160e-01	 2.10526e-01	-7.39305e+00	 2.63331e+02	 9.72161e-01
	       396	 4.65217e-01	 3.46154e-01	-7.38968e+00	 2.65967e+02	 9.62525e-01
	       397	 4.71861e-01	 5.20000e-01	-7.38424e+00	 2.66482e+02	 9.60667e-01
	       398	 4.89451e-01	 6.31579e-01	-7.39435e+00	 2.63502e+02	 9.71530e-01
	       399	 4.78261e-01	 5.00000e-01	-7.38526e+00	 2.61770e+02	 9.77960e-01
	       400	 4.76596e-01	 5.23810e-01	-7.37180e+00	 2.66209e+02	 9.61652e-01
	       401	 4.52174e-01	 4.23077e-01	-7.38481e+00	 2.61645e+02	 9.78425e-01
	       402	 5.04348e-01	 3.84615e-01	-7.40922e+00	 2.62545e+02	 9.75072e-01
	       403	 5.10730e-01	 3.91304e-01	-7.42453e+00	 2.60654e+02	 9.82144e-01
	       404	 4.69828e-01	 4.58333e-01	-7.43921e+00	 2.60381e+02	 9.83173e-01
	       405	 5.50661e-01	 3.44828e-01	-7.40021e+00	 2.62249e+02	 9.76173e-01
	       406	 5.12931e-01	 6.25000e-01	-7.38400e+00	 2.63091e+02	 9.73046e-01
	       407	 5.00000e-01	 2.91667e-01	-7.39576e+00	 2.61919e+02	 9.77403e-01
	       408	 4.62222e-01	 1.93548e-01	-7.36612e+00	 2.64654e+02	 9.67302e-01
	       409	 5.10638e-01	 5.23810e-01	-7.32153e+00	 2.66748e+02	 9.59707e-01
	       410	 4.82456e-01	 6.07143e-01	-7.36988e+00	 2.61244e+02	 9.79925e-01
	       411	 4.05286e-01	 4.13793e-01	-7.38657e+00	 2.63056e+02	 9.73177e-01
	       412	 4.69565e-01	 3.84615e-01	-7.39282e+00	 2.61186e+02	 9.80144e-01
	       413	 4.57265e-01	 4.09091e-01	-7.35117e+00	 2.64842e+02	 9.66616e-01
	       414	 4.82301e-01	 4.33333e-01	-7.39492e+00	 2.61807e+02	 9.77818e-01
	       415	 4.36441e-01	 5.50000e-01	-7.36467e+00	 2.65300e+02	 9.64944e-01
	       416	 4.51064e-01	 3.33333e-01	-7.33383e+00	 2.66776e+02	 9.59607e-01
	       417	 4.66667e-01	 3.75000e-01	-7.34806e+00	 2.68410e+02	 9.53766e-01
	       418	 5.26316e-01	 4.64286e-01	-7.34701e+00	 2.63337e+02	 9.72137e-01
	       419	 4.62882e-01	 5.92593e-01	-7.35968e+00	 2.63574e+02	 9.71263e-01
	       420	 4.80349e-01	 3.33333e-01	-7.33036e+00	 2.63666e+02	 9.70924e-01
	       421	 4.47826e-01	 5.38462e-01	-7.34719e+00	 2.62673e+02	 9.74595e-01
	       422	 4.64912e-01	 5.35714e-01	-7.32247e+00	 2.63401e+02	 9.71903e-01
	       423	 5.21930e-01	 3.57143e-01	-7.31293e+00	 2.65632e+02	 9.63740e-01
	       424	 4.64912e-01	 3.92857e-01	-7.33453e+00	 2.60444e+02	 9.82938e-01
	       425	 4.80687e-01	 6.52174e-01	-7.29155e+00	 2.63460e+02	 9.71683e-01
	       426	 5.30172e-01	 2.91667e-01	-7.26704e+00	 2.66271e+02	 9.61425e-01
	       427	 4.03433e-01	 3.91304e-01	-7.25745e+00	 2.66280e+02	 9.61394e-01
	       428	 4.91525e-01	 5.00000e-01	-7.24503e+00	 2.65200e+02	 9.65308e-01
	       429	 5.38117e-01	 3.33333e-01	-7.21310e+00	 2.66973e+02	 9.58900e-01
	       430	 4.97854e-01	 4.34783e-01	-7.27204e+00	 2.63606e+02	 9.71146e-01
	       431	 4.80519e-01	 4.00000e-01	-7.28018e+00	 2.65700e+02	 9.63493e-01
	       432	 4.76190e-01	 4.00000e-01	-7.29394e+00	 2.63510e+02	 9.71501e-01
	       433	 4.25339e-01	 4.28571e-01	-7.27908e+00	 2.65838e+02	 9.62994e-01
	       434	 4.61207e-01	 4.16667e-01	-7.27805e+00	 2.67522e+02	 9.56932e-01
	       435	 5.04386e-01	 3.57143e-01	-7.29924e+00	 2.67985e+02	 9.55277e-01
	       436	 4.34599e-01	 4.73684e-01	-7.33192e+00	 2.62533e+02	 9.75116e-01
	       437	 4.87069e-01	 4.16667e-01	-7.31731e+00	 2.65773e+02	 9.63229e-01
	       438	 4.88987e-01	 5.51724e-01	-7.26850e+00	 2.66635e+02	 9.60114e-01
	       439	 4.95652e-01	 5.76923e-01	-7.25929e+00	 2.68419e+02	 9.53734e-01
	       440	 4.86957e-01	 5.00000e-01	-7.26916e+00	 2.63380e+02	 9.71981e-01
	       441	 5.04202e-01	 4.44444e-01	-7.29871e+00	 2.64904e+02	 9.66388e-01
	       442	 4.84581e-01	 4.13793e-01	-7.25683e+00	 2.65786e+02	 9.63180e-01
	       443	 4.58515e-01	 5.18519e-01	-7.24770e+00	 2.66413e+02	 9.60915e-01
	       444	 4.38298e-01	 3.80952e-01	-7.20637e+00	 2.66190e+02	 9.61718e-01
	       445	 5.22727e-01	 4.16667e-01	-7.21052e+00	 2.70185e+02	 9.47500e-01
	       446	 5.02203e-01	 5.17241e-01	-7.23107e+00	 2.65608e+02	 9.63827e-01
	       447	 5.08772e-01	 5.00000e-01	-7.23218e+00	 2.68521e+02	 9.53372e-01
	       448	 4.61207e-01	 5.41667e-01	-7.24572e+00	 2.69096e+02	 9.51335e-01
	       449	 4.93333e-01	 4.51613e-01	-7.28767e+00	 2.66758e+02	 9.59671e-01
	       450	 5.06494e-01	 5.20000e-01	-7.34607e+00	 2.66761e+02	 9.59660e-01
	       451	 4.75771e-01	 5.51724e-01	-7.36266e+00	 2.68184e+02	 9.54570e-01
	       452	 4.82906e-01	 2.72727e-01	-7.38715e+00	 2.63170e+02	 9.72753e-01
	       453	 4.95614e-01	 4.28571e-01	-7.42796e+00	 2.61633e+02	 9.78470e-01
	       454	 4.55752e-01	 5.00000e-01	-7.41776e+00	 2.63982e+02	 9.69762e-01
	       455	 4.53782e-01	 3.33333e-01	-7.43017e+00	 2.62400e+02	 9.75608e-01
	       456	 4.84979e-01	 1.30435e-01	-7.40254e+00	 2.61694e+02	 9.78243e-01
	       457	 4.58874e-01	 5.20000e-01	-7.37384e+00	 2.64240e+02	 9.68816e-01
	       458	 4.82906e-01	 3.63636e-01	-7.33883e+00	 2.64506e+02	 9.67842e-01
	       459	 4.56140e-01	 5.35714e-01	-7.36528e+00	 2.63682e+02	 9.70866e-01
	       460	 5.02128e-01	 5.71429e-01	-7.34599e+00	 2.65076e+02	 9.65762e-01
	       461	 4.93333e-01	 3.54839e-01	-7.33281e+00	 2.62966e+02	 9.73509e-01
	       462	 4.68354e-01	 4.73684e-01	-7.32780e+00	 2.65432e+02	 9.64465e-01
	       463	 4.87179e-01	 3.63636e-01	-7.31108e+00	 2.64583e+02	 9.67561e-01
	       464	 4.58874e-01	 3.20000e-01	-7.29214e+00	 2.65163e+02	 9.65444e-01
	       465	 5.42735e-01	 2.72727e-01	-7.29370e+00	 2.65935e+02	 9.62640e-01
	       466	 4.90909e-01	 4.16667e-01	-7.30080e+00	 2.64124e+02	 9.69240e-01
	       467	 4.93617e-01	 4.28571e-01	-7.29451e+00	 2.69442e+02	 9.50112e-01
	       468	 4.83193e-01	 3.33333e-01	-7.32718e+00	 2.60445e+02	 9.82935e-01
	       469	 4.22222e-01	 3.54839e-01	-7.35654e+00	 2.64655e+02	 9.67297e-01
	       470	 5.13514e-01	 6.47059e-01	-7.35798e+00	 2.64340e+02	 9.68449e-01
	       471	 5.62232e-01	 4.78261e-01	-7.37695e+00	 2.64173e+02	 9.69062e-01
	       472	 4.80687e-01	 1.73913e-01	-7.37308e+00	 2.62707e+02	 9.74470e-01
	       473	 4.66102e-01	 5.50000e-01	-7.37477e+00	 2.62852e+02	 9.73933e-01
	       474	 4.67811e-01	 2.60870e-01	-7.36810e+00	 2.62545e+02	 9.75070e-01
	       475	 4.97872e-01	 3.33333e-01	-7.38287e+00	 2.65215e+02	 9.65254e-01
	       476	 5.12931e-01	 5.00000e-01	-7.37084e+00	 2.62121e+02	 9.76646e-01
	       477	 4.55357e-01	 2.18750e-01	-7.32775e+00	 2.66521e+02	 9.60526e-01
	       478	 4.54936e-01	 4.34783e-01	-7.37167e+00	 2.61970e+02	 9.77210e-01
	       479	 4.71861e-01	 3.20000e-01	-7.36171e+00	 2.63273e+02	 9.72373e-01
	       480	 5.02165e-01	 4.00000e-01	-7.33059e+00	 2.64037e+02	 9.69563e-01
	       481	 4.91228e-01	 3.21429e-01	-7.35427e+00	 2.63941e+02	 9.69913e-01
	       482	 4.82759e-01	 4.16667e-01	-7.31419e+00	 2.64297e+02	 9.68608e-01
	       483	 4.72340e-01	 4.76190e-01	-7.31761e+00	 2.66396e+02	 9.60976e-01
	       484	 5.17544e-01	 3.57143e-01	-7.32378e+00	 2.64477e+02	 9.67947e-01
	       485	 4.37768e-01	 6.08696e-01	-7.35115e+00	 2.62536e+02	 9.75105e-01
	       486	 4.91453e-01	 4.54545e-01	-7.29783e+00	 2.65392e+02	 9.64610e-01
	       487	 4.55357e-01	 6.25000e-01	-7.28653e+00	 2.65092e+02	 9.65704e-01
	       488	 5.02146e-01	 4.78261e-01	-7.29377e+00	 2.64842e+02	 9.66613e-01
	       489	 4.91525e-01	 3.50000e-01	-7.30139e+00	 2.64085e+02	 9.69387e-01
	       490	 5.00000e-01	 6.36364e-01	-7.28430e+00	 2.67607e+02	 9.56627e-01
	       491	 4.78070e-01	 3.92857e-01	-7.27709e+00	 2.68000e+02	 9.55224e-01
	       492	 4.71861e-01	 5.60000e-01	-7.28499e+00	 2.64412e+02	 9.68185e-01
	       493	 5.19651e-01	 4.44444e-01	-7.29694e+00	 2.66426e+02	 9.60866e-01
	       494	 5.32751e-01	 3.70370e-01	-7.29685e+00	 2.65245e+02	 9.65147e-01
	       495	 4.80519e-01	 4.00000e-01	-7.30381e+00	 2.68991e+02	 9.51705e-01
	       496	 4.93274e-01	 4.24242e-01	-7.36514e+00	 2.64064e+02	 9.69461e-01
	       497	 4.93506e-01	 5.20000e-01	-7.34301e+00	 2.66816e+02	 9.59464e-01
	       498	 4.45378e-01	 6.11111e-01	-7.30055e+00	 2.65261e+02	 9.65088e-01
	       499	 5.19313e-01	 3.91304e-01	-7.28116e+00	 2.65073e+02	 9.65773e-01
	       500	 4.31111e-01	 5.80645e-01	-7.28739e+00	 2.63680e+02	 9.70875e-01
	       501	 4.74359e-01	 5.00000e-01	-7.27038e+00	 2.69375e+02	 9.50347e-01
	       502	 5.26087e-01	 3.84615e-01	-7.34104e+00	 2.65184e+02	 9.65366e-01
	       503	 5.08621e-01	 3.75000e-01	-7.36584e+00	 2.61075e+02	 9.80561e-01
	       504	 4.97835e-01	 4.00000e-01	-7.33060e+00	 2.65298e+02	 9.64951e-01
	       505	 5.00000e-01	 5.00000e-01	-7.24387e+00	 2.64319e+02	 9.68526e-01
	       506	 4.97778e-01	 4.51613e-01	-7.24305e+00	 2.65847e+02	 9.62959e-01
	       507	 5.59829e-01	 4.09091e-01	-7.25116e+00	 2.64212e+02	 9.68919e-01
	       508	 4.95652e-01	 4.61538e-01	-7.24431e+00	 2.69804e+02	 9.48835e-01
	       509	 5.32468e-01	 2.40000e-01	-7.28847e+00	 2.64292e+02	 9.68625e-01
	       510	 4.73913e-01	 5.00000e-01	-7.31533e+00	 2.64265e+02	 9.68725e-01
	       511	 3.79310e-01	 2.50000e-01	-7.28799e+00	 2.67191e+02	 9.58117e-01
	       512	 4.97835e-01	 4.00000e-01	-7.27851e+00	 2.66726e+02	 9.59788e-01
	       513	 5.00000e-01	 3.21429e-01	-7.27502e+00	 2.66571e+02	 9.60345e-01
	       514	 5.13274e-01	 3.66667e-01	-7.27256e+00	 2.67211e+02	 9.58046e-01
	       515	 4.66368e-01	 3.63636e-01	-7.27142e+00	 2.65107e+02	 9.65649e-01
	       516	 4.89083e-01	 4.44444e-01	-7.27511e+00	 2.65766e+02	 9.63254e-01
	       517	 5.33040e-01	 4.82759e-01	-7.27499e+00	 2.63573e+02	 9.71266e-01
	       518	 4.82456e-01	 2.85714e-01	-7.29301e+00	 2.64291e+02	 9.68627e-01
	       519	 4.85232e-01	 5.26316e-01	-7.26877e+00	 2.66534e+02	 9.60479e-01
	       520	 4.53333e-01	 3.54839e-01	-7.28111e+00	 2.66250e+02	 9.61504e-01
	       521	 5.26549e-01	 4.66667e-01	-7.26155e+00	 2.67905e+02	 9.55562e-01
	       522	 5.29412e-01	 3.88889e-01	-7.29345e+00	 2.64280e+02	 9.68671e-01
	       523	 5.40179e-01	 5.00000e-01	-7.28955e+00	 2.63238e+02	 9.72503e-01
	       524	 4.78261e-01	 3.84615e-01	-7.27144e+00	 2.69368e+02	 9.50372e-01
	       525	 5.58952e-01	 4.81481e-01	-7.24920e+00	 2.67836e+02	 9.55807e-01
	       526	 5.39130e-01	 1.92308e-01	-7.20386e+00	 2.70933e+02	 9.44882e-01
	       527	 5.06438e-01	 4.34783e-01	-7.23061e+00	 2.68018e+02	 9.55160e-01
	       528	 4.69565e-01	 3.84615e-01	-7.22142e+00	 2.65615e+02	 9.63802e-01
	       529	 4.45415e-01	 4.07407e-01	-7.17659e+00	 2.66431e+02	 9.60849e-01
	       530	 4.87069e-01	 2.08333e-01	-7.22837e+00	 2.65160e+02	 9.65455e-01
	       531	 4.56067e-01	 1.76471e-01	-7.18647e+00	 2.69067e+02	 9.51437e-01
	       532	 4.66368e-01	 4.54545e-01	-7.21692e+00	 2.65681e+02	 9.63562e-01
	       533	 5.55066e-01	 4.13793e-01	-7.25120e+00	 2.66897e+02	 9.59171e-01
	       534	 4.74138e-01	 3.75000e-01	-7.25964e+00	 2.66096e+02	 9.62060e-01
	       535	 4.81982e-01	 5.58824e-01	-7.24885e+00	 2.67239e+02	 9.57944e-01
	       536	 4.89270e-01	 4.78261e-01	-7.23595e+00	 2.66289e+02	 9.61363e-01
	       537	 4.80519e-01	 2.40000e-01	-7.28468e+00	 2.65573e+02	 9.63953e-01
	       538	 4.61538e-01	 5.42857e-01	-7.24217e+00	 2.66951e+02	 9.58978e-01
	       539	 5.17857e-01	 4.37500e-01	-7.21077e+00	 2.66496e+02	 9.60613e-01
	       540	 5.38136e-01	 4.00000e-01	-7.26877e+00	 2.65017e+02	 9.65974e-01
	       541	 4.42060e-01	 5.65217e-01	-7.27041e+00	 2.64218e+02	 9.68897e-01
	       542	 5.21739e-01	 5.00000e-01	-7.33184e+00	 2.65065e+02	 9.65801e-01
	       543	 4.82609e-01	 4.23077e-01	-7.29079e+00	 2.66329e+02	 9.61219e-01
	       544	 4.78814e-01	 5.00000e-01	-7.29177e+00	 2.67043e+02	 9.58646e-01
	       545	 4.86607e-01	 3.75000e-01	-7.30866e+00	 2.64399e+02	 9.68232e-01
	       546	 4.69565e-01	 4.61538e-01	-7.27550e+00	 2.67186e+02	 9.58135e-01
	       547	 4.69828e-01	 2.91667e-01	-7.26525e+00	 2.64485e+02	 9.67917e-01
	       548	 5.52174e-01	 3.84615e-01	-7.26785e+00	 2.66054e+02	 9.62209e-01
	       549	 4.48718e-01	 4.09091e-01	-7.27689e+00	 2.64598e+02	 9.67506e-01
	       550	 4.79263e-01	 4.61538e-01	-7.27833e+00	 2.64685e+02	 9.67188e-01
	       551	 4.80176e-01	 4.48276e-01	-7.27453e+00	 2.65793e+02	 9.63155e-01
	       552	 4.60526e-01	 4.28571e-01	-7.26796e+00	 2.69038e+02	 9.51539e-01
	       553	 5.09091e-01	 6.11111e-01	-7.27189e+00	 2.66810e+02	 9.59485e-01
	       554	 5.04348e-01	 5.00000e-01	-7.23294e+00	 2.67752e+02	 9.56108e-01
	       555	 4.58333e-01	 4.37500e-01	-7.23283e+00	 2.65315e+02	 9.64890e-01
	       556	 4.78448e-01	 4.58333e-01	-7.23178e+00	 2.65650e+02	 9.63674e-01
	       557	 4.79821e-01	 4.84848e-01	-7.20148e+00	 2.69176e+02	 9.51049e-01
	       558	 5.00000e-01	 4.37500e-01	-7.23868e+00	 2.67114e+02	 9.58391e-01
	       559	 4.83051e-01	 5.00000e-01	-7.23783e+00	 2.68082e+02	 9.54932e-01
	       560	 4.88889e-01	 4.83871e-01	-7.26006e+00	 2.64788e+02	 9.66812e-01
	       561	 4.84979e-01	 3.91304e-01	-7.29401e+00	 2.67047e+02	 9.58633e-01
	       562	 5.51724e-01	 5.83333e-01	-7.26096e+00	 2.68073e+02	 9.54963e-01
	       563	 4.84305e-01	 4.24242e-01	-7.23994e+00	 2.65860e+02	 9.62913e-01
	       564	 4.70339e-01	 5.50000e-01	-7.23361e+00	 2.66120e+02	 9.61971e-01
	       565	 5.45455e-01	 3.20000e-01	-7.16921e+00	 2.68549e+02	 9.53270e-01
	       566	 4.23423e-01	 3.52941e-01	-7.17697e+00	 2.69282e+02	 9.50677e-01
	       567	 5.15021e-01	 3.47826e-01	-7.16298e+00	 2.69124e+02	 9.51235e-01
	       568	 5.02203e-01	 4.13793e-01	-7.15521e+00	 2.70276e+02	 9.47181e-01
	       569	 5.21739e-01	 3.84615e-01	-7.17720e+00	 2.68092e+02	 9.54897e-01
	       570	 4.55752e-01	 4.33333e-01	-7.12827e+00	 2.73428e+02	 9.36260e-01
	       571	 5.48936e-01	 2.85714e-01	-7.14590e+00	 2.70101e+02	 9.47795e-01
	       572	 4.40171e-01	 5.90909e-01	-7.13107e+00	 2.68992e+02	 9.51702e-01
	       573	 4.67532e-01	 5.20000e-01	-7.16553e+00	 2.67514e+02	 9.56959e-01
	       574	 4.76596e-01	 3.33333e-01	-7.11291e+00	 2.72797e+02	 9.38427e-01
	       575	 5.11312e-01	 5.42857e-01	-7.16583e+00	 2.65603e+02	 9.63846e-01
	       576	 4.69027e-01	 6.66667e-01	-7.13414e+00	 2.71716e+02	 9.42161e-01
	       577	 5.08621e-01	 5.41667e-01	-7.20163e+00	 2.69391e+02	 9.50291e-01
	       578	 4.86842e-01	 5.35714e-01	-7.16573e+00	 2.66515e+02	 9.60547e-01
	       579	 5.15837e-01	 3.71429e-01	-7.16435e+00	 2.67750e+02	 9.56117e-01
	       580	 4.52174e-01	 3.84615e-01	-7.20039e+00	 2.61281e+02	 9.79787e-01
	       581	 4.74138e-01	 3.33333e-01	-7.18727e+00	 2.70399e+02	 9.46750e-01
	       582	 4.53744e-01	 4.82759e-01	-7.19222e+00	 2.71640e+02	 9.42423e-01
	       583	 4.95575e-01	 4.00000e-01	-7.17507e+00	 2.73142e+02	 9.37240e-01
	       584	 5.06383e-01	 3.80952e-01	-7.18061e+00	 2.67351e+02	 9.57544e-01
	       585	 4.93450e-01	 5.18519e-01	-7.14731e+00	 2.71853e+02	 9.41685e-01
	       586	 4.87179e-01	 4.54545e-01	-7.15951e+00	 2.67390e+02	 9.57403e-01
	       587	 4.86957e-01	 3.84615e-01	-7.14981e+00	 2.69459e+02	 9.50052e-01
	       588	 4.16667e-01	 6.07143e-01	-7.14369e+00	 2.71819e+02	 9.41803e-01
	       589	 5.21368e-01	 3.63636e-01	-7.18431e+00	 2.67368e+02	 9.57481e-01
	       590	 4.93213e-01	 2.00000e-01	-7.19877e+00	 2.65929e+02	 9.62662e-01
	       591	 4.87179e-01	 3.63636e-01	-7.27010e+00	 2.65110e+02	 9.65638e-01
	       592	 4.93450e-01	 4.44444e-01	-7.25482e+00	 2.68281e+02	 9.54224e-01
	       593	 4.74576e-01	 4.00000e-01	-7.29732e+00	 2.66298e+02	 9.61328e-01
	       594	 4.82456e-01	 4.64286e-01	-7.30882e+00	 2.65649e+02	 9.63679e-01
	       595	 5.04348e-01	 4.23077e-01	-7.27363e+00	 2.65039e+02	 9.65894e-01
	       596	 5.02128e-01	 4.28571e-01	-7.26332e+00	 2.65452e+02	 9.64391e-01
	       597	 5.45852e-01	 3.70370e-01	-7.25474e+00	 2.66595e+02	 9.60258e-01
	       598	 5.15021e-01	 4.34783e-01	-7.26591e+00	 2.64933e+02	 9.66280e-01
	       599	 4.62882e-01	 5.92593e-01	-7.27297e+00	 2.66030e+02	 9.62297e-01
	       600	 4.40678e-01	 4.00000e-01	-7.24590e+00	 2.65348e+02	 9.64771e-01
	       601	 4.97835e-01	 6.00000e-01	-7.28199e+00	 2.61983e+02	 9.77162e-01
	       602	 4.64912e-01	 5.35714e-01	-7.30035e+00	 2.65236e+02	 9.65180e-01
	       603	 5.39130e-01	 2.69231e-01	-7.28708e+00	 2.67806e+02	 9.55918e-01
	       604	 5.33898e-01	 5.00000e-01	-7.23630e+00	 2.68062e+02	 9.55004e-01
	       605	 4.97778e-01	 4.83871e-01	-7.19936e+00	 2.67940e+02	 9.55439e-01
	       606	 4.47368e-01	 5.35714e-01	-7.28128e+00	 2.66551e+02	 9.60416e-01
	       607	 5.06608e-01	 4.82759e-01	-7.22126e+00	 2.65807e+02	 9.63104e-01
	       608	 4.97908e-01	 5.29412e-01	-7.25100e+00	 2.67398e+02	 9.57375e-01
	       609	 5.12712e-01	 3.50000e-01	-7.28509e+00	 2.66823e+02	 9.59437e-01
	       610	 4.42922e-01	 5.13514e-01	-7.34257e+00	 2.63546e+02	 9.71368e-01
	       611	 4.10042e-01	 4.70588e-01	-7.32816e+00	 2.65628e+02	 9.63754e-01
	       612	 4.87395e-01	 6.11111e-01	-7.32480e+00	 2.63387e+02	 9.71955e-01
	       613	 5.10730e-01	 5.65217e-01	-7.30664e+00	 2.66067e+02	 9.62162e-01
	       614	 4.60870e-01	 4.61538e-01	-7.32773e+00	 2.61929e+02	 9.77363e-01
	       615	 4.75983e-01	 3.33333e-01	-7.34018e+00	 2.64048e+02	 9.69520e-01
	       616	 4.53333e-01	 4.19355e-01	-7.34144e+00	 2.66188e+02	 9.61728e-01
	       617	 4.48718e-01	 5.00000e-01	-7.40368e+00	 2.61041e+02	 9.80687e-01
	       618	 4.50644e-01	 6.08696e-01	-7.42402e+00	 2.60074e+02	 9.84336e-01
	       619	 5.22124e-01	 5.00000e-01	-7.43109e+00	 2.59461e+02	 9.86662e-01
	       620	 4.64912e-01	 3.92857e-01	-7.38312e+00	 2.64236e+02	 9.68832e-01
	       621	 4.74359e-01	 4.54545e-01	-7.38664e+00	 2.65347e+02	 9.64776e-01
	       622	 4.57983e-01	 2.22222e-01	-7.36489e+00	 2.64115e+02	 9.69274e-01
	       623	 5.08547e-01	 4.54545e-01	-7.36677e+00	 2.65070e+02	 9.65782e-01
	       624	 4.25339e-01	 5.14286e-01	-7.38759e+00	 2.61533e+02	 9.78844e-01
	       625	 4.91379e-01	 5.00000e-01	-7.37056e+00	 2.65307e+02	 9.64920e-01
	       626	 4.61864e-01	 5.00000e-01	-7.36091e+00	 2.64175e+02	 9.69053e-01
	       627	 4.52174e-01	 3.07692e-01	-7.37419e+00	 2.64951e+02	 9.66216e-01
	       628	 5.53648e-01	 3.04348e-01	-7.35462e+00	 2.65446e+02	 9.64416e-01
	       629	 4.84305e-01	 4.24242e-01	-7.35424e+00	 2.66423e+02	 9.60877e-01
	       630	 4.70320e-01	 4.32432e-01	-7.26173e+00	 2.70049e+02	 9.47975e-01
	       631	 5.25424e-01	 3.50000e-01	-7.31655e+00	 2.65298e+02	 9.64954e-01
	       632	 5.28634e-01	 4.13793e-01	-7.27170e+00	 2.70852e+02	 9.45165e-01
	       633	 5.29915e-01	 3.63636e-01	-7.24288e+00	 2.69898e+02	 9.48507e-01
	       634	 4.82759e-01	 4.58333e-01	-7.24144e+00	 2.65533e+02	 9.64099e-01
	       635	 5.41850e-01	 4.82759e-01	-7.19857e+00	 2.67257e+02	 9.57878e-01
	       636	 4.95690e-01	 4.16667e-01	-7.24079e+00	 2.66590e+02	 9.60275e-01
	       637	 4.78070e-01	 4.64286e-01	-7.22463e+00	 2.68531e+02	 9.53335e-01
	       638	 5.15284e-01	 5.55556e-01	-7.22227e+00	 2.66634e+02	 9.60118e-01
	       639	 4.65812e-01	 3.18182e-01	-7.25139e+00	 2.63804e+02	 9.70419e-01
	       640	 4.79821e-01	 5.75758e-01	-7.23640e+00	 2.70822e+02	 9.45270e-01
	       641	 4.47826e-01	 3.84615e-01	-7.23034e+00	 2.68422e+02	 9.53721e-01
	       642	 4.54936e-01	 6.08696e-01	-7.21845e+00	 2.69017e+02	 9.51612e-01
	       643	 5.20000e-01	 3.87097e-01	-7.21172e+00	 2.66068e+02	 9.62159e-01
	       644	 5.00000e-01	 3.57143e-01	-7.22484e+00	 2.64782e+02	 9.66833e-01
	       645	 4.82906e-01	 5.00000e-01	-7.27073e+00	 2.66880e+02	 9.59234e-01
	       646	 5.04587e-01	 4.73684e-01	-7.24448e+00	 2.65951e+02	 9.62584e-01
	       647	 4.82906e-01	 4.54545e-01	-7.21343e+00	 2.67852e+02	 9.55750e-01
	       648	 5.25210e-01	 5.00000e-01	-7.22340e+00	 2.67056e+02	 9.58600e-01
	       649	 4.76596e-01	 4.76190e-01	-7.21457e+00	 2.67371e+02	 9.57472e-01
	       650	 4.97890e-01	 2.10526e-01	-7.20053e+00	 2.67536e+02	 9.56880e-01
	       651	 4.38596e-01	 3.92857e-01	-7.23240e+00	 2.66934e+02	 9.59040e-01
	       652	 5.02128e-01	 6.66667e-01	-7.28540e+00	 2.67399e+02	 9.57372e-01
	       653	 4.70085e-01	 3.18182e-01	-7.29381e+00	 2.66728e+02	 9.59778e-01
	       654	 4.86957e-01	 2.69231e-01	-7.20828e+00	 2.72829e+02	 9.38316e-01
	       655	 4.67811e-01	 3.91304e-01	-7.27330e+00	 2.66268e+02	 9.61438e-01
	       656	 5.06329e-01	 4.73684e-01	-7.23380e+00	 2.66044e+02	 9.62247e-01
	       657	 5.04464e-01	 2.18750e-01	-7.23004e+00	 2.66266e+02	 9.61443e-01
	       658	 4.82906e-01	 1.81818e-01	-7.21072e+00	 2.69159e+02	 9.51111e-01
	       659	 4.71111e-01	 6.12903e-01	-7.25255e+00	 2.64938e+02	 9.66264e-01
	       660	 5.02183e-01	 3.70370e-01	-7.25185e+00	 2.68752e+02	 9.52552e-01
	       661	 4.77679e-01	 4.37500e-01	-7.29461e+00	 2.65430e+02	 9.64474e-01
	       662	 5.02146e-01	 6.08696e-01	-7.30031e+00	 2.65461e+02	 9.64359e-01
	       663	 4.82301e-01	 5.66667e-01	-7.30197e+00	 2.60333e+02	 9.83357e-01
	       664	 4.84444e-01	 5.80645e-01	-7.27521e+00	 2.67379e+02	 9.57442e-01
	       665	 5.43478e-01	 5.00000e-01	-7.25127e+00	 2.67595e+02	 9.56669e-01
	       666	 4.57014e-01	 4.57143e-01	-7.25523e+00	 2.67531e+02	 9.56899e-01
	       667	 5.15021e-01	 4.34783e-01	-7.27491e+00	 2.64929e+02	 9.66296e-01
	       668	 4.97854e-01	 4.34783e-01	-7.27239e+00	 2.63153e+02	 9.72817e-01
	       669	 4.74790e-01	 5.00000e-01	-7.25028e+00	 2.66004e+02	 9.62391e-01
	       670	 4.68750e-01	 5.00000e-01	-7.26210e+00	 2.64377e+02	 9.68314e-01
	       671	 4.53744e-01	 5.51724e-01	-7.27218e+00	 2.65044e+02	 9.65878e-01
	       672	 5.02222e-01	 5.80645e-01	-7.25159e+00	 2.64472e+02	 9.67967e-01
	       673	 4.70339e-01	 5.00000e-01	-7.27545e+00	 2.63878e+02	 9.70146e-01
	       674	 4.78261e-01	 5.00000e-01	-7.26245e+00	 2.64900e+02	 9.66402e-01
	       675	 4.82301e-01	 4.33333e-01	-7.24203e+00	 2.67343e+02	 9.57570e-01
	       676	 4.53390e-01	 6.50000e-01	-7.26432e+00	 2.65563e+02	 9.63990e-01
	       677	 4.68354e-01	 3.68421e-01	-7.27470e+00	 2.62694e+02	 9.74518e-01
	       678	 5.06550e-01	 4.07407e-01	-7.26509e+00	 2.66413e+02	 9.60915e-01
	       679	 4.97817e-01	 3.33333e-01	-7.24810e+00	 2.65553e+02	 9.64024e-01
	       680	 4.78070e-01	 2.50000e-01	-7.25451e+00	 2.63758e+02	 9.70588e-01
	       681	 4.82456e-01	 3.57143e-01	-7.25690e+00	 2.66209e+02	 9.61652e-01
	       682	 4.54148e-01	 4.44444e-01	-7.23176e+00	 2.69252e+02	 9.50783e-01
	       683	 4.78261e-01	 3.84615e-01	-7.23617e+00	 2.66438e+02	 9.60823e-01
	       684	 5.28384e-01	 2.96296e-01	-7.22401e+00	 2.68109e+02	 9.54834e-01
	       685	 5.43478e-01	 5.00000e-01	-7.23761e+00	 2.68864e+02	 9.52154e-01
	       686	 4.87069e-01	 5.41667e-01	-7.27733e+00	 2.65825e+02	 9.63040e-01
	       687	 4.86726e-01	 4.00000e-01	-7.24611e+00	 2.68843e+02	 9.52229e-01
	       688	 5.06438e-01	 4.78261e-01	-7.26792e+00	 2.66437e+02	 9.60829e-01
	       689	 4.41964e-01	 3.75000e-01	-7.25962e+00	 2.68369e+02	 9.53910e-01
	       690	 4.52915e-01	 3.93939e-01	-7.25510e+00	 2.68721e+02	 9.52661e-01
	       691	 4.84848e-01	 4.40000e-01	-7.23392e+00	 2.65871e+02	 9.62872e-01
	       692	 4.91379e-01	 4.16667e-01	-7.20225e+00	 2.68662e+02	 9.52868e-01
	       693	 4.69298e-01	 4.28571e-01	-7.18043e+00	 2.69597e+02	 9.49567e-01
	       694	 4.87395e-01	 2.22222e-01	-7.16005e+00	 2.70124e+02	 9.47713e-01
	       695	 4.62222e-01	 5.80645e-01	-7.14047e+00	 2.71229e+02	 9.43853e-01
	       696	 4.44934e-01	 3.79310e-01	-7.21386e+00	 2.66805e+02	 9.59502e-01
	       697	 4.82609e-01	 4.61538e-01	-7.22467e+00	 2.67580e+02	 9.56725e-01
	       698	 4.51327e-01	 3.33333e-01	-7.25007e+00	 2.65214e+02	 9.65259e-01
	       699	 4.41176e-01	 3.88889e-01	-7.25183e+00	 2.65612e+02	 9.63813e-01
	       700	 4.84848e-01	 4.40000e-01	-7.25489e+00	 2.65848e+02	 9.62955e-01
	       701	 4.95575e-01	 4.33333e-01	-7.25207e+00	 2.68669e+02	 9.52845e-01
	       702	 4.31718e-01	 2.75862e-01	-7.26327e+00	 2.66532e+02	 9.60485e-01
	       703	 4.55696e-01	 5.78947e-01	-7.28524e+00	 2.62424e+02	 9.75519e-01
	       704	 4.65217e-01	 5.00000e-01	-7.25443e+00	 2.66932e+02	 9.59045e-01
	       705	 4.54148e-01	 4.81481e-01	-7.25742e+00	 2.65106e+02	 9.65653e-01
	       706	 4.80176e-01	 3.10345e-01	-7.27943e+00	 2.64470e+02	 9.67973e-01
	       707	 4.53390e-01	 4.00000e-01	-7.23943e+00	 2.67783e+02	 9.55997e-01
	       708	 4.62555e-01	 4.48276e-01	-7.24334e+00	 2.65389e+02	 9.64621e-01
	       709	 5.06224e-01	 4.66667e-01	-7.20279e+00	 2.69381e+02	 9.50325e-01
	       710	 5.62232e-01	 4.78261e-01	-7.19187e+00	 2.66339e+02	 9.61180e-01
	       711	 5.02183e-01	 4.44444e-01	-7.20386e+00	 2.64756e+02	 9.66929e-01
	       712	 5.02128e-01	 5.23810e-01	-7.21735e+00	 2.66319e+02	 9.61253e-01
	       713	 5.02128e-01	 3.33333e-01	-7.15433e+00	 2.72036e+02	 9.41053e-01
	       714	 4.41048e-01	 5.18519e-01	-7.18239e+00	 2.66165e+02	 9.61811e-01
	       715	 4.95536e-01	 2.81250e-01	-7.16099e+00	 2.70471e+02	 9.46499e-01
	       716	 5.50000e-01	 4.44444e-01	-7.17589e+00	 2.71364e+02	 9.43381e-01
	       717	 4.35345e-01	 4.16667e-01	-7.17654e+00	 2.68095e+02	 9.54887e-01
	       718	 5.00000e-01	 3.12500e-01	-7.16423e+00	 2.66019e+02	 9.62337e-01
	       719	 5.29915e-01	 2.72727e-01	-7.17289e+00	 2.72824e+02	 9.38335e-01
	       720	 4.64435e-01	 4.11765e-01	-7.22937e+00	 2.67127e+02	 9.58345e-01
	       721	 5.10638e-01	 6.19048e-01	-7.19343e+00	 2.66230e+02	 9.61574e-01
	       722	 4.97872e-01	 4.28571e-01	-7.19307e+00	 2.66935e+02	 9.59036e-01
	       723	 4.32203e-01	 1.50000e-01	-7.21349e+00	 2.64880e+02	 9.66475e-01
	       724	 4.69828e-01	 5.41667e-01	-7.24448e+00	 2.67597e+02	 9.56664e-01
	       725	 5.17241e-01	 2.91667e-01	-7.23838e+00	 2.64360e+02	 9.68378e-01
	       726	 5.00000e-01	 5.00000e-01	-7.22409e+00	 2.68403e+02	 9.53789e-01
	       727	 4.32314e-01	 4.44444e-01	-7.19545e+00	 2.68199e+02	 9.54516e-01
	       728	 5.04237e-01	 6.00000e-01	-7.16836e+00	 2.70132e+02	 9.47686e-01
	       729	 5.21930e-01	 5.35714e-01	-7.19204e+00	 2.67648e+02	 9.56479e-01
	       730	 4.93450e-01	 3.70370e-01	-7.22042e+00	 2.67265e+02	 9.57850e-01
	       731	 4.73913e-01	 5.38462e-01	-7.23034e+00	 2.70497e+02	 9.46407e-01
	       732	 4.52586e-01	 5.41667e-01	-7.25655e+00	 2.65255e+02	 9.65108e-01
	       733	 4.88479e-01	 5.12821e-01	-7.27188e+00	 2.62458e+02	 9.75396e-01
	       734	 4.69828e-01	 5.00000e-01	-7.25358e+00	 2.68471e+02	 9.53548e-01
	       735	 4.80851e-01	 5.71429e-01	-7.23676e+00	 2.67800e+02	 9.55937e-01
	       736	 4.62882e-01	 3.33333e-01	-7.24780e+00	 2.68107e+02	 9.54841e-01
	       737	 5.33898e-01	 6.00000e-01	-7.29472e+00	 2.65692e+02	 9.63521e-01
	       738	 4.37500e-01	 2.50000e-01	-7.32664e+00	 2.64560e+02	 9.67645e-01
	       739	 4.39130e-01	 4.23077e-01	-7.31872e+00	 2.60221e+02	 9.83781e-01
	       740	 5.08850e-01	 4.00000e-01	-7.31944e+00	 2.64569e+02	 9.67610e-01
	       741	 4.64135e-01	 2.63158e-01	-7.26816e+00	 2.67811e+02	 9.55898e-01
	       742	 5.02110e-01	 3.15789e-01	-7.27270e+00	 2.64678e+02	 9.67214e-01
	       743	 5.06787e-01	 4.28571e-01	-7.30579e+00	 2.65335e+02	 9.64817e-01
	       744	 4.77477e-01	 3.82353e-01	-7.24378e+00	 2.68798e+02	 9.52387e-01
	       745	 4.67532e-01	 5.60000e-01	-7.21504e+00	 2.68933e+02	 9.51908e-01
	       746	 5.12821e-01	 5.00000e-01	-7.25984e+00	 2.69059e+02	 9.51465e-01
	       747	 4.76190e-01	 2.80000e-01	-7.29184e+00	 2.64655e+02	 9.67298e-01
	       748	 5.02146e-01	 4.78261e-01	-7.27949e+00	 2.66327e+02	 9.61225e-01
	       749	 5.27897e-01	 1.73913e-01	-7.23948e+00	 2.67396e+02	 9.57383e-01
	       750	 4.87069e-01	 3.75000e-01	-7.26210e+00	 2.66514e+02	 9.60551e-01
	       751	 4.12017e-01	 3.47826e-01	-7.28589e+00	 2.63578e+02	 9.71249e-01
	       752	 4.81982e-01	 4.70588e-01	-7.26344e+00	 2.64069e+02	 9.69445e-01
	       753	 4.63964e-01	 4.41176e-01	-7.19724e+00	 2.69864e+02	 9.48626e-01
	       754	 4.78070e-01	 4.64286e-01	-7.19392e+00	 2.66216e+02	 9.61626e-01
	       755	 4.60177e-01	 4.33333e-01	-7.17640e+00	 2.69372e+02	 9.50359e-01
	       756	 5.00000e-01	 5.38462e-01	-7.14551e+00	 2.68066e+02	 9.54988e-01
	       757	 4.65517e-01	 2.50000e-01	-7.12204e+00	 2.68972e+02	 9.51773e-01
	       758	 4.84581e-01	 5.17241e-01	-7.13741e+00	 2.70753e+02	 9.45510e-01
	       759	 5.08696e-01	 3.46154e-01	-7.17298e+00	 2.67932e+02	 9.55465e-01
	       760	 4.86726e-01	 3.33333e-01	-7.16135e+00	 2.67224e+02	 9.57998e-01
	       761	 5.30973e-01	 6.00000e-01	-7.18449e+00	 2.70905e+02	 9.44980e-01
	       762	 4.21053e-01	 3.92857e-01	-7.17025e+00	 2.70777e+02	 9.45427e-01
	       763	 4.51064e-01	 2.85714e-01	-7.18988e+00	 2.65958e+02	 9.62559e-01
	       764	 5.17094e-01	 3.18182e-01	-7.19905e+00	 2.66477e+02	 9.60682e-01
	       765	 4.93392e-01	 4.48276e-01	-7.16576e+00	 2.72118e+02	 9.40768e-01
	       766	 5.12605e-01	 3.33333e-01	-7.15646e+00	 2.67644e+02	 9.56495e-01
	       767	 4.15254e-01	 4.00000e-01	-7.20273e+00	 2.65706e+02	 9.63473e-01
	       768	 5.04386e-01	 6.07143e-01	-7.21506e+00	 2.66501e+02	 9.60596e-01
	       769	 4.77876e-01	 4.66667e-01	-7.23326e+00	 2.69914e+02	 9.48451e-01
	       770	 4.65517e-01	 6.25000e-01	-7.27726e+00	 2.67235e+02	 9.57957e-01
	       771	 4.95495e-01	 4.41176e-01	-7.26223e+00	 2.68182e+02	 9.54575e-01
	       772	 4.63519e-01	 3.04348e-01	-7.28325e+00	 2.65810e+02	 9.63095e-01
	       773	 5.14894e-01	 3.80952e-01	-7.29267e+00	 2.63774e+02	 9.70527e-01
	       774	 5.20362e-01	 3.71429e-01	-7.35877e+00	 2.63818e+02	 9.70367e-01
	       775	 5.06667e-01	 4.19355e-01	-7.37615e+00	 2.61540e+02	 9.78817e-01
	       776	 4.82906e-01	 4.54545e-01	-7.34969e+00	 2.64121e+02	 9.69253e-01
	       777	 4.63519e-01	 3.91304e-01	-7.31804e+00	 2.64782e+02	 9.66832e-01
	       778	 5.04274e-01	 5.00000e-01	-7.28504e+00	 2.68196e+02	 9.54527e-01
	       779	 4.65517e-01	 5.00000e-01	-7.29115e+00	 2.66724e+02	 9.59792e-01
	       780	 4.53333e-01	 5.16129e-01	-7.27361e+00	 2.67159e+02	 9.58230e-01
	       781	 4.27386e-01	 4.00000e-01	-7.28424e+00	 2.65812e+02	 9.63085e-01
	       782	 5.25424e-01	 7.00000e-01	-7.31103e+00	 2.64948e+02	 9.66229e-01
	       783	 4.56140e-01	 4.28571e-01	-7.27207e+00	 2.66594e+02	 9.60261e-01
	       784	 5.40179e-01	 3.12500e-01	-7.26713e+00	 2.65559e+02	 9.64005e-01
	       785	 5.23404e-01	 4.76190e-01	-7.27164e+00	 2.68271e+02	 9.54259e-01
	       786	 4.72103e-01	 4.78261e-01	-7.27163e+00	 2.66167e+02	 9.61802e-01
	       787	 4.73913e-01	 3.46154e-01	-7.31916e+00	 2.62732e+02	 9.74375e-01
	       788	 4.77679e-01	 3.43750e-01	-7.37720e+00	 2.63731e+02	 9.70687e-01
	       789	 4.71616e-01	 4.07407e-01	-7.37219e+00	 2.64876e+02	 9.66491e-01
	       790	 4.41176e-01	 2.22222e-01	-7.36462e+00	 2.65493e+02	 9.64245e-01
	       791	 4.21739e-01	 4.61538e-01	-7.36029e+00	 2.64456e+02	 9.68024e-01
	       792	 4.69298e-01	 2.85714e-01	-7.37509e+00	 2.63737e+02	 9.70665e-01
	       793	 4.50644e-01	 3.91304e-01	-7.37631e+00	 2.64171e+02	 9.69069e-01
	       794	 5.27660e-01	 5.23810e-01	-7.38207e+00	 2.62962e+02	 9.73524e-01
	       795	 4.93213e-01	 2.85714e-01	-7.40810e+00	 2.61242e+02	 9.79935e-01
	       796	 4.93506e-01	 3.20000e-01	-7.38299e+00	 2.62845e+02	 9.73959e-01
	       797	 4.58150e-01	 4.13793e-01	-7.35240e+00	 2.63329e+02	 9.72166e-01
	       798	 4.29864e-01	 5.14286e-01	-7.36238e+00	 2.63504e+02	 9.71521e-01
	       799	 5.04237e-01	 3.00000e-01	-7.32618e+00	 2.64084e+02	 9.69390e-01
	       800	 4.80000e-01	 4.83871e-01	-7.33041e+00	 2.67384e+02	 9.57426e-01
	       801	 4.87069e-01	 4.58333e-01	-7.35867e+00	 2.65021e+02	 9.65961e-01
	       802	 5.21552e-01	 5.41667e-01	-7.36458e+00	 2.64368e+02	 9.68346e-01
	       803	 4.65217e-01	 5.00000e-01	-7.35962e+00	 2.69092e+02	 9.51347e-01
	       804	 4.76987e-01	 4.70588e-01	-7.37692e+00	 2.63019e+02	 9.73313e-01
	       805	 4.66667e-01	 2.58065e-01	-7.36113e+00	 2.62786e+02	 9.74178e-01
	       806	 4.54936e-01	 3.47826e-01	-7.36469e+00	 2.64744e+02	 9.66974e-01
	       807	 4.58874e-01	 4.40000e-01	-7.40067e+00	 2.62813e+02	 9.74078e-01
	       808	 4.69565e-01	 4.23077e-01	-7.37413e+00	 2.62467e+02	 9.75359e-01
	       809	 4.82759e-01	 2.08333e-01	-7.38319e+00	 2.61034e+02	 9.80716e-01
	       810	 4.27948e-01	 5.55556e-01	-7.40379e+00	 2.60940e+02	 9.81067e-01
	       811	 4.08333e-01	 4.37500e-01	-7.35515e+00	 2.64969e+02	 9.66151e-01
	       812	 4.29825e-01	 6.42857e-01	-7.29918e+00	 2.69410e+02	 9.50224e-01
	       813	 4.93617e-01	 3.33333e-01	-7.31783e+00	 2.64914e+02	 9.66350e-01
	       814	 5.39823e-01	 5.66667e-01	-7.27147e+00	 2.67238e+02	 9.57946e-01
	       815	 4.95726e-01	 4.09091e-01	-7.27436e+00	 2.67168e+02	 9.58197e-01
	       816	 5.17391e-01	 6.15385e-01	-7.34681e+00	 2.63853e+02	 9.70237e-01
	       817	 5.10730e-01	 5.21739e-01	-7.34762e+00	 2.63678e+02	 9.70881e-01
	       818	 4.43439e-01	 2.85714e-01	-7.38837e+00	 2.60530e+02	 9.82611e-01
	       819	 4.58333e-01	 3.75000e-01	-7.38964e+00	 2.64177e+02	 9.69047e-01
	       820	 5.06667e-01	 3.22581e-01	-7.42144e+00	 2.61147e+02	 9.80290e-01
	       821	 5.37118e-01	 5.18519e-01	-7.36726e+00	 2.63967e+02	 9.69816e-01
	       822	 4.61207e-01	 2.50000e-01	-7.33757e+00	 2.64820e+02	 9.66695e-01
	       823	 5.30435e-01	 6.15385e-01	-7.35203e+00	 2.66291e+02	 9.61353e-01
	       824	 4.69027e-01	 4.33333e-01	-7.34911e+00	 2.66396e+02	 9.60976e-01
	       825	 5.00000e-01	 2.00000e-01	-7.37124e+00	 2.60793e+02	 9.81620e-01
	       826	 4.60526e-01	 3.92857e-01	-7.30102e+00	 2.64834e+02	 9.66642e-01
	       827	 5.34483e-01	 2.50000e-01	-7.26856e+00	 2.65864e+02	 9.62899e-01
	       828	 4.40171e-01	 5.45455e-01	-7.27547e+00	 2.66357e+02	 9.61117e-01
	       829	 4.71366e-01	 3.44828e-01	-7.28244e+00	 2.63854e+02	 9.70233e-01
	       830	 4.86486e-01	 5.88235e-01	-7.25731e+00	 2.65106e+02	 9.65650e-01
	       831	 5.23810e-01	 4.40000e-01	-7.24501e+00	 2.66184e+02	 9.61740e-01
	       832	 4.95690e-01	 5.00000e-01	-7.23463e+00	 2.67659e+02	 9.56440e-01
	       833	 5.28634e-01	 4.13793e-01	-7.23373e+00	 2.65620e+02	 9.63784e-01
	       834	 4.47826e-01	 6.53846e-01	-7.18727e+00	 2.68210e+02	 9.54477e-01
	       835	 4.93506e-01	 5.20000e-01	-7.23686e+00	 2.64514e+02	 9.67813e-01
	       836	 4.74576e-01	 5.50000e-01	-7.26427e+00	 2.65995e+02	 9.62423e-01
	       837	 4.57778e-01	 4.51613e-01	-7.26916e+00	 2.65067e+02	 9.65792e-01
	       838	 4.42478e-01	 4.33333e-01	-7.30453e+00	 2.65314e+02	 9.64895e-01
	       839	 4.80851e-01	 5.23810e-01	-7.25583e+00	 2.67326e+02	 9.57633e-01
	       840	 3.90135e-01	 3.63636e-01	-7.24463e+00	 2.66546e+02	 9.60435e-01
	       841	 4.78448e-01	 4.58333e-01	-7.28789e+00	 2.64533e+02	 9.67744e-01
	       842	 4.49153e-01	 2.50000e-01	-7.29087e+00	 2.67562e+02	 9.56789e-01
	       843	 5.00000e-01	 4.61538e-01	-7.28986e+00	 2.64686e+02	 9.67183e-01
	       844	 4.81013e-01	 4.73684e-01	-7.27858e+00	 2.63303e+02	 9.72262e-01
	       845	 4.27966e-01	 5.50000e-01	-7.24121e+00	 2.69907e+02	 9.48476e-01
	       846	 5.20179e-01	 4.54545e-01	-7.29005e+00	 2.68846e+02	 9.52219e-01
	       847	 4.30380e-01	 4.21053e-01	-7.31586e+00	 2.64560e+02	 9.67645e-01
	       848	 4.82301e-01	 4.33333e-01	-7.32147e+00	 2.62352e+02	 9.75789e-01
	       849	 4.89177e-01	 4.00000e-01	-7.31322e+00	 2.65004e+02	 9.66024e-01
	       850	 5.24444e-01	 4.51613e-01	-7.31548e+00	 2.67239e+02	 9.57945e-01
	       851	 5.22727e-01	 4.72222e-01	-7.36216e+00	 2.66527e+02	 9.60502e-01
	       852	 4.82143e-01	 4.68750e-01	-7.34736e+00	 2.62299e+02	 9.75984e-01
	       853	 5.32468e-01	 4.80000e-01	-7.33241e+00	 2.65891e+02	 9.62801e-01
	       854	 4.77876e-01	 4.00000e-01	-7.28758e+00	 2.64449e+02	 9.68052e-01
	       855	 5.32189e-01	 4.34783e-01	-7.28608e+00	 2.68360e+02	 9.53943e-01
	       856	 5.21930e-01	 3.57143e-01	-7.24387e+00	 2.66831e+02	 9.59410e-01
	       857	 4.97817e-01	 5.55556e-01	-7.25387e+00	 2.65486e+02	 9.64270e-01
	       858	 5.62500e-01	 5.00000e-01	-7.23786e+00	 2.69189e+02	 9.51003e-01
	       859	 4.97835e-01	 4.40000e-01	-7.27317e+00	 2.66102e+02	 9.62035e-01
	       860	 4.64602e-01	 4.00000e-01	-7.26058e+00	 2.63838e+02	 9.70291e-01
	       861	 4.74359e-01	 3.18182e-01	-7.27745e+00	 2.65970e+02	 9.62514e-01
	       862	 5.00000e-01	 3.21429e-01	-7.29992e+00	 2.62494e+02	 9.75261e-01
	       863	 5.06550e-01	 4.44444e-01	-7.27709e+00	 2.66365e+02	 9.61087e-01
	       864	 4.63830e-01	 4.28571e-01	-7.26964e+00	 2.66480e+02	 9.60674e-01
	       865	 4.97872e-01	 2.85714e-01	-7.29125e+00	 2.67451e+02	 9.57185e-01
	       866	 4.78261e-01	 4.61538e-01	-7.31238e+00	 2.63917e+02	 9.70001e-01
	       867	 4.93617e-01	 5.23810e-01	-7.27570e+00	 2.67179e+02	 9.58158e-01
	       868	 4.64912e-01	 5.71429e-01	-7.29855e+00	 2.67488e+02	 9.57051e-01
	       869	 4.19913e-01	 4.40000e-01	-7.30037e+00	 2.63677e+02	 9.70884e-01
	       870	 4.73913e-01	 4.61538e-01	-7.30297e+00	 2.66091e+02	 9.62077e-01
	       871	 4.75771e-01	 3.79310e-01	-7.28868e+00	 2.62952e+02	 9.73561e-01
	       872	 5.02146e-01	 3.91304e-01	-7.29749e+00	 2.65251e+02	 9.65124e-01
	       873	 4.55357e-01	 4.06250e-01	-7.30012e+00	 2.65554e+02	 9.64021e-01
	       874	 4.58150e-01	 4.82759e-01	-7.29471e+00	 2.66090e+02	 9.62079e-01
	       875	 4.67532e-01	 4.00000e-01	-7.30444e+00	 2.63767e+02	 9.70554e-01
	       876	 4.93151e-01	 3.78378e-01	-7.28952e+00	 2.66783e+02	 9.59583e-01
	       877	 5.04274e-01	 5.00000e-01	-7.29441e+00	 2.65275e+02	 9.65037e-01
	       878	 4.57778e-01	 6.12903e-01	-7.31370e+00	 2.64784e+02	 9.66827e-01
	       879	 5.21008e-01	 3.88889e-01	-7.31303e+00	 2.68245e+02	 9.54353e-01
	       880	 4.39130e-01	 6.92308e-01	-7.29644e+00	 2.66744e+02	 9.59722e-01
	       881	 5.10917e-01	 4.07407e-01	-7.32956e+00	 2.66051e+02	 9.62223e-01
	       882	 5.13158e-01	 5.00000e-01	-7.38300e+00	 2.64017e+02	 9.69635e-01
	       883	 4.76190e-01	 3.20000e-01	-7.36056e+00	 2.63847e+02	 9.70259e-01
	       884	 4.44444e-01	 4.09091e-01	-7.34070e+00	 2.61409e+02	 9.79308e-01
	       885	 4.80687e-01	 4.34783e-01	-7.30292e+00	 2.70739e+02	 9.45561e-01
	       886	 4.89627e-01	 6.00000e-01	-7.28379e+00	 2.66780e+02	 9.59593e-01
	       887	 5.10917e-01	 3.70370e-01	-7.30309e+00	 2.63452e+02	 9.71713e-01
	       888	 4.85106e-01	 3.33333e-01	-7.30971e+00	 2.67349e+02	 9.57551e-01
	       889	 4.26087e-01	 3.46154e-01	-7.30703e+00	 2.63956e+02	 9.69859e-01
	       890	 4.63830e-01	 4.76190e-01	-7.33449e+00	 2.63548e+02	 9.71358e-01
	       891	 4.34211e-01	 3.92857e-01	-7.33528e+00	 2.63554e+02	 9.71339e-01
	       892	 5.21552e-01	 2.91667e-01	-7.35121e+00	 2.61825e+02	 9.77753e-01
	       893	 5.13514e-01	 4.70588e-01	-7.38058e+00	 2.63056e+02	 9.73177e-01
	       894	 4.82759e-01	 5.00000e-01	-7.37296e+00	 2.65625e+02	 9.63766e-01
	       895	 5.06550e-01	 4.44444e-01	-7.32224e+00	 2.67278e+02	 9.57805e-01
	       896	 4.87069e-01	 5.00000e-01	-7.32571e+00	 2.66948e+02	 9.58989e-01
	       897	 4.68085e-01	 4.28571e-01	-7.31250e+00	 2.66213e+02	 9.61634e-01
	       898	 4.19913e-01	 4.80000e-01	-7.31210e+00	 2.65788e+02	 9.63174e-01
	       899	 4.23077e-01	 3.18182e-01	-7.28997e+00	 2.69473e+02	 9.50002e-01
	       900	 4.36364e-01	 4.72222e-01	-7.33305e+00	 2.65485e+02	 9.64273e-01
	       901	 5.24017e-01	 4.07407e-01	-7.30366e+00	 2.62755e+02	 9.74292e-01
	       902	 4.70588e-01	 3.33333e-01	-7.30140e+00	 2.65765e+02	 9.63256e-01
	       903	 4.84444e-01	 5.48387e-01	-7.32134e+00	 2.62955e+02	 9.73550e-01
	       904	 4.93392e-01	 2.75862e-01	-7.30179e+00	 2.66845e+02	 9.59358e-01
	       905	 3.80952e-01	 4.00000e-01	-7.35367e+00	 2.64460e+02	 9.68009e-01
	       906	 4.18803e-01	 3.63636e-01	-7.30970e+00	 2.65284e+02	 9.65003e-01
	       907	 5.02128e-01	 4.28571e-01	-7.28667e+00	 2.66058e+02	 9.62197e-01
	       908	 4.91453e-01	 4.09091e-01	-7.26726e+00	 2.68103e+02	 9.54858e-01
	       909	 5.63877e-01	 3.10345e-01	-7.26508e+00	 2.65524e+02	 9.64131e-01
	       910	 5.04386e-01	 5.35714e-01	-7.24305e+00	 2.69968e+02	 9.48260e-01
	       911	 4.69565e-01	 5.00000e-01	-7.30341e+00	 2.63197e+02	 9.72657e-01
	       912	 5.19313e-01	 5.21739e-01	-7.32830e+00	 2.63012e+02	 9.73341e-01
	       913	 4.91379e-01	 4.58333e-01	-7.32643e+00	 2.63150e+02	 9.72831e-01
	       914	 4.82609e-01	 3.84615e-01	-7.39481e+00	 2.64016e+02	 9.69638e-01
	       915	 5.19313e-01	 1.73913e-01	-7.38930e+00	 2.63051e+02	 9.73194e-01
	       916	 4.78261e-01	 5.38462e-01	-7.35430e+00	 2.66374e+02	 9.61054e-01
	       917	 4.80687e-01	 6.08696e-01	-7.34527e+00	 2.64612e+02	 9.67456e-01
	       918	 5.48246e-01	 5.00000e-01	-7.32973e+00	 2.62197e+02	 9.76367e-01
	       919	 4.78070e-01	 4.64286e-01	-7.34763e+00	 2.60564e+02	 9.82486e-01
	       920	 4.60251e-01	 6.47059e-01	-7.31912e+00	 2.67492e+02	 9.57038e-01
	       921	 5.06608e-01	 6.55172e-01	-7.28895e+00	 2.62406e+02	 9.75587e-01
	       922	 4.91597e-01	 5.00000e-01	-7.28795e+00	 2.66368e+02	 9.61078e-01
	       923	 4.36937e-01	 3.23529e-01	-7.29299e+00	 2.66614e+02	 9.60191e-01
	       924	 4.67532e-01	 4.40000e-01	-7.26579e+00	 2.68251e+02	 9.54328e-01
	       925	 5.57018e-01	 4.64286e-01	-7.30262e+00	 2.64928e+02	 9.66302e-01
	       926	 5.43860e-01	 3.57143e-01	-7.28785e+00	 2.66594e+02	 9.60261e-01
	       927	 4.75983e-01	 5.18519e-01	-7.26369e+00	 2.66480e+02	 9.60674e-01
	       928	 4.75983e-01	 4.07407e-01	-7.29030e+00	 2.69365e+02	 9.50383e-01
	       929	 4.08889e-01	 3.54839e-01	-7.36704e+00	 2.64939e+02	 9.66261e-01
	       930	 4.63519e-01	 1.73913e-01	-7.39489e+00	 2.65987e+02	 9.62453e-01
	       931	 4.47964e-01	 5.42857e-01	-7.38532e+00	 2.65611e+02	 9.63816e-01
	       932	 5.15695e-01	 3.93939e-01	-7.38309e+00	 2.65312e+02	 9.64903e-01
	       933	 5.08772e-01	 3.57143e-01	-7.33459e+00	 2.67087e+02	 9.58490e-01
	       934	 4.95690e-01	 5.00000e-01	-7.31202e+00	 2.64986e+02	 9.66087e-01
	       935	 4.54148e-01	 1.85185e-01	-7.28445e+00	 2.64865e+02	 9.66529e-01
	       936	 4.91379e-01	 5.00000e-01	-7.32332e+00	 2.65439e+02	 9.64441e-01
	       937	 5.04274e-01	 4.09091e-01	-7.30130e+00	 2.64944e+02	 9.66241e-01
	       938	 4.68750e-01	 3.75000e-01	-7.30138e+00	 2.67055e+02	 9.58604e-01
	       939	 4.57265e-01	 3.63636e-01	-7.24172e+00	 2.68840e+02	 9.52238e-01
	       940	 4.78070e-01	 2.14286e-01	-7.26064e+00	 2.65559e+02	 9.64004e-01
	       941	 4.59227e-01	 5.21739e-01	-7.23302e+00	 2.70597e+02	 9.46055e-01
	       942	 5.42601e-01	 4.84848e-01	-7.21894e+00	 2.66182e+02	 9.61748e-01
	       943	 4.39130e-01	 3.84615e-01	-7.22183e+00	 2.68740e+02	 9.52593e-01
	       944	 4.89270e-01	 5.21739e-01	-7.28138e+00	 2.60910e+02	 9.81181e-01
	       945	 5.37445e-01	 5.51724e-01	-7.22509e+00	 2.67423e+02	 9.57285e-01
	       946	 4.42478e-01	 5.00000e-01	-7.22390e+00	 2.67474e+02	 9.57103e-01
	       947	 5.06550e-01	 3.70370e-01	-7.20088e+00	 2.64651e+02	 9.67313e-01
	       948	 4.93333e-01	 4.51613e-01	-7.20260e+00	 2.67547e+02	 9.56842e-01
	       949	 4.76190e-01	 4.00000e-01	-7.23350e+00	 2.67182e+02	 9.58150e-01
	       950	 5.06494e-01	 4.00000e-01	-7.21091e+00	 2.68147e+02	 9.54699e-01
	       951	 4.65217e-01	 2.30769e-01	-7.19894e+00	 2.69175e+02	 9.51056e-01
	       952	 4.68880e-01	 5.33333e-01	-7.25958e+00	 2.63989e+02	 9.69736e-01
	       953	 4.69565e-01	 3.84615e-01	-7.27123e+00	 2.68393e+02	 9.53826e-01
	       954	 4.89451e-01	 6.31579e-01	-7.30967e+00	 2.67818e+02	 9.55872e-01
	       955	 4.76190e-01	 5.60000e-01	-7.29858e+00	 2.66134e+02	 9.61923e-01
	       956	 4.38596e-01	 3.57143e-01	-7.30963e+00	 2.60943e+02	 9.81056e-01
	       957	 4.48430e-01	 3.33333e-01	-7.31878e+00	 2.62584e+02	 9.74926e-01
	       958	 5.00000e-01	 2.14286e-01	-7.31046e+00	 2.62828e+02	 9.74019e-01
	       959	 4.17778e-01	 5.16129e-01	-7.28654e+00	 2.64938e+02	 9.66262e-01
	       960	 5.04348e-01	 3.84615e-01	-7.31944e+00	 2.65315e+02	 9.64889e-01
	       961	 4.23237e-01	 3.33333e-01	-7.30633e+00	 2.65452e+02	 9.64393e-01
	       962	 5.08403e-01	 5.55556e-01	-7.31013e+00	 2.65799e+02	 9.63135e-01
	       963	 4.95536e-01	 4.68750e-01	-7.31850e+00	 2.62181e+02	 9.76426e-01
	       964	 5.00000e-01	 3.88889e-01	-7.27066e+00	 2.68325e+02	 9.54065e-01
	       965	 4.66063e-01	 4.28571e-01	-7.28391e+00	 2.62011e+02	 9.77059e-01
	       966	 4.58150e-01	 5.17241e-01	-7.26255e+00	 2.67082e+02	 9.58505e-01
	       967	 4.29825e-01	 5.71429e-01	-7.24082e+00	 2.61744e+02	 9.78054e-01
	       968	 5.04274e-01	 4.54545e-01	-7.21919e+00	 2.67676e+02	 9.56379e-01
	       969	 4.20168e-01	 5.00000e-01	-7.22525e+00	 2.64126e+02	 9.69233e-01
	       970	 5.28889e-01	 4.83871e-01	-7.23553e+00	 2.64969e+02	 9.66151e-01
	       971	 5.12712e-01	 5.50000e-01	-7.26074e+00	 2.66883e+02	 9.59223e-01
	       972	 4.39130e-01	 4.61538e-01	-7.25028e+00	 2.62528e+02	 9.75134e-01
	       973	 4.11255e-01	 3.60000e-01	-7.21874e+00	 2.68451e+02	 9.53620e-01
	       974	 5.04348e-01	 4.23077e-01	-7.22132e+00	 2.66328e+02	 9.61220e-01
	       975	 4.28571e-01	 3.60000e-01	-7.25468e+00	 2.67356e+02	 9.57525e-01
	       976	 4.63519e-01	 3.47826e-01	-7.30132e+00	 2.63783e+02	 9.70496e-01
	       977	 4.62882e-01	 1.48148e-01	-7.28616e+00	 2.64653e+02	 9.67303e-01
	       978	 4.97797e-01	 4.82759e-01	-7.30029e+00	 2.62587e+02	 9.74917e-01
	       979	 4.63964e-01	 3.23529e-01	-7.33174e+00	 2.60490e+02	 9.82763e-01
	       980	 4.77876e-01	 4.66667e-01	-7.28995e+00	 2.63273e+02	 9.72376e-01
	       981	 5.04386e-01	 5.35714e-01	-7.29910e+00	 2.67611e+02	 9.56613e-01
	       982	 4.65812e-01	 6.36364e-01	-7.27791e+00	 2.67951e+02	 9.55399e-01
	       983	 4.50216e-01	 4.80000e-01	-7.28787e+00	 2.67360e+02	 9.57510e-01
	       984	 5.17391e-01	 3.07692e-01	-7.29613e+00	 2.66169e+02	 9.61795e-01
	       985	 4.05983e-01	 4.54545e-01	-7.32141e+00	 2.63661e+02	 9.70944e-01
	       986	 4.59574e-01	 1.90476e-01	-7.35654e+00	 2.61967e+02	 9.77224e-01
	       987	 5.30172e-01	 4.16667e-01	-7.37708e+00	 2.60783e+02	 9.81658e-01
	       988	 5.45064e-01	 3.91304e-01	-7.37546e+00	 2.61735e+02	 9.78089e-01
	       989	 4.84163e-01	 4.85714e-01	-7.39754e+00	 2.60986e+02	 9.80895e-01
	       990	 5.19481e-01	 4.40000e-01	-7.40728e+00	 2.62620e+02	 9.74792e-01
	       991	 5.17241e-01	 2.91667e-01	-7.34126e+00	 2.63624e+02	 9.71080e-01
	       992	 4.65812e-01	 5.00000e-01	-7.36211e+00	 2.64015e+02	 9.69643e-01
	       993	 4.65812e-01	 3.63636e-01	-7.34478e+00	 2.65379e+02	 9.64660e-01
	       994	 4.89083e-01	 3.33333e-01	-7.35945e+00	 2.66141e+02	 9.61896e-01
	       995	 5.41126e-01	 6.00000e-01	-7.34504e+00	 2.65490e+02	 9.64255e-01
	       996	 4.66368e-01	 3.03030e-01	-7.34957e+00	 2.62332e+02	 9.75862e-01
	       997	 4.52991e-01	 3.63636e-01	-7.29159e+00	 2.68030e+02	 9.55116e-01
	       998	 4.88789e-01	 3.93939e-01	-7.30080e+00	 2.64038e+02	 9.69559e-01
	       999	 4.67249e-01	 3.70370e-01	-7.30408e+00	 2.64317e+02	 9.68534e-01
	      1000	 4.09692e-01	 4.48276e-01	-7.32649e+00	 2.62693e+02	 9.74521e-01
